REGIAO:;CO
UF:;DF
ESTACAO:;AGUAS EMENDADAS
CODIGO (WMO):;A045
LATITUDE:;-15,59638888
LONGITUDE:;-47,62583332
ALTITUDE:;1030,36
DATA DE FUNDACAO:;03/10/08
Data;Hora UTC;PRECIPITAÇÃO TOTAL, HORÁRIO (mm);PRESSAO ATMOSFERICA AO NIVEL DA ESTACAO, HORARIA (mB);PRESSÃO ATMOSFERICA MAX.NA HORA ANT. (AUT) (mB);PRESSÃO ATMOSFERICA MIN. NA HORA ANT. (AUT) (mB);RADIACAO GLOBAL (Kj/m²);TEMPERATURA DO AR - BULBO SECO, HORARIA (°C);TEMPERATURA DO PONTO DE ORVALHO (°C);TEMPERATURA MÁXIMA NA HORA ANT. (AUT) (°C);TEMPERATURA MÍNIMA NA HORA ANT. (AUT) (°C);TEMPERATURA ORVALHO MAX. NA HORA ANT. (AUT) (°C);TEMPERATURA ORVALHO MIN. NA HORA ANT. (AUT) (°C);UMIDADE REL. MAX. NA HORA ANT. (AUT) (%);UMIDADE REL. MIN. NA HORA ANT. (AUT) (%);UMIDADE RELATIVA DO AR, HORARIA (%);VENTO, DIREÇÃO HORARIA (gr) (° (gr));VENTO, RAJADA MAXIMA (m/s);VENTO, VELOCIDADE HORARIA (m/s);
2026/01/01;0000 UTC;0;900,8;900,8;900,4;;17,9;16,6;18,8;17,9;17,5;16,6;93;92;92;38;2,3;,9;
2026/01/01;0100 UTC;0;901,1;901,2;900,8;;17,7;16,3;17,9;17,5;16,7;16,2;93;92;92;42;2,9;1,4;
2026/01/01;0200 UTC;,2;901,1;901,2;901;;16,9;15,9;17,7;16,7;16,3;15,5;93;92;93;34;2,8;1,8;
2026/01/01;0300 UTC;0;900,6;901,1;900,6;;16,4;15,4;17;16,4;15,9;15,3;94;93;94;50;2,8;,9;
2026/01/01;0400 UTC;0;899,9;900,6;899,9;;15,7;14,7;16,4;15,7;15,4;14,7;94;93;94;60;1,8;1;
2026/01/01;0500 UTC;0;899,5;899,9;899,5;;15,3;14,3;15,8;15,2;14,9;14,2;94;94;94;89;1,9;,9;
2026/01/01;0600 UTC;0;899,7;899,7;899,4;;15,3;14,4;15,6;15,2;14,7;14,3;94;94;94;116;2;1;
2026/01/01;0700 UTC;0;899,3;899,7;899,3;;14,7;13,7;15,3;14,7;14,4;13,7;94;94;94;43;2,1;,9;
2026/01/01;0800 UTC;0;899,4;899,4;899,2;;14,4;13,5;14,7;14,3;13,8;13,4;95;94;94;69;2;1;
2026/01/01;0900 UTC;0;900;900;899,4;10,6;14,4;13,6;14,4;14,2;13,6;13,3;95;94;95;101;1,7;,9;
2026/01/01;1000 UTC;0;900,3;900,3;900;377,3;18,8;17,4;18,8;14,4;17,4;13,6;95;91;91;87;2,7;,6;
2026/01/01;1100 UTC;0;900,8;900,8;900,3;1325,8;22,9;18,3;22,9;18,8;18,4;17,2;91;75;75;183;3,6;1,3;
2026/01/01;1200 UTC;0;901;901,1;900,8;2196,1;26,5;15,8;26,6;22,8;18,1;15,7;75;51;52;315;2,7;,8;
2026/01/01;1300 UTC;0;901;901,1;900,9;2937,7;28,2;16;28,8;26,4;16,8;14,5;54;44;48;69;2,6;,7;
2026/01/01;1400 UTC;0;900,6;901;900,6;3501,9;30,6;15,5;30,6;28,1;17;14,4;50;38;40;209;3,3;,9;
2026/01/01;1500 UTC;0;899,9;900,6;899,9;3703,5;30,2;16;31,5;29,8;16,9;14,4;44;36;43;314;4;1,3;
2026/01/01;1600 UTC;0;899,2;899,9;899,2;3884;31,7;13,2;32,5;30,1;16,8;12,4;44;31;32;304;6,5;2,1;
2026/01/01;1700 UTC;0;898,2;899,2;898,2;3762,8;31,9;12,6;32,5;30,8;14,5;10,5;36;28;31;343;6,5;1,5;
2026/01/01;1800 UTC;0;897;898,2;897;3482,2;33;14;33,5;31,2;14,4;10,4;33;27;32;246;6,1;2,5;
2026/01/01;1900 UTC;0;896,1;897;896,1;2876,3;31,8;14,4;33,2;31,4;16,2;13;39;30;35;302;6,1;2,4;
2026/01/01;2000 UTC;0;896,2;896,2;896;1795,7;32;16,5;32;30,9;16,5;13,7;40;33;40;262;5,2;2;
2026/01/01;2100 UTC;0;896,6;896,6;896,2;785,7;28,5;16;32,1;28,5;16,8;15,2;47;37;47;284;5,8;1,6;
2026/01/01;2200 UTC;0;897,4;897,4;896,6;28;26,6;18,7;28,5;26,6;18,8;16,2;62;47;62;139;3,7;1;
2026/01/01;2300 UTC;0;897,9;897,9;897,4;;23,5;19,2;26,6;23,5;19,6;18,2;77;62;77;106;2,6;,9;
2026/01/02;0000 UTC;0;898,9;898,9;897,9;;21,9;18,4;23,5;21,9;19,2;18,3;81;76;80;56;2,1;1;
2026/01/02;0100 UTC;0;899,2;899,3;898,8;;20,9;18;22,3;20,9;18,4;17,8;84;78;84;40;2,2;,8;
2026/01/02;0200 UTC;0;899,7;899,8;899,2;;20,3;17,8;20,9;20,1;17,9;17,5;86;83;86;62;2;1,3;
2026/01/02;0300 UTC;0;899,1;899,7;899,1;;19,9;17,5;20,5;19,9;17,9;17,5;87;85;87;55;2;1;
2026/01/02;0400 UTC;0;898,4;899,1;898,4;;19,1;17,2;20,1;19;17,7;17;89;86;89;115;1,8;1;
2026/01/02;0500 UTC;0;897,8;898,4;897,8;;19,2;17,3;19,2;19;17,4;17,2;90;89;89;67;1,7;,6;
2026/01/02;0600 UTC;0;897,4;898;897,4;;18,7;16,9;19,2;18,7;17,4;16,9;90;89;90;58;1,8;,7;
2026/01/02;0700 UTC;0;897,1;897,4;897,1;;18,1;16,7;18,7;18,1;17,1;16,6;92;90;91;40;1,6;,4;
2026/01/02;0800 UTC;0;897,4;897,4;897,1;;17,5;16,2;18,1;17,4;16,7;16,1;92;91;92;79;1,3;,6;
2026/01/02;0900 UTC;0;897,8;897,8;897,3;4,1;17,3;16,1;17,5;17,2;16,2;15,9;93;92;93;79;1,6;,4;
2026/01/02;1000 UTC;0;898,5;898,5;897,8;367,8;20,7;18,4;20,7;17,2;18,4;16;93;87;87;50;1,7;,8;
2026/01/02;1100 UTC;0;898,8;898,8;898,5;1059,9;24,1;18,5;24,1;20,7;19,1;18,4;87;71;71;16;1,9;,9;
2026/01/02;1200 UTC;0;899,2;899,2;898,8;1938,9;26,5;18,8;27;24,1;19,5;18,4;72;61;63;292;3,7;1,5;
2026/01/02;1300 UTC;0;899,3;899,5;899,1;2395,5;27,7;19,2;28;26,3;20,3;18,5;66;57;60;324;5;2,3;
2026/01/02;1400 UTC;0;899,6;899,7;899;1835,1;21,5;15,4;28,8;21,5;19,9;15,4;69;55;69;169;13,8;6,2;
2026/01/02;1500 UTC;,2;898,6;899,6;898,6;769,6;21,5;17,9;22,4;20,6;18,2;15,7;82;69;80;283;12;1,7;
2026/01/02;1600 UTC;,2;897,3;898,6;897,3;2226,2;26,2;18,7;26,5;21,5;20,4;17,6;82;61;64;253;5,4;2,3;
2026/01/02;1700 UTC;0;896,4;897,3;896,4;1795,1;27,4;20,4;27,4;26;20,4;18,8;67;62;66;192;5;2;
2026/01/02;1800 UTC;0;894,9;896,4;894,9;3165,3;29,1;18,2;29,7;27,1;20,1;18,2;65;51;52;212;4,3;2;
2026/01/02;1900 UTC;0;894,2;894,9;894,2;1244,3;27,8;17,3;29,9;27,7;19,6;16,8;60;48;53;291;4,6;,8;
2026/01/02;2000 UTC;0;893,9;894,2;893,6;906;26,9;19;28,5;26,9;19;17,7;62;53;62;336;3,7;1,7;
2026/01/02;2100 UTC;0;894,6;894,6;893,9;658,9;26,3;19,1;27,1;26,3;19,7;18,8;66;61;64;338;5,3;1,8;
2026/01/02;2200 UTC;0;894,9;894,9;894,6;90,9;23,4;19,2;26,3;23,4;19,6;19;78;64;77;13;4,2;,8;
2026/01/02;2300 UTC;0;896,2;896,2;894,9;;21,9;18,7;23,4;21,9;19,3;18,7;82;77;82;295;2,1;1;
2026/01/03;0000 UTC;0;897,1;897,1;896,1;;20,8;18,6;21,9;20,7;19,1;18,5;88;82;88;42;2;1,1;
2026/01/03;0100 UTC;0;897,9;897,9;897,1;;20,6;18,8;21,2;20,5;19,3;18,4;89;87;89;10;3,4;,6;
2026/01/03;0200 UTC;0;898,3;898,5;897,9;;21,2;19;21,3;20,3;19,2;18,5;91;87;87;323;5,4;2;
2026/01/03;0300 UTC;0;898,1;898,5;898,1;;20,5;18,7;21,2;20,5;19;18,7;90;87;89;305;5,4;1,9;
2026/01/03;0400 UTC;0;897,7;898,1;897,7;;20,1;18,5;20,5;20,1;18,7;18,5;91;89;90;314;5,4;2,1;
2026/01/03;0500 UTC;0;897;897,7;896,9;;18,9;17,4;20,1;18,9;18,4;17,4;91;89;91;35;4,9;,9;
2026/01/03;0600 UTC;0;897,2;897,3;897;;19;17,3;19;18,5;17,4;17;91;90;90;284;2,8;,8;
2026/01/03;0700 UTC;0;897,4;897,4;896,9;;19,6;18;19,6;19;18;17,3;90;89;90;298;2,7;1;
2026/01/03;0800 UTC;0;897,8;897,9;897,4;;19,5;18,1;19,7;19,5;18,2;17,9;92;90;92;308;3;1,2;
2026/01/03;0900 UTC;0;897,6;897,8;897,6;1;19,7;18,7;19,7;19,5;18,7;18,2;94;92;94;293;3,8;1,4;
2026/01/03;1000 UTC;0;897,8;897,8;897,6;138,8;20,4;19,4;20,4;19,7;19,4;18,7;94;94;94;302;4,5;1,7;
2026/01/03;1100 UTC;0;898,5;898,5;897,8;409,5;21,3;19,3;21,3;20,4;19,7;19,2;94;88;88;313;6,3;2,9;
2026/01/03;1200 UTC;0;899,2;899,2;898,5;603,5;22,2;19,3;22,3;21,3;19,7;19,1;88;84;84;291;6,2;2,1;
2026/01/03;1300 UTC;0;899,2;899,3;899,1;1533,9;24,1;19,4;24,4;22,1;20,1;19;85;74;75;308;9;3,1;
2026/01/03;1400 UTC;0;898,9;899,3;898,9;2006,7;25,2;19,6;25,2;23,4;19,6;18,8;78;71;71;303;9;2,5;
2026/01/03;1500 UTC;0;898,3;898,9;898,3;2343,9;25,3;18,7;26;25,1;19,8;18,1;71;64;67;296;7,8;2,8;
2026/01/03;1600 UTC;0;897,9;898,3;897,9;1445,2;25,2;19,3;26,2;25;19,4;17,8;70;63;70;290;6,5;2;
2026/01/03;1700 UTC;0;896,8;897,9;896,8;2271,9;26,9;19,3;26,9;25,1;19,7;18,2;71;60;63;309;6,7;3,2;
2026/01/03;1800 UTC;0;895,5;896,8;895,5;3077,5;28,5;17,2;29,3;26,8;19,8;17,1;63;49;50;306;7,1;2,9;
2026/01/03;1900 UTC;0;894,8;895,5;894,8;2486,1;27,7;17;29,2;27,7;18,6;16,8;54;48;52;313;7,1;2,8;
2026/01/03;2000 UTC;0;894,9;894,9;894,7;1834,4;28,2;18;28,8;27,4;18,4;16,6;55;49;54;302;6,9;2,7;
2026/01/03;2100 UTC;0;895,6;895,6;894,6;414,7;24,4;18,1;28,2;24,4;18,6;17,5;68;53;68;278;10;3,4;
2026/01/03;2200 UTC;0;896,9;896,9;895,6;21,2;21,2;19,5;24,4;21,1;19,5;18,1;90;68;90;340;10;1,6;
2026/01/03;2300 UTC;0;897,4;897,4;896,9;;21,4;19,8;21,4;21,1;19,8;19,4;91;90;91;269;3,3;,6;
2026/01/04;0000 UTC;,8;898,3;898,3;897,4;;21;19,6;21,4;21;19,8;19,6;92;90;92;12;1,6;,6;
2026/01/04;0100 UTC;1,2;898,8;898,8;898,3;;20,8;19,6;21;20,8;19,8;19,6;93;92;93;40;1,3;,8;
2026/01/04;0200 UTC;,2;899,1;899,1;898,7;;20,3;19,3;20,8;20,2;19,6;19,2;94;93;94;78;1,7;,7;
2026/01/04;0300 UTC;,4;898,7;899,1;898,6;;20,3;19,2;20,6;20,3;19,6;19,2;94;94;94;23;1,9;,9;
2026/01/04;0400 UTC;3;898,4;898,8;898,4;;19,8;18,9;20,3;19,8;19,2;18,8;94;94;94;54;1,9;,4;
2026/01/04;0500 UTC;,2;897,6;898,4;897,6;;19,8;18,9;19,9;19,8;19;18,9;94;94;94;26;1,2;,7;
2026/01/04;0600 UTC;,6;897,2;897,6;897,2;;19,7;18,8;19,9;19,7;18,9;18,8;95;94;95;20;3,4;1,7;
2026/01/04;0700 UTC;1,4;897;897,2;896,9;;19,1;18,2;19,7;19,1;18,8;18,2;95;94;94;341;6,5;3,2;
2026/01/04;0800 UTC;,8;897,3;897,3;897;;18,9;18;19,2;18,9;18,2;18;95;94;95;338;6,4;2,5;
2026/01/04;0900 UTC;0;897,7;897,7;897,3;2,8;18,9;18;18,9;18,9;18,1;18;95;95;95;340;5,6;1,7;
2026/01/04;1000 UTC;0;898;898;897,7;162,6;19,4;18,5;19,4;18,9;18,5;18;95;95;95;338;4,1;1,9;
2026/01/04;1100 UTC;0;898,5;898,5;898;425,2;19,6;18,5;19,6;19,3;18,6;18,3;95;93;93;349;6,1;2,2;
2026/01/04;1200 UTC;0;898,9;898,9;898,5;931,3;20,7;18,6;20,8;19,6;19;18,3;93;87;87;324;6,9;2,9;
2026/01/04;1300 UTC;0;899;899,1;898,9;1116,3;21,3;19;21,3;20,6;19,2;18,1;89;85;87;332;8,1;2,6;
2026/01/04;1400 UTC;0;899,2;899,2;898,8;1241,3;21;18,9;22,3;20,9;19,3;18,2;88;79;88;300;8,6;2,5;
2026/01/04;1500 UTC;,6;899,3;899,3;899,1;1346,2;21,5;19,5;23,1;20,9;20,2;18,8;90;79;89;305;7,9;2,2;
2026/01/04;1600 UTC;1;898,9;899,3;898,9;1633,4;21,2;19,5;22,6;21;20,4;18,9;91;84;90;299;7,1;2,4;
2026/01/04;1700 UTC;0;897,7;898,9;897,7;2059,3;24,2;19;24,3;21,2;20,5;18,2;91;69;73;323;8,7;3,6;
2026/01/04;1800 UTC;,2;897,1;897,7;897,1;1277,4;22,7;18,9;24,6;20,7;19,5;17,8;87;68;80;338;9,3;2,6;
2026/01/04;1900 UTC;0;897,1;897,1;896,9;977,2;21,6;18,4;23,7;21,6;19,7;18,4;83;73;82;295;10,3;3,6;
2026/01/04;2000 UTC;5;897,1;897,3;897,1;451,1;20,7;19,5;21,6;19,9;19,6;18,1;93;82;93;300;10,3;1,4;
2026/01/04;2100 UTC;0;897,5;897,5;897;409,8;20,9;19;21,1;20,7;19,8;19;93;89;89;282;5,8;1,7;
2026/01/04;2200 UTC;0;898,2;898,2;897,5;72,4;20;18,4;20,9;20;19;18,4;91;88;91;282;5,6;1,2;
2026/01/04;2300 UTC;0;898,5;898,5;898,2;;19,4;18,2;20;19,4;18,4;18,2;93;91;93;325;2,5;,9;
2026/01/05;0000 UTC;0;899;899;898,5;;19,1;18;19,4;19,1;18,3;18;94;93;93;33;1,9;,6;
2026/01/05;0100 UTC;0;899,7;899,7;899;;19,1;18,1;19,1;19;18,2;18;94;93;94;350;1,8;,8;
2026/01/05;0200 UTC;0;900,1;900,1;899,7;;19,1;18,2;19,3;19,1;18,3;18,1;94;94;94;302;1,7;,5;
2026/01/05;0300 UTC;0;899,7;900,1;899,7;;19;18,1;19,2;19;18,2;18;94;94;94;346;1,4;,7;
2026/01/05;0400 UTC;0;899;899,7;899;;18,9;18;19,1;18,9;18,2;18;95;94;95;27;2;,8;
2026/01/05;0500 UTC;,2;898,3;899;898,3;;18,9;18;18,9;18,8;18,1;17,9;95;95;95;31;2,3;1,2;
2026/01/05;0600 UTC;0;897,9;898,3;897,9;;18,9;18,1;19;18,9;18,1;18;95;95;95;21;2,2;,7;
2026/01/05;0700 UTC;0;897,4;897,9;897,4;;18,7;17,9;18,9;18,7;18,1;17,9;95;95;95;27;2,4;,9;
2026/01/05;0800 UTC;0;897,8;897,8;897,4;;18,7;17,8;19;18,7;18,1;17,8;95;95;95;349;2,9;,5;
2026/01/05;0900 UTC;0;898,3;898,3;897,8;3;18,6;17,7;18,7;18,6;17,8;17,7;95;95;95;152;1;,3;
2026/01/05;1000 UTC;0;899,2;899,2;898,3;151;19,4;18,5;19,4;18,6;18,5;17,7;95;95;95;3;1,1;,5;
2026/01/05;1100 UTC;0;899,7;899,7;899,2;409,2;20,2;19,1;20,3;19,4;19,2;18,6;95;93;93;335;2,7;1,3;
2026/01/05;1200 UTC;0;900;900;899,7;559,4;21;18,7;21;20,2;19,3;18,5;93;86;87;357;4,3;1,9;
2026/01/05;1300 UTC;0;900,2;900,3;900;1220,1;22,2;18,6;22,4;21;19;18;87;78;80;337;6;2,7;
2026/01/05;1400 UTC;0;899,9;900,3;899,9;1146,2;22,8;18,1;22,9;22;18,6;17,9;79;75;75;344;6,4;2,9;
2026/01/05;1500 UTC;0;899,1;899,9;899,1;1793,1;24,6;18;24,8;22,6;19,2;17,8;78;66;66;338;6;3;
2026/01/05;1600 UTC;0;898,6;899,1;898,6;2271,6;25,1;17,9;25,3;24,2;18,9;17,2;71;63;64;343;7,6;3,4;
2026/01/05;1700 UTC;0;898,1;898,6;898;1406,9;21,4;18,2;25,5;21,4;19,2;17,4;82;64;82;25;9,3;4,5;
2026/01/05;1800 UTC;11,6;897,8;898,2;897,8;324;19,2;18,1;21,4;19,1;18,8;17,6;94;82;93;360;9,3;4,1;
2026/01/05;1900 UTC;,6;897,3;897,8;897,3;811;20,5;18,8;20,6;19,2;19,2;18,2;94;90;90;322;8,4;2,9;
2026/01/05;2000 UTC;0;897,1;897,3;897,1;860,4;20,7;18,4;21,4;20,5;19,4;18,4;91;85;87;323;6,7;2;
2026/01/05;2100 UTC;0;897,5;897,5;897,1;262,8;19,7;18,1;20,7;19,7;18,6;18,1;91;87;91;282;5,9;2,6;
2026/01/05;2200 UTC;0;898,1;898,1;897,5;54,4;19,1;17,9;19,7;19;18,1;17,7;93;90;93;301;5;1,8;
2026/01/05;2300 UTC;0;898,7;898,7;898,1;;19,1;18,1;19,1;19;18,1;17,9;94;93;94;303;4,9;2;
2026/01/06;0000 UTC;0;899,5;899,5;898,7;;19,1;18,1;19,1;19,1;18,1;18;94;94;94;315;4,9;1,9;
2026/01/06;0100 UTC;0;900,3;900,3;899,5;;19;17,9;19,1;19;18,1;17,9;94;94;94;331;4,1;1,4;
2026/01/06;0200 UTC;0;900,4;900,5;900,3;;18,8;17,8;18,9;18,8;17,9;17,8;94;94;94;346;3,9;1,1;
2026/01/06;0300 UTC;0;899,9;900,4;899,9;;18,6;17,7;18,9;18,6;17,9;17,7;94;94;94;342;2,7;,7;
2026/01/06;0400 UTC;0;899,3;899,9;899,3;;18,7;17,8;18,7;18,6;17,8;17,7;94;94;94;332;1,6;,6;
2026/01/06;0500 UTC;,2;898,6;899,3;898,6;;18,7;17,9;18,8;18,6;17,9;17,8;95;94;95;356;2;,7;
2026/01/06;0600 UTC;0;898,4;898,6;898,3;;18,6;17,7;18,7;18,5;17,8;17,7;95;95;95;18;1,8;,4;
2026/01/06;0700 UTC;0;898,6;898,6;898,4;;18,7;17,9;18,8;18,6;17,9;17,7;95;95;95;9;2,3;1,2;
2026/01/06;0800 UTC;0;898,7;898,7;898,6;;18,8;18;18,8;18,7;18;17,9;95;95;95;10;3,4;1,8;
2026/01/06;0900 UTC;,8;899,4;899,4;898,7;;17,5;16,6;18,9;17,5;18;16,6;95;94;94;309;9,7;1,5;
2026/01/06;1000 UTC;6,8;899,8;899,8;899,4;79,7;17,7;16,9;17,7;17,4;16,9;16,6;95;94;95;328;3,1;1,2;
2026/01/06;1100 UTC;,4;900,3;900,3;899,8;346,5;18,7;17,9;18,7;17,7;17,9;16,9;95;95;95;336;3,2;1,2;
2026/01/06;1200 UTC;,2;900,9;900,9;900,3;668,5;19,7;18,6;19,8;18,7;18,8;17,9;95;93;93;353;4,9;2,1;
2026/01/06;1300 UTC;0;901,1;901,1;900,9;1110,8;21;19;21;19,7;19,2;18,5;93;88;88;342;6,1;2;
2026/01/06;1400 UTC;5,6;901,1;901,1;900,9;998,2;19;17,7;21,4;19;19,2;17,7;93;85;92;360;7,7;2,8;
2026/01/06;1500 UTC;4,4;900,8;901,1;900,8;617,1;19,5;18,1;19,6;18,8;18,4;17,6;94;91;91;351;8,9;3,4;
2026/01/06;1600 UTC;2,8;900,6;900,9;900,6;873,1;19,4;18;19,6;19;18,4;17,6;93;91;91;335;8,3;3,6;
2026/01/06;1700 UTC;1,8;900,3;900,6;900,3;1352,8;19,9;18,5;20,6;19,4;19,3;17,8;93;88;92;326;7,3;1,9;
2026/01/06;1800 UTC;2;899,8;900,4;899,8;750,5;19,1;17,7;20;19;18,5;17,5;92;90;92;328;7;1,9;
2026/01/06;1900 UTC;,6;898,5;899,8;898,5;666,4;19,4;18,1;19,6;19;18,4;17,6;93;91;92;13;5,7;2,6;
2026/01/06;2000 UTC;,4;898,2;898,5;897,6;436,8;19,5;18,1;19,6;19,2;18,1;17,9;93;91;92;312;6,5;1,5;
2026/01/06;2100 UTC;1;898,9;898,9;898,2;108,2;19,2;18,1;19,6;19,2;18,3;18,1;93;92;93;264;3,6;,7;
2026/01/06;2200 UTC;1;899,7;899,7;898,9;15,1;18,8;17,8;19,2;18,8;18,1;17,8;94;93;94;81;2,5;,6;
2026/01/06;2300 UTC;,2;900,3;900,4;899,7;;18,6;17,7;18,8;18,6;17,8;17,6;94;94;94;66;1,9;,9;
2026/01/07;0000 UTC;0;900,8;900,8;900,3;;18,8;17,9;18,8;18,6;17,9;17,7;95;94;94;69;2,6;1,1;
2026/01/07;0100 UTC;0;901,7;901,7;900,8;;18,9;17,9;19;18,8;18;17,8;94;94;94;81;3,6;1,6;
2026/01/07;0200 UTC;0;901,8;901,9;901,7;;18,7;17,7;18,9;18,6;17,9;17,5;94;93;94;61;4,3;1,3;
2026/01/07;0300 UTC;0;901;901,8;901;;19;17,9;19;18,7;18;17,7;94;94;94;43;4;1,5;
2026/01/07;0400 UTC;0;900,8;901,1;900,8;;18,8;17,6;19;18,7;18;17,6;94;93;93;69;4,9;1,9;
2026/01/07;0500 UTC;3,4;900,5;900,8;900,4;;18,5;17,5;18,8;18,4;17,6;17,4;94;93;94;54;4,8;1,7;
2026/01/07;0600 UTC;4;900;900,5;900;;18,4;17,4;18,5;18,3;17,5;17,3;94;94;94;67;4,8;2;
2026/01/07;0700 UTC;,6;900;900,1;900;;18,5;17,5;18,5;18,4;17,5;17,3;94;94;94;53;4;1;
2026/01/07;0800 UTC;1,4;900,1;900,1;900;;18,4;17,5;18,6;18,4;17,6;17,5;94;94;94;27;3,3;,6;
2026/01/07;0900 UTC;1,2;900,3;900,4;900,1;3,7;18,6;17,7;18,6;18,4;17,7;17,5;95;94;94;65;3,4;1,7;
2026/01/07;1000 UTC;,2;901,1;901,1;900,3;194,9;19,2;17,9;19,2;18,6;18;17,7;94;93;93;46;5,1;1,9;
2026/01/07;1100 UTC;0;901,7;901,7;901,1;413,9;20,1;18,3;20,1;19,2;18,3;17,9;93;89;89;25;5,4;2,8;
2026/01/07;1200 UTC;0;902,1;902,1;901,7;1443,7;21,5;18,1;21,8;20,1;18,7;17,9;89;80;81;35;8;4,1;
2026/01/07;1300 UTC;0;902,1;902,2;902;2004,1;22,2;17,8;22,6;21,4;19;17,5;82;74;76;36;8,3;4;
2026/01/07;1400 UTC;0;901,9;902,2;901,9;2445,3;23,8;17,5;23,9;22,2;18,8;17,5;78;68;68;39;8,5;3,8;
2026/01/07;1500 UTC;0;901,3;902;901,3;2527,3;25,6;18,2;25,6;23,4;18,8;17;72;63;64;56;8;3,9;
2026/01/07;1600 UTC;0;900,9;901,3;900,9;3285,9;25,6;17,3;26;24,6;18,8;17;68;60;60;41;8,5;3,9;
2026/01/07;1700 UTC;0;900,5;900,9;900,5;2388,9;24,3;17,5;25,7;24,2;18,2;16,6;69;60;66;16;9,2;3,6;
2026/01/07;1800 UTC;0;900,1;900,5;900,1;1503,2;24;17,2;25;24;18,3;17,1;69;63;66;4;8,1;3,4;
2026/01/07;1900 UTC;0;899,8;900,2;899,8;593,5;20,9;18,2;24,2;20,9;18,4;17,4;85;66;85;291;7,9;2;
2026/01/07;2000 UTC;0;899,9;899,9;899,8;343;20,1;17,6;20,9;20,1;18,2;17,6;87;84;85;300;3,9;1,2;
2026/01/07;2100 UTC;0;900;900,1;899,9;188,1;20;17,6;20,3;20;17,8;17,4;86;85;86;307;2,9;,5;
2026/01/07;2200 UTC;0;900,7;900,7;899,9;39,6;19,7;17,5;20,1;19,7;17,8;17,5;88;86;88;217;1,8;,3;
2026/01/07;2300 UTC;0;901,2;901,3;900,7;;19,4;17,5;19,7;19,4;17,8;17,5;90;88;89;103;1,7;,8;
2026/01/08;0000 UTC;0;901,5;901,5;901,2;;18,6;17;19,4;18,6;17,6;17;90;89;90;128;1,7;,8;
2026/01/08;0100 UTC;0;902;902;901,4;;17,6;16,4;18,6;17,6;17;16,4;92;90;92;192;2,3;1;
2026/01/08;0200 UTC;0;902,5;902,5;902;;18,3;17,3;18,4;17,6;17,3;16,4;94;92;93;206;2,9;,7;
2026/01/08;0300 UTC;0;901,9;902,5;901,9;;18,5;17,4;18,7;18,3;17,6;17,3;94;93;93;192;2,3;,8;
2026/01/08;0400 UTC;;;;;;;;;;;;;;;;;;
2026/01/08;0500 UTC;24;901,4;902;901,4;;18;17,1;18,7;17,9;17,7;17;95;94;95;67;5,6;1,1;
2026/01/08;0600 UTC;3,2;900,8;901,5;900,8;;17,9;17;18;17,6;17,1;16,7;95;94;95;198;3;1,1;
2026/01/08;0700 UTC;,6;900,8;900,8;899,9;;18,4;17,4;18,8;17,9;17,9;17,1;95;94;94;310;5,3;1,8;
2026/01/08;0800 UTC;,2;901;901;900,7;;18,2;17,3;18,4;18,1;17,5;17,2;95;94;95;237;4,8;,6;
2026/01/08;0900 UTC;0;901,4;901,4;901;1,3;18,4;17,5;18,5;18,2;17,6;17,3;95;95;95;185;2,7;1;
2026/01/08;1000 UTC;0;902;902;901,4;201,8;19,1;18,2;19,1;18,3;18,2;17,4;95;94;94;117;4,3;1,4;
2026/01/08;1100 UTC;0;901,9;902,1;901,8;743;20,3;18,4;20,3;19,1;18,8;18,2;95;88;88;126;6,2;3;
2026/01/08;1200 UTC;0;902,3;902,4;901,9;2013,8;22,4;17,9;22,9;20,3;19;17,8;88;74;76;109;8,5;4;
2026/01/08;1300 UTC;0;902,4;902,5;902,3;2108,9;22,7;18,2;23;21,9;18,4;17,2;78;73;76;88;8,5;2,7;
2026/01/08;1400 UTC;0;902,1;902,4;902,1;3118,4;24,6;18,7;25,6;22,7;19,3;17,7;76;64;70;76;7,7;2,7;
2026/01/08;1500 UTC;0;901,9;902,2;901,9;3198,4;24,8;17;25,9;24,6;18,8;16,7;70;60;62;70;7,6;3,1;
2026/01/08;1600 UTC;0;901,3;902;901,3;2575,9;26,1;17,9;26,1;24,5;18,2;16,7;65;57;61;50;7,8;3;
2026/01/08;1700 UTC;0;900,7;901,3;900,7;2377,6;26,4;17,6;27,6;25,7;18,3;16,7;62;53;58;48;6,7;3;
2026/01/08;1800 UTC;0;899,8;900,7;899,8;2006,4;27,6;16,3;27,6;26,1;17,8;15,3;59;49;50;74;5,7;1,7;
2026/01/08;1900 UTC;0;899,2;899,8;899,1;2427,4;27,9;16,1;28,2;26,7;17,1;15,4;54;48;49;26;6,5;2,5;
2026/01/08;2000 UTC;0;898,9;899,2;898,9;1850,4;27,6;15,5;28,3;26,9;17,2;15,3;54;47;48;56;6,5;1,9;
2026/01/08;2100 UTC;0;899,2;899,2;898,9;589,1;25,5;16,6;27,8;25,4;17,6;16,1;61;48;58;53;4,6;1;
2026/01/08;2200 UTC;0;900;900;899,2;23,2;21,7;18,4;25,6;21,7;18,6;16,3;81;56;81;112;2,8;,7;
2026/01/08;2300 UTC;0;900,4;900,5;900;;20,8;18;21,7;20,7;18,7;18;87;81;84;56;1,6;1,1;
2026/01/09;0000 UTC;0;901;901,1;900,2;;21,2;17,6;21,5;20,4;18,1;17,5;86;78;80;47;4,1;2;
2026/01/09;0100 UTC;,4;901,5;901,5;901;;19,6;17,9;21,2;19,6;17,9;17,4;90;80;90;63;4,1;1;
2026/01/09;0200 UTC;,2;901,5;901,5;901,4;;19,2;18;19,7;19,1;18,1;17,7;92;90;92;180;2,4;,9;
2026/01/09;0300 UTC;0;901,2;901,5;901,1;;18,9;17,8;19,2;18,9;18,1;17,8;93;92;93;341;2,2;,6;
2026/01/09;0400 UTC;0;900,6;901,2;900,6;;18,1;17;18,9;18,1;17,8;17;94;93;94;41;1,7;,8;
2026/01/09;0500 UTC;0;900,1;900,6;900,1;;17,5;16,6;18,1;17,4;17;16,4;94;94;94;37;1,8;,7;
2026/01/09;0600 UTC;0;900,1;900,1;900;;17,1;16,1;17,5;17;16,5;16;94;94;94;311;1,8;1,1;
2026/01/09;0700 UTC;0;900,2;900,3;900,1;;16,8;15,9;17,4;16,8;16,5;15,8;94;94;94;37;1,9;,9;
2026/01/09;0800 UTC;0;900,7;900,7;900,2;;17,1;16,1;17,8;16,8;16,9;15,9;94;93;94;108;2,6;,5;
2026/01/09;0900 UTC;0;901,2;901,2;900,7;6,5;17,5;16,5;17,5;17;16,5;16;94;94;94;173;2,5;,9;
2026/01/09;1000 UTC;0;901,6;901,6;901,2;275,9;20;18,7;20;17,5;18,7;16,6;94;92;92;94;3,1;1,1;
2026/01/09;1100 UTC;0;902;902,1;901,6;1289;22,8;18,4;22,8;20;18,7;18,1;92;76;76;105;9,2;3,5;
2026/01/09;1200 UTC;0;902,2;902,2;902;2119,4;23,7;18,1;24,1;22,8;18,8;18;76;70;71;91;9,2;3,5;
2026/01/09;1300 UTC;0;902,2;902,4;902,2;2467,9;25,2;18,8;25,4;23,5;19,2;18,2;74;65;68;89;7,7;3,4;
2026/01/09;1400 UTC;0;902,1;902,2;902,1;2899,7;26,3;18,2;26,5;24,8;19,1;17,8;69;60;61;82;7,7;3,6;
2026/01/09;1500 UTC;0;901,5;902,1;901,5;3063,6;26,4;17,9;27,7;26,2;19,3;17,9;64;57;60;97;7,5;2,5;
2026/01/09;1600 UTC;0;901,3;901,5;901,3;1416,4;26,7;18,4;27,6;25,6;19,9;17,9;66;59;61;99;6,4;3,4;
2026/01/09;1700 UTC;0;900,6;901,3;900,6;1815,2;27;18;27,6;26,6;19,5;17,4;63;55;58;67;6,4;1,5;
2026/01/09;1800 UTC;0;899,8;900,6;899,8;2062,3;27,8;17,9;28,7;26,9;19,3;16,4;60;50;55;73;6,2;2,4;
2026/01/09;1900 UTC;0;899,6;899,9;899,6;1021,8;25,6;18,4;29;24,7;19,1;15;69;49;64;76;9,6;1,3;
2026/01/09;2000 UTC;0;899;899,6;899;925,1;27,3;18,2;27,3;25,6;18,9;17,8;65;56;58;98;5,3;2,1;
2026/01/09;2100 UTC;0;899,2;899,3;899;443;26,5;18;27,3;26;18,6;17,6;62;56;60;100;5,3;2,4;
2026/01/09;2200 UTC;0;900;900;899,2;58,9;24,1;18,2;26,5;24,1;18,4;17,6;70;59;70;100;5,1;1,4;
2026/01/09;2300 UTC;0;900,3;900,3;900;;22,4;17,5;24,1;22,4;18,5;17,4;74;70;74;95;3,6;1,8;
2026/01/10;0000 UTC;0;900,9;900,9;900,3;;21,4;17,3;22,4;21,4;17,6;17,3;78;74;77;92;3,7;1,9;
2026/01/10;0100 UTC;0;901,1;901,2;900,9;;20,6;17,2;21,4;20,6;17,4;17,1;81;77;81;77;3,8;1,8;
2026/01/10;0200 UTC;0;901,2;901,3;901,1;;20,5;17,4;20,8;20,4;17,5;17,2;83;81;83;90;3,8;1,4;
2026/01/10;0300 UTC;0;900,9;901,2;900,9;;20,5;17,5;20,5;20,1;17,5;17,3;85;83;83;102;3,6;1,8;
2026/01/10;0400 UTC;0;900,4;900,9;900,3;;19,9;17,2;20,5;19,9;17,5;17,2;85;83;85;86;4;1,1;
2026/01/10;0500 UTC;0;900,1;900,4;900;;19,6;16,8;20,6;19,3;17,7;16,8;88;82;84;44;4,3;1;
2026/01/10;0600 UTC;0;899,9;900,2;899,9;;18,4;16,7;19,6;18;17,3;16,2;91;84;90;9;2,8;1,2;
2026/01/10;0700 UTC;0;899,9;900;899,9;;17,4;15,8;18,4;17,4;16,7;15,7;91;88;90;68;2,5;1,5;
2026/01/10;0800 UTC;0;900,2;900,2;899,9;;16,2;15;17,4;16,1;15,8;14,8;93;89;93;83;2,5;1,6;
2026/01/10;0900 UTC;0;900,6;900,6;900,2;2,4;18;15,3;18;16,1;15,5;14,9;93;85;85;68;3,1;1,5;
2026/01/10;1000 UTC;0;900,7;900,8;900,6;300,4;20,4;16,6;20,4;17,3;16,6;14,8;86;79;79;94;6,4;2,6;
2026/01/10;1100 UTC;0;901,5;901,5;900,7;1224;22,6;17,2;22,6;20,4;17,2;16,6;79;71;71;98;7,5;3,5;
2026/01/10;1200 UTC;0;901,9;901,9;901,5;2267,4;23,6;17,7;23,7;22,6;17,9;17;71;68;70;81;8,2;3,6;
2026/01/10;1300 UTC;0;902;902,1;901,9;3130,9;25,1;17,2;25,5;23,6;18,5;17,2;71;61;62;100;8,2;3,6;
2026/01/10;1400 UTC;0;901,8;902;901,8;3365,4;26;17,3;26,4;25;18,3;16,9;64;57;59;94;8,6;3;
2026/01/10;1500 UTC;0;901,3;901,9;901,3;3025,2;26,8;17,1;27,5;25,4;18,1;16,5;62;52;55;96;8,1;3,4;
2026/01/10;1600 UTC;0;900,7;901,3;900,7;4006,2;28,7;15,2;28,7;26,2;18,1;15,2;59;44;44;91;8,6;3,4;
2026/01/10;1700 UTC;0;899,9;900,7;899,9;3549,4;28,4;16,1;28,9;27,2;16,8;14,1;50;42;47;75;8,2;2,7;
2026/01/10;1800 UTC;0;899,2;899,9;899,2;3016,2;26,7;16,9;29,5;26,1;17,7;15,1;58;42;55;107;9,1;3,6;
2026/01/10;1900 UTC;0;898,2;899,2;898,2;2295,3;28,5;15,4;28,5;26,2;17,3;14,4;57;43;45;112;8;2,6;
2026/01/10;2000 UTC;0;897,7;898,2;897,7;2013,3;28,2;14,9;28,7;27,8;16,2;13,8;47;41;44;111;6,5;2,6;
2026/01/10;2100 UTC;0;897,4;897,7;897,3;845,6;26,5;15,2;28,2;26,5;15,4;14,5;50;44;50;105;6;2;
2026/01/10;2200 UTC;0;897,9;897,9;897,3;41,1;23,8;16,6;26,5;23,8;16,7;15;64;50;64;107;4,1;1,4;
2026/01/10;2300 UTC;0;898,7;898,7;897,9;;21,7;17,5;23,8;21,7;17,6;16,3;77;64;77;104;2,8;1,4;
2026/01/11;0000 UTC;0;899,6;899,6;898,7;;20,4;17,5;21,7;20,4;17,8;17,4;83;77;83;98;2,6;1;
2026/01/11;0100 UTC;0;900,1;900,1;899,6;;21,8;17,5;21,8;20,2;17,8;17,4;85;76;77;102;4;1,7;
2026/01/11;0200 UTC;0;900,3;900,4;900,1;;22;17,3;22;21,7;17,6;17,3;77;75;75;112;6,2;2,8;
2026/01/11;0300 UTC;0;899,9;900,4;899,9;;21,4;16,8;22;21,4;17,4;16,8;76;74;75;109;6,4;3;
2026/01/11;0400 UTC;0;899,5;899,9;899,5;;20,1;16;21,4;20,1;16,8;16;78;73;78;325;6,5;1,2;
2026/01/11;0500 UTC;0;899,2;899,6;899,2;;18,5;16;20,1;18,2;16,2;15,8;87;78;85;5;3;1,4;
2026/01/11;0600 UTC;0;899,1;899,3;899,1;;17,5;15,4;18,9;17,5;16,2;15,1;88;83;87;12;2,8;,6;
2026/01/11;0700 UTC;0;899,1;899,1;898,9;;17,4;14,6;18,7;17,3;15,8;14,5;88;80;84;16;3;,9;
2026/01/11;0800 UTC;0;899,3;899,4;899,1;;15,4;13,7;18;15,4;14,9;13,4;90;81;90;23;3;1;
2026/01/11;0900 UTC;0;899,7;899,7;899,3;,6;17,1;14,3;17,1;15,4;14,6;13,8;91;84;84;94;3,5;1,8;
2026/01/11;1000 UTC;0;900,7;900,7;899,7;261,3;20;15,2;20;17,1;15,3;14,4;84;74;74;84;4,5;1,5;
2026/01/11;1100 UTC;0;901;901;900,7;1305,8;22,3;16,4;22,3;20;16,6;15,3;75;68;69;84;6;2,6;
2026/01/11;1200 UTC;0;901,1;901,1;900,8;2220,6;24,7;17,3;24,7;22,3;17,5;16,2;70;63;64;82;7,9;2,9;
2026/01/11;1300 UTC;0;901;901,2;901;2965,1;25,5;16,4;26,5;24,6;17,6;15,9;64;54;57;70;7,9;3,1;
2026/01/11;1400 UTC;0;901;901,2;901;3690,2;27,2;15,1;27,8;25,6;17,6;14,2;60;45;48;64;7,8;3,1;
2026/01/11;1500 UTC;0;900,6;901;900,6;2814,8;26,7;15,3;28,5;26,2;17,3;14,5;54;46;49;42;6,9;2,5;
2026/01/11;1600 UTC;0;899,9;900,6;899,9;3461,9;28,6;14,5;29,1;26,6;15,9;13,1;50;39;42;70;6,9;2,7;
2026/01/11;1700 UTC;0;899;899,9;899;3250,5;29,3;12,8;30,3;27,5;16,1;12,8;46;36;36;91;7,4;2,2;
2026/01/11;1800 UTC;0;898,3;899;898,3;2980,9;29,8;15,4;29,9;27,6;15,9;13,1;47;35;42;85;7,2;2,9;
2026/01/11;1900 UTC;0;897,6;898,3;897,6;2981,2;29,5;15,2;30,4;29,3;15,5;13,9;43;38;42;137;7,1;3,2;
2026/01/11;2000 UTC;0;897,1;897,6;897,1;1861,3;28,7;14;29,9;28,6;15,8;12,5;44;35;41;80;7,1;2,2;
2026/01/11;2100 UTC;0;896,9;897,1;896,8;878,1;27;15,8;28,8;27;15,8;13,9;50;40;50;87;6,7;3;
2026/01/11;2200 UTC;0;897,2;897,2;896,8;107,4;24,9;14,7;27;24,9;16;14,5;53;50;53;92;8;3,1;
2026/01/11;2300 UTC;0;898;898;897,2;;22,8;16,1;24,9;22,8;16,2;14,7;66;53;66;79;8;1,9;
2026/01/12;0000 UTC;0;898,9;898,9;898;;22,3;16,5;22,8;22,3;16,6;16,1;70;66;70;91;4,3;2;
2026/01/12;0100 UTC;0;899,7;899,7;898,9;;21,9;16,4;22,3;21,9;16,8;16,3;72;70;71;86;4,2;1,8;
2026/01/12;0200 UTC;0;899,7;899,9;899,7;;22,2;15,5;22,3;21,8;16,3;15,5;71;66;66;84;5,1;2,3;
2026/01/12;0300 UTC;0;899,6;899,9;899,6;;20,5;15,6;22,2;20,5;15,8;15,5;74;66;74;26;5,1;,9;
2026/01/12;0400 UTC;0;899,6;899,7;899,6;;20,4;16;20,5;20,1;16;15,5;76;74;76;9;2,4;1,3;
2026/01/12;0500 UTC;0;899,3;899,6;899,3;;19,3;15,6;20,9;19,3;16,1;15,5;79;73;79;46;3;1,4;
2026/01/12;0600 UTC;0;898,9;899,4;898,9;;18,5;15,5;19,3;18,3;15,7;15,5;84;79;83;44;3;1,7;
2026/01/12;0700 UTC;0;898,7;898,9;898,7;;18,4;15,4;18,7;18,2;15,8;15,4;85;82;83;57;3;1,2;
2026/01/12;0800 UTC;0;899;899;898,7;;18,1;15,4;18,6;18,1;15,7;15,3;85;83;85;54;2,8;1,4;
2026/01/12;0900 UTC;0;899,8;899,8;899;3,2;17,4;15,6;18,1;17,1;15,6;15,1;90;85;90;317;2,5;,6;
2026/01/12;1000 UTC;0;900,8;900,8;899,8;166,4;19,1;17,1;19,1;17,3;17,1;15,6;90;88;88;205;1,5;,4;
2026/01/12;1100 UTC;0;901,2;901,2;900,8;1023,4;23,5;17,5;23,5;19,1;18;17;88;69;69;345;2,2;1;
2026/01/12;1200 UTC;0;901,6;901,6;901,2;2001,8;25,8;16,9;26,1;23,1;18;16,4;70;57;58;42;6,3;3,2;
2026/01/12;1300 UTC;0;901,6;901,8;901,5;2372,3;26,1;16,4;27;25,1;18;16,2;60;53;55;15;6,7;2,8;
2026/01/12;1400 UTC;0;901,5;901,6;901,5;1390,5;25;18,2;27,4;24,4;18,6;16,3;68;51;66;307;6,7;1,6;
2026/01/12;1500 UTC;0;901,5;901,6;901,4;1045,2;23,2;17,4;25,8;22,9;18,8;17,2;74;63;70;275;8,6;1,9;
2026/01/12;1600 UTC;0;900,8;901,5;900,8;2040,9;26;18,4;26,4;23;19,4;17,1;72;62;63;286;5,4;2,4;
2026/01/12;1700 UTC;0;900,7;900,9;900,5;1847,3;25,3;18,9;26,7;24,9;19,9;17,6;71;60;68;311;5,8;2,8;
2026/01/12;1800 UTC;0;899,3;900,8;899,1;2105,2;25,5;17,5;27,3;25,3;19,8;17,5;69;61;61;290;8;2,9;
2026/01/12;1900 UTC;0;899,5;899,6;899,3;1746,8;25,6;16,6;26,5;25,1;17,9;16,2;62;55;58;284;6;2;
2026/01/12;2000 UTC;0;899,4;899,6;899,4;1286;24,8;17,8;25,6;24,5;17,8;15,5;66;56;65;323;5,1;1,9;
2026/01/12;2100 UTC;0;899,5;900;899,2;490,1;21,6;14,9;25,3;21,5;18,1;14,5;66;59;66;38;7,2;2,1;
2026/01/12;2200 UTC;0;898,7;899,5;898,7;85,5;20,1;15,4;21,6;20,1;15,5;14,6;74;65;74;196;5,3;1,9;
2026/01/12;2300 UTC;0;900,5;900,5;898,6;;19,4;15,4;20,2;19,4;15,9;15,3;78;74;77;38;3,9;1,7;
2026/01/13;0000 UTC;0;900,9;901;900,5;;19,2;15,3;19,6;19,1;15,6;15;79;76;78;113;3,9;,5;
2026/01/13;0100 UTC;0;902,6;902,6;900,9;;20;15,1;20;18,9;16;15;82;73;73;31;9,1;4,6;
2026/01/13;0200 UTC;0;903,1;903,1;902,6;;19,4;16,3;20;19,4;16,3;15,1;82;73;82;38;12,3;6;
2026/01/13;0300 UTC;0;902,8;903,1;902,8;;19,1;16;19,4;19;16,3;16;83;82;83;32;12,3;5,2;
2026/01/13;0400 UTC;0;902;902,8;902;;18,7;15,5;19,1;18,7;16,2;15,5;84;80;82;45;11;4,1;
2026/01/13;0500 UTC;0;901,3;902;901,3;;18,4;14,6;18,8;18,4;15,5;14,6;82;77;79;70;8,6;1;
2026/01/13;0600 UTC;0;900,4;901,3;900,4;;18,1;15,1;18,7;18;15,1;14,3;83;76;83;138;2,6;1,5;
2026/01/13;0700 UTC;0;900,2;900,5;900,1;;17,9;15,2;18,1;17,6;15,4;14,9;86;83;84;142;2,8;1,2;
2026/01/13;0800 UTC;0;899,6;900,2;899,6;;16,9;14,8;18;16,9;15,2;14,6;88;83;88;170;2,5;,8;
2026/01/13;0900 UTC;0;899,9;899,9;899,4;10,7;17,4;15,3;17,5;16,9;15,4;14,7;88;86;88;2;1,9;,6;
2026/01/13;1000 UTC;0;900,5;900,7;899,9;283,9;18,4;15,3;18,4;17,4;15,5;15,1;88;81;82;50;2,9;1,2;
2026/01/13;1100 UTC;0;901,4;901,4;900,5;729;20,8;15,1;20,8;18,4;15,7;15,1;82;70;70;68;2,4;1,1;
2026/01/13;1200 UTC;0;902,2;902,2;901,4;875,5;22,1;14,2;22,4;20,8;15,2;13,8;70;59;61;336;2,3;,6;
2026/01/13;1300 UTC;0;902,4;902,4;902,1;2038,4;25,7;13,7;26,2;22;15,8;13,4;62;45;48;271;3,2;1,5;
2026/01/13;1400 UTC;0;902,4;902,4;902,3;2850,7;26,4;13,9;27,3;24,9;15,7;12,8;52;43;46;327;4,6;2,1;
2026/01/13;1500 UTC;0;902,1;902,5;902,1;3209;28,8;17,3;28,8;25,8;17,3;13;51;44;50;285;5,9;1,6;
2026/01/13;1600 UTC;0;901,4;902,1;901,4;3304,5;28,4;14,3;29,1;28,1;16,5;13;50;39;42;54;5,3;2;
2026/01/13;1700 UTC;,8;901,2;901,4;901;860,7;21,1;17,4;28,5;21,1;17,4;13,5;79;41;79;55;9,1;3,2;
2026/01/13;1800 UTC;,8;900,1;901,3;900,1;648,7;23;20,8;23,1;20,5;21;17,2;89;77;87;166;6,3;1,7;
2026/01/13;1900 UTC;0;899,3;900,1;899,3;1310,1;24,8;19,2;24,8;22,7;20,5;17,2;87;64;72;207;4,3;,6;
2026/01/13;2000 UTC;0;898,9;899,3;898,9;1793,3;28,8;16,4;29,1;24,8;19,7;14,5;71;45;47;251;2,6;,8;
2026/01/13;2100 UTC;0;899;899;898,9;1115,3;27,3;16;28,9;27,1;17,6;14,9;55;44;50;172;2,7;1,3;
2026/01/13;2200 UTC;46,2;900;900,6;899;121,2;17,1;16,3;27,4;17;17,6;15,2;95;50;95;277;10,1;2,7;
2026/01/13;2300 UTC;1;900,4;900,4;899,9;;18,4;17,6;18,5;17,1;17,7;16,4;95;95;95;66;6;1;
2026/01/14;0000 UTC;0;901,3;901,4;900,3;;18,9;18;19,5;18,4;18,5;17,6;95;94;95;36;5,2;1,3;
2026/01/14;0100 UTC;0;901,6;901,6;901,3;;18,3;16,7;19;18,2;18,1;16,7;95;91;91;39;3,1;,9;
2026/01/14;0200 UTC;0;901,7;901,7;901,5;;17,4;16,2;18,5;17,2;16,9;16;93;89;93;133;2,3;,5;
2026/01/14;0300 UTC;0;901,5;902,1;901,4;;19,9;14,7;19,9;16,9;16,6;14,5;94;71;72;88;5,3;1,6;
2026/01/14;0400 UTC;0;901;901,6;901;1,1;17,7;15,4;20,5;17,7;15,5;14,3;87;68;87;249;5,3;1;
2026/01/14;0500 UTC;0;900,6;901;900,6;;17,2;15,6;17,7;17,2;15,9;15,5;91;87;91;178;2,1;1;
2026/01/14;0600 UTC;0;900,6;900,6;900,4;;17,4;16;17,4;16,9;16;15,5;92;91;91;146;2,9;,6;
2026/01/14;0700 UTC;0;900,3;900,6;900,2;;16,5;15,4;17,5;16,5;16;15,3;93;91;93;212;3;1;
2026/01/14;0800 UTC;0;900,6;900,7;900,3;;17,5;15,8;17,5;16,2;16;15;93;90;90;127;3,2;1,4;
2026/01/14;0900 UTC;0;901;901,1;900,6;,8;18,2;15,5;18,2;17,4;15,8;15,3;90;84;84;128;4,6;1,7;
2026/01/14;1000 UTC;0;901,5;901,5;901;204;19,6;16,1;19,6;18,2;16,2;15,6;84;80;80;99;7,3;2;
2026/01/14;1100 UTC;0;901,8;901,9;901,5;940;21,7;17;21,9;19,6;17,4;16,2;81;74;75;111;8,1;3,4;
2026/01/14;1200 UTC;0;902,3;902,3;901,8;1746,2;23,1;17,4;23,4;21,7;17,9;17;76;70;70;98;9,4;3,7;
2026/01/14;1300 UTC;0;902,3;902,4;902,2;2293,5;24,6;18,9;24,8;23,1;18,9;17,6;73;69;71;93;7,7;2,7;
2026/01/14;1400 UTC;0;902,3;902,4;902,2;3217,3;25,7;18,5;26,2;24,6;19,4;18,3;71;63;64;101;9,5;3,1;
2026/01/14;1500 UTC;0;901,6;902,3;901,6;3240,6;26,7;18,6;27,2;25,5;19,3;17,5;67;57;61;62;7,3;2,5;
2026/01/14;1600 UTC;0;901,2;901,7;901,2;3511;27,7;17,8;29;26,6;19;17;62;52;55;107;7,3;2,8;
2026/01/14;1700 UTC;0;900,5;901,2;900,5;2713,4;26,8;17,7;28,8;26,8;19,4;17,3;59;53;57;76;6,7;2,5;
2026/01/14;1800 UTC;0;899,4;900,5;899,4;2156,8;26,6;17;29,1;26,6;18,7;16,7;60;49;56;73;6,8;3,2;
2026/01/14;1900 UTC;0;898,2;899,4;898,2;1501,3;27,1;17,4;28;26,7;17,9;16,7;58;53;55;68;7,7;2,3;
2026/01/14;2000 UTC;0;897,8;898,2;897,8;1657,2;27,3;16,8;28,8;27,1;18,2;16,6;57;49;53;94;7,3;2,9;
2026/01/14;2100 UTC;0;897,9;898;897,8;439,6;25,6;17,2;27,3;25,6;17,2;16,3;60;53;60;79;7,3;1,9;
2026/01/14;2200 UTC;0;898,8;898,8;897,9;66,3;22,8;18,8;25,6;22,8;18,9;17,3;78;60;78;85;3,6;,4;
2026/01/14;2300 UTC;0;899,3;899,3;898,8;;21,1;18,1;22,8;21,1;19;18;84;78;83;59;2,1;,9;
2026/01/15;0000 UTC;0;899,8;899,8;899,3;;20,1;17,8;21,1;20;18,2;17,7;88;83;87;101;1,7;1;
2026/01/15;0100 UTC;0;900,5;900,5;899,8;;21,8;17,9;21,8;19,9;18,2;17,7;88;78;78;94;4,3;2;
2026/01/15;0200 UTC;0;900,8;900,8;900,5;;22,2;17,5;22,3;21,8;17,9;17,5;78;75;75;97;4,9;2,1;
2026/01/15;0300 UTC;0;900,4;900,9;900,4;;21,5;17,3;22,2;21,5;17,6;17,3;77;75;77;82;5;1,8;
2026/01/15;0400 UTC;0;900;900,4;900;;19,5;16,7;21,5;19,5;17,3;16,7;84;77;84;337;4;1,2;
2026/01/15;0500 UTC;0;900;900,1;899,9;;18,9;17;19,5;18,8;17,1;16,6;89;84;89;71;2,1;1;
2026/01/15;0600 UTC;0;899,8;900;899,8;;18,4;16,6;19,4;18,4;17,1;16,6;89;86;89;66;2,3;,7;
2026/01/15;0700 UTC;0;899,6;899,8;899,5;;17,8;15,8;18,4;17,8;16,6;15,8;89;88;88;33;2,4;,6;
2026/01/15;0800 UTC;0;899,9;899,9;899,6;;17,9;15,8;18,3;17,6;16,2;15,7;89;87;87;88;1,8;,9;
2026/01/15;0900 UTC;0;900,8;900,8;899,9;;18,1;15,9;19,2;17,9;16,3;15,4;87;82;87;40;2,5;,6;
2026/01/15;1000 UTC;0;901,6;901,6;900,8;243,8;20,2;16,3;20,2;17,8;16,4;15,9;89;77;78;70;2,2;1,1;
2026/01/15;1100 UTC;0;902,2;902,2;901,6;768,9;21,9;16,5;22;20,2;16,9;16,2;78;71;71;61;7;3,3;
2026/01/15;1200 UTC;0;902,7;902,7;902,2;1180,5;23;17;23,2;21,9;17,5;16,3;72;69;69;77;8,5;3;
2026/01/15;1300 UTC;0;902,7;902,8;902,7;2336,1;24,1;17,2;25,4;22,8;18,2;16,7;71;62;65;78;6,4;2,5;
2026/01/15;1400 UTC;0;902,6;902,8;902,6;1645,4;25,2;17,1;25,3;24;18,5;16,9;69;60;61;11;6;2,2;
2026/01/15;1500 UTC;0;902;902,6;902;3071,5;26,3;15,4;27,3;25,2;17,7;15,4;62;50;51;43;7,1;3;
2026/01/15;1600 UTC;0;901,5;902;901,5;3595;28;15,2;28,4;26,2;17,1;14,2;56;44;46;44;6,6;2,5;
2026/01/15;1700 UTC;0;900,6;901,5;900,6;3738;28,7;15,9;29,6;27,4;16,8;13,8;51;41;46;23;6,7;2,8;
2026/01/15;1800 UTC;0;900;900,7;900;2082;27,7;15,6;29,7;27,3;17,6;13,2;50;39;48;80;5,4;2,3;
2026/01/15;1900 UTC;0;899,5;900;899,5;1242;28,4;16,7;28,4;25,9;17,3;15,6;58;46;49;66;6,5;1,9;
2026/01/15;2000 UTC;0;898,9;899,5;898,9;1759,4;28;16;29,3;27,3;17,1;14,7;50;43;48;61;6;1,7;
2026/01/15;2100 UTC;0;899;899;898,7;724,2;25,6;16,9;28,5;25,6;17,1;15,4;58;45;58;76;5,5;2,2;
2026/01/15;2200 UTC;0;899,5;899,5;899;79,1;23,2;17,4;25,6;23,2;17,4;16,5;70;58;70;93;5,1;1,3;
2026/01/15;2300 UTC;0;900,1;900,1;899,5;;22,4;16,9;23,2;22,2;17,6;16,9;73;70;71;29;3,9;2;
2026/01/16;0000 UTC;0;900,6;900,6;900,1;;21,1;17,4;22,4;21;17,6;16,9;80;71;80;68;3,9;1,2;
2026/01/16;0100 UTC;0;901,4;901,4;900,6;;22;16,8;22;21;17,4;16,8;80;72;72;101;4,2;2,1;
2026/01/16;0200 UTC;0;901,3;901,5;901,3;;21,9;17,1;22,1;21,8;17,1;16,7;74;72;74;104;5,3;2,8;
2026/01/16;0300 UTC;0;900,9;901,3;900,9;;21,3;17,4;22;21,2;17,4;17,1;79;74;79;99;6,1;2,6;
2026/01/16;0400 UTC;0;900,5;900,9;900,5;;20,8;17,3;21,3;20,8;17,4;17,3;81;78;81;93;6,7;2,8;
2026/01/16;0500 UTC;0;900,4;900,5;900,4;;20,7;17;20,9;20,7;17,3;17;81;79;79;88;6,8;2,4;
2026/01/16;0600 UTC;0;900,4;900,5;900,2;;19,7;16,4;20,7;19,7;16,9;16,4;81;79;81;28;6,1;,7;
2026/01/16;0700 UTC;0;900,3;900,4;900,3;;17,8;15,9;19,7;17,7;16,5;15,7;90;81;89;259;2;,9;
2026/01/16;0800 UTC;0;900,1;900,4;900,1;;17,4;15,6;17,8;17;16,4;15,4;92;89;89;29;2,5;1,1;
2026/01/16;0900 UTC;0;900,3;900,3;900,1;;18,4;14,3;18,4;17,2;15,5;14,3;89;77;77;72;6;2,7;
2026/01/16;1000 UTC;0;901;901;900,3;223,8;20;14,8;20;18,4;14,8;14,3;77;72;72;75;7;3,1;
2026/01/16;1100 UTC;0;901,5;901,5;901;1284,2;22;16,2;22;20;16,2;14,8;72;69;69;71;9,1;4;
2026/01/16;1200 UTC;0;902,1;902,1;901,5;2213,5;23,8;16,2;23,9;22,1;16,8;15,8;70;63;63;82;10,5;4,4;
2026/01/16;1300 UTC;0;902,4;902,4;902,1;2892,3;25,2;16,9;25,4;23,6;17,4;16,2;65;60;60;95;8,8;3,3;
2026/01/16;1400 UTC;0;902,3;902,4;902,2;3443,3;26,2;16,4;27,1;25;17,9;16;62;53;55;84;8;3,4;
2026/01/16;1500 UTC;0;901,8;902,3;901,7;3527,6;27,1;15,8;27,6;26,2;17,5;14,8;57;47;50;73;7,8;3,1;
2026/01/16;1600 UTC;0;901,1;901,8;901,1;3765,7;28,4;14,5;29;27,1;16,6;14,3;52;42;42;113;7,5;2,4;
2026/01/16;1700 UTC;0;900,4;901,1;900,3;3045,7;29,1;15,8;29,1;27,6;16,4;12,5;48;38;45;109;6,4;2,8;
2026/01/16;1800 UTC;0;899,6;900,4;899,5;3230,4;29,4;12,6;30,3;28,5;15,6;11,2;45;32;36;123;6,7;3,3;
2026/01/16;1900 UTC;0;898,9;899,6;898,9;2900,8;29,5;12,4;30,1;28,9;15,2;12,4;43;34;35;114;7,4;2,8;
2026/01/16;2000 UTC;0;898,3;898,9;898,3;1915,3;28,8;12,6;29,6;28,7;13,4;11,3;38;33;37;105;7;3;
2026/01/16;2100 UTC;0;898,5;898,5;898,3;853,6;26,8;14,1;28,8;26,8;14,2;11,5;46;35;46;101;6,5;2,9;
2026/01/16;2200 UTC;0;898,5;898,6;898,5;42,8;23,5;16,2;26,8;23,5;16,2;14;64;45;64;112;5,9;1,5;
2026/01/16;2300 UTC;0;898,7;898,7;898,4;;21;16,9;23,5;21;17,2;16,2;77;64;77;107;2,4;1,2;
2026/01/17;0000 UTC;0;899,7;899,7;898,7;;21;16,6;21,1;20,3;17,1;16,6;80;76;76;119;3,4;1,7;
2026/01/17;0100 UTC;0;900,4;900,4;899,7;;21,4;16,8;21,4;20,9;16,8;16,4;76;74;75;108;4,3;2,1;
2026/01/17;0200 UTC;0;900,4;900,6;900,4;;21;16,3;21,6;21;16,9;16,3;75;73;74;82;4,3;1,9;
2026/01/17;0300 UTC;0;900,2;900,4;900,1;;21,3;16;21,3;21;16,4;16;74;72;72;105;5,5;2,5;
2026/01/17;0400 UTC;0;899,7;900,2;899,7;;20,6;14,9;21,5;20,6;16;14,9;72;68;70;131;5,5;,9;
2026/01/17;0500 UTC;0;899,3;899,7;899,3;;18,6;14,9;20,6;18,6;15,1;14,5;80;70;79;259;3,3;1,2;
2026/01/17;0600 UTC;0;899,6;899,6;899,3;;18,1;14,7;18,9;18,1;15,3;14,7;83;78;80;274;2,3;,9;
2026/01/17;0700 UTC;0;899,5;899,7;899,5;;17,5;14,8;18,4;17,3;15;14,7;85;80;84;252;2,5;1;
2026/01/17;0800 UTC;0;899,4;899,6;899,4;;16,6;14,4;17,9;16,6;15;14,4;87;83;87;343;2;,8;
2026/01/17;0900 UTC;0;899,5;899,6;899,4;;16,2;14,1;16,7;16,2;14,4;14;87;86;87;41;2,2;,8;
2026/01/17;1000 UTC;0;899,7;899,7;899,5;159,1;19,2;14,5;19,2;16,2;15,1;14;88;74;74;54;4,5;1,3;
2026/01/17;1100 UTC;0;900;900;899,7;1170;23,3;14,5;23,3;19,2;15,4;14,1;75;57;58;55;6,8;2,8;
2026/01/17;1200 UTC;0;900,1;900,1;900;2184,2;24,8;14,7;25;23,3;15,3;14;58;53;53;62;8,8;3,8;
2026/01/17;1300 UTC;0;900,2;900,3;900,1;2989,4;26;14,5;26,7;24,8;15,3;14,1;55;47;49;45;7,9;3,8;
2026/01/17;1400 UTC;0;900;900,3;900;3213,5;27,1;15,6;27,1;26,1;15,6;13,9;50;46;50;61;8,3;2,7;
2026/01/17;1500 UTC;0;899,4;900;899,4;3823,5;28;14;28,3;26,5;15,6;12,6;51;40;42;55;7;2,8;
2026/01/17;1600 UTC;0;898,8;899,4;898,8;4068,2;29,3;13,5;29,7;27,5;15,4;13,2;45;38;38;2;6,1;2,4;
2026/01/17;1700 UTC;0;898,2;898,8;898,2;3578;29,4;14,5;30;28,4;14,7;12,1;41;34;40;64;5,2;2,1;
2026/01/17;1800 UTC;0;897,2;898,2;897,2;3027;29,7;13;30,2;28,4;14,7;12,1;43;34;36;30;5;1,6;
2026/01/17;1900 UTC;0;896,3;897,2;896,3;2444,9;28,8;12,1;30,6;28,5;13,3;11,1;39;32;36;53;5,4;1,7;
2026/01/17;2000 UTC;0;895,9;896,3;895,9;1934,4;29,5;12,6;29,9;28,8;13;11,6;37;33;35;92;4,8;1,7;
2026/01/17;2100 UTC;0;896;896;895,9;751;27,4;13;29,6;27,4;13,2;11,3;41;34;41;44;4,8;1,4;
2026/01/17;2200 UTC;0;896,4;896,5;896;41,5;23,5;14,8;27,4;23,5;15,3;12,9;60;41;58;57;3,7;1,4;
2026/01/17;2300 UTC;0;897,5;897,5;896,4;;21,6;15,7;23,5;21,4;16,1;14,8;71;58;69;74;2,1;1,1;
2026/01/18;0000 UTC;0;898;898;897,5;;20,1;15,6;21,6;20,1;16,1;15,2;77;69;75;53;2,5;1;
2026/01/18;0100 UTC;0;898,9;898,9;898;;19,1;15,5;20,2;19,1;16;15,4;80;75;80;129;2,1;,8;
2026/01/18;0200 UTC;0;899,3;899,3;898,9;;18,7;15,9;19,1;18,7;16,1;15,5;84;80;84;103;1,4;,4;
2026/01/18;0300 UTC;0;899;899,3;899;;18,7;16,1;18,9;18,3;16,5;15,8;87;84;85;23;1;,2;
2026/01/18;0400 UTC;0;898,5;899;898,5;;18,1;15,7;18,7;18,1;16,1;15,6;86;83;86;44;1,2;,5;
2026/01/18;0500 UTC;0;898,2;898,5;898,2;;17,3;15,3;18,1;17,2;15,6;15,2;88;85;88;109;2;,4;
2026/01/18;0600 UTC;0;897,6;898,2;897,6;;16,8;15,1;17,3;16,8;15,4;14,9;91;88;89;43;2;1,2;
2026/01/18;0700 UTC;0;897,6;897,7;897,6;;16,3;14,7;17;16;15,3;14,4;91;89;90;42;2,3;1,2;
2026/01/18;0800 UTC;0;897,9;897,9;897,6;;16,2;14,7;16,4;16,1;14,8;14,5;91;89;91;344;2,1;,7;
2026/01/18;0900 UTC;0;898,7;898,7;897,9;;16,6;15,1;16,9;16,2;15,5;14,8;92;91;91;81;4;,9;
2026/01/18;1000 UTC;0;899;899;898,7;175;18,4;16,4;18,4;16,4;16,4;14,8;91;88;88;58;2,1;,8;
2026/01/18;1100 UTC;0;899,2;899,3;899;850;22,3;16,6;22,3;18,4;17,4;16,3;88;70;70;245;2,1;,5;
2026/01/18;1200 UTC;0;899,8;899,8;899,2;1148,9;23,8;17,2;23,9;22,3;17,3;15,9;70;61;66;196;2,1;,7;
2026/01/18;1300 UTC;0;900,1;900,1;899,8;1018,3;24,6;16,5;24,7;23,8;17,5;16,2;68;60;61;268;3,1;1,4;
2026/01/18;1400 UTC;0;900;900,2;900;730,3;24,4;18,4;25;24,1;18,4;16,3;69;60;69;289;3,1;,6;
2026/01/18;1500 UTC;0;899,4;900;899,4;1169,6;25,2;16,9;25,2;24,3;18,6;16,6;70;60;60;325;2,6;1;
2026/01/18;1600 UTC;0;898,5;899,4;898,5;2471,1;26,6;15,7;27,2;24,9;17,3;15,2;60;50;51;217;3,3;1,1;
2026/01/18;1700 UTC;0;897,1;898,5;897,1;2235,5;28,6;16,4;28,6;26,6;18,3;15,3;59;48;48;181;3,5;1,5;
2026/01/18;1800 UTC;0;896,1;897,1;896,1;3060;28,9;16,3;29,9;27,4;17;14,5;50;41;47;195;3,8;1,4;
2026/01/18;1900 UTC;0;895,3;896,1;895,3;1442,8;27,9;16,5;29;27,2;17,3;15,2;53;45;50;295;4,3;2,1;
2026/01/18;2000 UTC;23;895,6;896,1;895,2;285,7;19,1;17,7;27,9;18,2;18,8;16,5;91;50;91;328;10;3,4;
2026/01/18;2100 UTC;15,6;896,8;897;895,6;98,9;19,6;18,8;19,6;18,8;18,8;17,7;95;91;95;162;9,9;,9;
2026/01/18;2200 UTC;14,6;895,8;896,8;895,8;31,9;18,9;18,1;19,7;18,8;18,9;18;95;95;95;57;4;1,6;
2026/01/18;2300 UTC;,2;896,8;896,8;895,7;;18,7;17,9;19,2;18,7;18,4;17,8;95;95;95;298;4,5;1,8;
2026/01/19;0000 UTC;0;897,8;897,8;896,8;;18,4;17,6;18,7;18,4;18;17,6;95;95;95;50;4,5;1,3;
2026/01/19;0100 UTC;7;899,6;899,6;897,8;;19;18,2;19,4;18,4;18,6;17,6;95;95;95;180;10,6;4,4;
2026/01/19;0200 UTC;8,2;898,7;899,6;898,7;;17,8;17;19;17,4;18,1;16,6;95;95;95;42;10,6;1,4;
2026/01/19;0300 UTC;0;898,5;898,8;898,5;;17,4;16,7;17,8;17,3;17;16,6;95;95;95;65;2,3;,7;
2026/01/19;0400 UTC;0;897,9;898,5;897,9;;17,3;16,6;17,5;17,3;16,7;16,5;95;95;95;29;2;,9;
2026/01/19;0500 UTC;,2;896,8;897,9;896,8;;17,3;16,6;17,3;17,1;16,6;16,4;96;95;96;33;2,2;1,1;
2026/01/19;0600 UTC;0;896,8;896,9;896,8;;17,2;16,5;17,4;17,2;16,7;16,4;96;96;96;35;2,1;,5;
2026/01/19;0700 UTC;0;896,5;896,9;896,5;;17,1;16,4;17,3;17;16,6;16,3;96;95;96;98;1,3;,7;
2026/01/19;0800 UTC;0;896,6;896,6;896,3;;17,2;16,5;17,3;16,9;16,6;16,2;96;96;96;65;1,8;,9;
2026/01/19;0900 UTC;5,6;897,5;897,5;896,6;;18;17,2;18,1;17,2;17,3;16,5;96;96;96;53;3,4;1,6;
2026/01/19;1000 UTC;1,8;897,7;897,8;897,5;190,4;19,1;18,4;19,1;17,9;18,4;17,2;96;95;95;18;5;2;
2026/01/19;1100 UTC;0;898,4;898,4;897,7;975,7;20,4;19;20,5;19,1;19,5;18,4;95;92;92;6;4,8;2,1;
2026/01/19;1200 UTC;,8;898,9;898,9;898,4;579,6;20,4;19;20,8;20,1;19,2;18,6;92;89;92;344;3,9;2,1;
2026/01/19;1300 UTC;0;899;899;898,8;1330,3;22,6;19,7;22,6;20,4;20,1;19;92;84;84;332;3,9;1,7;
2026/01/19;1400 UTC;0;899,1;899,2;899;2183,4;23,8;19,7;23,8;22,6;20,4;18,8;85;76;78;306;6,7;2,3;
2026/01/19;1500 UTC;0;898,5;899,1;898,5;2618,4;24,9;19,7;25,1;23,7;20,3;18,7;79;72;73;303;7,1;2,4;
2026/01/19;1600 UTC;0;897,3;898,5;897,3;3190;25,9;19,5;26,3;24,5;20,5;19;75;66;67;299;7,9;3,3;
2026/01/19;1700 UTC;0;896,7;897,3;896,6;2078,6;25,9;20,3;26,9;25,1;20,3;18,7;72;64;71;292;7,9;3;
2026/01/19;1800 UTC;0;895,4;896,7;895,4;3214,5;26,3;18,9;26,8;25,6;20,5;18,5;71;62;64;307;9,1;3,9;
2026/01/19;1900 UTC;0;895;895,6;894,9;2359,2;25,2;18,2;26,3;25,2;19,2;17,6;67;61;65;300;9;3,4;
2026/01/19;2000 UTC;0;894,2;895,1;894,2;644,3;23,7;18,6;25,2;23,5;18,8;18,1;74;65;73;291;7,5;2,5;
2026/01/19;2100 UTC;0;894,7;894,7;894,2;666,4;23,5;18,7;23,7;23,3;18,9;18,2;75;72;74;311;6,3;2,8;
2026/01/19;2200 UTC;0;894,9;895;894,7;102,3;21,8;18,7;23,5;21,8;19;18,6;83;74;83;305;5,8;1,1;
2026/01/19;2300 UTC;0;895,7;895,7;894,8;;20,3;18,4;21,7;20,3;18,9;18,4;89;83;89;16;2,5;,6;
2026/01/20;0000 UTC;0;896,4;896,4;895,7;;20,2;18,3;20,5;20,1;18,7;18,2;90;89;89;8;2,9;,6;
2026/01/20;0100 UTC;0;897,7;897,7;896,4;;19,6;18,1;20,2;19,6;18,3;18;91;89;91;6;2,5;,8;
2026/01/20;0200 UTC;0;897,6;898,1;897,6;;19,6;18,4;19,6;19,2;18,4;17,9;93;91;93;5;2,8;1,2;
2026/01/20;0300 UTC;0;897,4;897,6;897,4;;20,4;18,9;20,4;19,5;19;18,2;93;92;92;329;3,6;1,9;
2026/01/20;0400 UTC;0;897,1;897,4;897,1;;20,3;19;20,5;20,2;19;18,6;92;91;92;310;4,1;1;
2026/01/20;0500 UTC;0;896,7;897,1;896,7;;20,2;19,1;20,3;20,1;19,1;18,9;93;92;93;313;3,6;1,5;
2026/01/20;0600 UTC;,8;896,2;896,7;896,2;;19,7;18,7;20,2;19,7;19,1;18,7;94;93;94;309;5;1,5;
2026/01/20;0700 UTC;0;896;896,2;895,9;;19,5;18,6;19,7;19,5;18,7;18,6;94;94;94;305;3,2;1;
2026/01/20;0800 UTC;0;896,1;896,1;896;;19,4;18,5;19,5;19,3;18,6;18,4;95;94;95;343;2,2;,3;
2026/01/20;0900 UTC;0;896,3;896,4;896,1;;19,5;18,6;19,5;19,4;18,6;18,5;95;95;95;289;1,1;,4;
2026/01/20;1000 UTC;0;897,1;897,1;896,3;41,1;19,4;18,5;19,5;19,3;18,6;18,4;95;95;95;358;1,5;,5;
2026/01/20;1100 UTC;0;897,7;897,7;897,1;169,2;19,8;18,9;19,8;19,4;18,9;18,5;95;95;95;309;2,4;1;
2026/01/20;1200 UTC;0;898,1;898,1;897,7;332,1;20,5;19,3;20,5;19,8;19,4;18,9;95;93;93;324;2,7;1,2;
2026/01/20;1300 UTC;,4;898,6;898,6;898,1;614,8;20,7;18,7;21,1;20,5;19,6;18,7;93;88;89;308;4,2;1,6;
2026/01/20;1400 UTC;,2;898,6;898,8;898,6;1108,4;21,6;19,1;21,8;20,6;20,1;18,8;92;85;86;321;4,2;1,6;
2026/01/20;1500 UTC;0;898,2;898,6;898,2;1681,2;23,3;19,7;23,6;21,5;20,1;18,8;87;77;80;266;4,6;1,4;
2026/01/20;1600 UTC;5;897,5;898,2;897,5;553,9;20,4;19,2;23,4;20;19,8;17,6;93;78;93;303;7,7;1,6;
2026/01/20;1700 UTC;0;896,8;897,5;896,8;1420,2;22,7;20;22,8;20,4;20,7;19,3;94;85;85;292;4,9;1,8;
2026/01/20;1800 UTC;0;896,1;896,8;896,1;1426,6;23,8;19,4;23,8;22,6;20,2;19,3;85;76;76;282;6;2;
2026/01/20;1900 UTC;0;895,5;896,1;895,4;1296;23,8;19,5;24;23,2;20;19,1;81;75;77;314;4,7;2,2;
2026/01/20;2000 UTC;0;895,5;895,6;895,5;632,9;22,9;19,4;24;22,9;19,9;19,1;82;75;81;303;4,7;1,3;
2026/01/20;2100 UTC;0;895,9;895,9;895,5;186,5;22,3;19,3;22,9;22,3;19,7;19,2;85;81;83;313;3,9;1,1;
2026/01/20;2200 UTC;0;896,5;896,5;895,9;33,3;21,1;19,4;22,3;21,1;19,7;19,3;90;83;90;305;2,5;1,1;
2026/01/20;2300 UTC;0;897,3;897,3;896,5;;20,8;19,4;21,1;20,8;19,6;19,3;92;90;92;334;2,6;1,3;
2026/01/21;0000 UTC;0;897,9;897,9;897,3;;20,7;19,4;20,9;20,7;19,6;19,4;92;92;92;20;2,6;1,5;
2026/01/21;0100 UTC;0;898,2;898,2;897,9;;20,3;18,4;20,7;20,3;19,4;18,4;92;89;89;5;6,9;2,3;
2026/01/21;0200 UTC;3;898,8;898,8;898,2;;19,5;18,4;20,3;19,5;18,4;18,2;94;89;94;336;6,9;1,7;
2026/01/21;0300 UTC;6,6;898,7;898,8;898,7;;19,1;18,1;19,5;19;18,5;18,1;94;94;94;338;4,5;1,8;
2026/01/21;0400 UTC;,4;898,3;898,7;898,3;;18,9;18,1;19,1;18,9;18,2;18,1;95;94;95;316;4,1;1,5;
2026/01/21;0500 UTC;,2;897,7;898,2;897,7;;18,4;17,6;19;18,4;18,1;17,6;95;95;95;303;3,7;1,5;
2026/01/21;0600 UTC;0;897,1;897,7;897,1;;18,3;17,4;18,4;18,3;17,6;17,4;95;95;95;352;3,6;1,1;
2026/01/21;0700 UTC;0;897;897,1;896,9;;18,2;17,4;18,3;18,2;17,5;17,4;95;95;95;1;3,4;1,5;
2026/01/21;0800 UTC;0;897,1;897,1;897;;18,2;17,4;18,3;18,2;17,5;17,4;95;95;95;3;3,2;1,4;
2026/01/21;0900 UTC;0;897,6;897,6;897,1;;18,3;17,5;18,3;18,2;17,5;17,4;95;95;95;3;3,5;1,3;
2026/01/21;1000 UTC;0;898;898;897,6;102,6;18,7;17,9;18,8;18,3;17,9;17,5;95;95;95;347;3,3;1,4;
2026/01/21;1100 UTC;0;898,3;898,3;897,9;724,8;20,3;18,9;20,3;18,7;19,1;17,9;95;92;92;329;6,8;2,8;
2026/01/21;1200 UTC;0;898,9;898,9;898,3;1295,4;21,2;18,3;21,5;20,2;19;18,3;92;83;84;317;8,2;3,3;
2026/01/21;1300 UTC;0;899,1;899,1;898,9;1518,3;21,9;18;22,7;20,5;19,5;18;88;76;78;314;8,3;2,9;
2026/01/21;1400 UTC;0;899,1;899,2;899,1;1572,5;23;18,3;23,6;21,4;19,3;17,8;83;73;75;302;7,1;2,6;
2026/01/21;1500 UTC;0;898,9;899,1;898,9;1483,2;22,9;18,1;23,9;22,9;18,7;17,6;76;70;75;303;6,5;2,5;
2026/01/21;1600 UTC;,6;898,3;898,9;898,3;1621;22,4;19,4;22,9;20,7;19,8;18,2;89;75;83;335;7;2,8;
2026/01/21;1700 UTC;0;897,3;898,3;897,3;2396,3;25;18,6;25,1;22,3;19,7;18,3;84;68;68;297;7,7;3,1;
2026/01/21;1800 UTC;0;896,1;897,3;896,1;2283,4;25,8;19,3;25,8;23,5;19,5;17,8;76;64;67;282;8,7;3,3;
2026/01/21;1900 UTC;0;895,6;896,1;895,6;1495,9;25;18,9;26,1;22,9;19,7;18,1;79;63;69;296;8,7;2,6;
2026/01/21;2000 UTC;0;895,5;895,7;895,5;1428,4;24,8;18,3;25,2;23,1;19,2;16,7;73;64;67;287;7,5;2,9;
2026/01/21;2100 UTC;0;896,3;896,3;895,5;590,4;22,5;18;24,8;22,5;18,6;17,8;76;66;76;277;6,6;2;
2026/01/21;2200 UTC;0;897;897;896,2;57,1;21,3;18,6;22,5;21,3;18,6;18;85;76;85;333;4,6;,7;
2026/01/21;2300 UTC;0;897,8;897,9;897;;20,6;18,7;21,3;20,5;18,7;18,4;89;85;89;303;1,6;,9;
2026/01/22;0000 UTC;0;898,4;898,4;897,8;;20,3;18,8;20,7;20,3;18,9;18,6;91;89;91;13;1,6;,7;
2026/01/22;0100 UTC;1,2;898,9;898,9;898,4;;19,4;18,2;20,7;19,3;18,9;17,9;93;87;93;5;5,9;2,1;
2026/01/22;0200 UTC;1,4;899;899,1;898,9;;19,3;18,3;19,4;19,2;18,4;18,2;94;93;94;290;4;,9;
2026/01/22;0300 UTC;0;898,5;899;898,5;;19,2;18,3;19,3;19,2;18,4;18,2;95;94;95;18;2,8;1,1;
2026/01/22;0400 UTC;0;898,2;898,5;898,2;;18,9;18;19,2;18,9;18,3;18;95;95;95;37;2,3;,6;
2026/01/22;0500 UTC;0;897,8;898,3;897,8;;18,7;17,9;18,9;18,7;18;17,9;95;95;95;85;1,7;,4;
2026/01/22;0600 UTC;,2;897,5;897,8;897,4;;18,9;18,1;19;18,7;18,2;17,8;95;95;95;8;2,3;,6;
2026/01/22;0700 UTC;0;897,4;897,5;897,3;;18,7;17,9;18,9;18,6;18,1;17,8;95;95;95;34;1,3;,6;
2026/01/22;0800 UTC;0;897,7;897,7;897,4;;18,8;18;18,9;18,6;18,1;17,8;95;95;95;11;2,4;,7;
2026/01/22;0900 UTC;0;898,2;898,2;897,7;;19,2;18,3;19,2;18,8;18,3;18;95;95;95;312;3,8;1,1;
2026/01/22;1000 UTC;0;898,9;898,9;898,2;48,5;19,1;18,3;19,2;19,1;18,4;18,2;95;95;95;288;3,2;1,2;
2026/01/22;1100 UTC;0;899,4;899,4;898,9;235,6;19,2;18,4;19,3;19,1;18,5;18,3;95;95;95;306;4;1,5;
2026/01/22;1200 UTC;,2;899,8;899,8;899,4;720;20,5;18,9;20,5;19,2;19,1;18,5;95;90;91;320;4,3;1,7;
2026/01/22;1300 UTC;0;899,8;899,9;899,8;1829,8;23,3;18,8;23,4;20,3;19,1;18,3;90;75;76;311;5,1;2,3;
2026/01/22;1400 UTC;0;899,4;899,8;899,4;1505,5;23,5;18,1;24,1;21,6;19,3;17,6;81;70;72;300;6,6;2,6;
2026/01/22;1500 UTC;0;898,7;899,4;898,7;2375,5;24,1;17,9;25,8;23,5;18,9;17,5;73;63;68;287;7,6;2,3;
2026/01/22;1600 UTC;0;897,7;898,7;897,7;2163,5;26,2;19;26,5;23,4;19,5;17,9;76;61;64;299;8,9;3,1;
2026/01/22;1700 UTC;0;897,1;897,7;897;2982,7;25,3;18,1;26,8;25;19,3;17,6;67;58;64;299;8,4;3,3;
2026/01/22;1800 UTC;0;896,9;897,1;896,9;1887;24,1;18,7;26,1;24,1;19,4;18,1;73;64;72;290;8,4;3,4;
2026/01/22;1900 UTC;,2;896,5;896,9;896,5;1043;21;19,2;24,3;20,6;19,2;17,8;90;69;89;311;8,3;2;
2026/01/22;2000 UTC;0;896,6;896,6;896,4;1047,3;21,9;19;22,1;21;20;18,8;90;83;84;318;4,7;1,4;
2026/01/22;2100 UTC;0;897,1;897,1;896,6;268,9;21,8;19,2;22;21,7;19,2;18,4;86;81;86;344;3,7;1;
2026/01/22;2200 UTC;1,4;897,6;897,6;897,1;37,8;20;18,6;21,8;20;19,4;18,6;92;85;92;37;4,7;2,1;
2026/01/22;2300 UTC;,2;898,1;898,1;897,6;;19,6;18,5;20;19,5;18,8;18,4;94;92;94;42;4,7;1;
2026/01/23;0000 UTC;0;898,3;898,3;898;;19,4;18,4;19,6;19,4;18,6;18,4;94;94;94;32;5,4;2,2;
2026/01/23;0100 UTC;1;899;899;898,3;;19,5;18,5;19,5;19,4;18,6;18,4;94;94;94;37;3,9;2;
2026/01/23;0200 UTC;,2;899,3;899,3;899;;19,5;18,5;19,6;19,4;18,6;18,5;94;94;94;16;5,2;2,3;
2026/01/23;0300 UTC;,6;898,6;899,3;898,6;;19;18;19,5;19;18,5;18;94;94;94;39;5,1;2,3;
2026/01/23;0400 UTC;,2;898,2;898,6;898,2;;19;18,1;19,1;18,9;18,1;17,9;94;94;94;12;4,4;1,8;
2026/01/23;0500 UTC;0;897,5;898,2;897,5;;19,1;18,2;19,1;19;18,2;18,1;95;94;95;6;3,1;1,1;
2026/01/23;0600 UTC;0;897,1;897,5;897;;18,9;18,1;19,1;18,9;18,2;18;95;95;95;345;2,8;1,1;
2026/01/23;0700 UTC;0;896,9;897,1;896,7;;18,7;17,9;19;18,7;18,1;17,9;95;95;95;24;2,4;,7;
2026/01/23;0800 UTC;0;897,4;897,4;896,9;;18,6;17,8;18,8;18,6;18;17,8;95;95;95;40;1,6;,7;
2026/01/23;0900 UTC;,2;898,2;898,2;897,4;;18,4;17,6;18,6;18,3;17,8;17,5;95;95;95;16;3;1,5;
2026/01/23;1000 UTC;0;898,9;898,9;898,2;176,2;19,2;18,4;19,2;18,4;18,4;17,6;95;95;95;22;3,4;1,9;
2026/01/23;1100 UTC;0;899,5;899,5;898,9;402,4;20,3;18,9;20,3;19,2;18,9;18,5;95;92;92;21;4,4;1,8;
2026/01/23;1200 UTC;0;900;900;899,5;877,2;21,1;18,7;21,2;20,3;19,5;18,5;92;86;86;24;5,5;2,7;
2026/01/23;1300 UTC;0;900,2;900,2;900;907,7;22;19;22;21;19,3;18,5;89;82;83;22;5,2;2,6;
2026/01/23;1400 UTC;0;900;900,3;900;1119,5;23,1;18,9;23,2;21,6;19,4;18,3;83;77;78;16;5,9;2,5;
2026/01/23;1500 UTC;0;899,3;900;899,3;1800,2;23,4;19,9;24;21,9;20,2;18,4;84;74;81;21;7,9;2,8;
2026/01/23;1600 UTC;,2;898,5;899,4;898,5;1864,2;23;20,4;24,4;21,5;20,5;18,4;89;72;85;29;7,6;3,1;
2026/01/23;1700 UTC;0;897,7;898,5;897,6;2360,8;24,7;18,7;24,9;21,9;20,6;18;86;69;69;23;9,9;4,3;
2026/01/23;1800 UTC;0;897,2;897,7;897,2;1922,2;24,2;18,4;25,3;23,9;19,1;17,9;72;66;70;21;9,3;3,8;
2026/01/23;1900 UTC;0;896,5;897,2;896,3;1814,4;24,9;18,6;25,8;24,1;19,9;18;73;65;68;22;7,9;3,8;
2026/01/23;2000 UTC;1,8;897,3;897,3;896,5;118,4;19,6;18;24,9;19,6;19,3;18;91;67;91;268;7,5;2,3;
2026/01/23;2100 UTC;18;898,1;898,1;897,1;10,8;19,2;18,3;19,6;19,1;18,5;17,8;95;91;95;318;7,3;1,8;
2026/01/23;2200 UTC;5,6;898,8;898,8;898,1;2,6;19,4;18,6;19,4;19,2;18,6;18,3;95;95;95;9;3,9;1;
2026/01/23;2300 UTC;2,6;899,6;899,6;898,8;;19,2;18,3;19,4;19,1;18,5;18,3;95;95;95;31;2,9;,7;
2026/01/24;0000 UTC;3,8;899,7;899,9;899,6;;19,1;18,3;19,2;19,1;18,4;18,3;95;95;95;33;2,9;1,8;
2026/01/24;0100 UTC;2;899,9;900,1;899,7;;19,2;18,3;19,2;19;18,4;18,2;95;95;95;359;4,6;2,5;
2026/01/24;0200 UTC;1,8;900,2;900,4;899,9;;19,1;18,2;19,2;19;18,3;18,1;95;94;95;359;6,8;2,8;
2026/01/24;0300 UTC;1,4;899,3;900,2;899,3;;19,2;18,2;19,3;19,1;18,3;18,2;95;94;94;4;7,5;1,7;
2026/01/24;0400 UTC;0;899,8;899,8;899,1;;19,3;18,1;19,3;19,1;18,3;18,1;94;93;93;42;5;1,9;
2026/01/24;0500 UTC;,2;899,4;900;899,4;;18,9;17,9;19,3;18,9;18,1;17,8;94;93;94;21;5;1,2;
2026/01/24;0600 UTC;0;899,1;899,4;899;;18,6;17,7;18,9;18,5;17,9;17,6;95;94;95;13;2,4;1;
2026/01/24;0700 UTC;0;899,2;899,2;899;;18,9;18,1;19;18,6;18,1;17,7;95;95;95;357;3,4;1,4;
2026/01/24;0800 UTC;,2;899,2;899,2;899;;18,9;18;19;18,9;18,1;18;95;95;95;360;4,7;2,2;
2026/01/24;0900 UTC;,2;899,8;899,8;899,2;;18,7;17,8;18,9;18,7;18;17,8;95;95;95;341;5,3;1,3;
2026/01/24;1000 UTC;0;900;900;899,8;136,1;19;18,2;19;18,6;18,2;17,8;95;95;95;348;3,4;1,3;
2026/01/24;1100 UTC;0;900,6;900,6;900;274,1;19,8;18,9;19,8;19;18,9;18,2;95;94;94;342;3,8;,8;
2026/01/24;1200 UTC;0;900,8;900,8;900,5;1488,6;21,8;18,8;23,1;19,8;20,6;18,8;94;81;83;326;4,9;2,5;
2026/01/24;1300 UTC;0;901;901;900,7;1471,8;23,5;19,4;23,7;21,8;20;18,9;86;76;78;308;4,9;1,8;
2026/01/24;1400 UTC;0;901;901;900,9;2447,4;25,3;19,2;25,7;23,5;20,4;18,4;80;66;69;352;4,5;2,2;
2026/01/24;1500 UTC;0;900,6;901;900,6;2419,5;25,9;18,7;27,3;25;19,7;17,9;71;58;65;350;6,5;2,7;
2026/01/24;1600 UTC;0;900;900,6;900;2759,2;26,2;19,6;27,3;25,6;20,4;17,2;69;57;67;314;5,7;2,3;
2026/01/24;1700 UTC;0;899,3;900;899,3;2600,7;24,5;20;28,5;24,3;20,7;17,7;76;55;76;305;7,1;3,2;
2026/01/24;1800 UTC;7,8;899,4;899,4;898,5;2278,8;20,4;18,7;27,2;20,4;20,8;18,2;90;61;90;327;9,2;4;
2026/01/24;1900 UTC;8,2;898,4;899,4;898,4;686,4;20,4;19,1;20,4;19,5;19,1;18,2;93;90;92;61;9,2;1,6;
2026/01/24;2000 UTC;0;898,1;898,4;898,1;406,7;21;19;21,3;20,4;19,5;18,8;92;87;88;46;4,5;1,4;
2026/01/24;2100 UTC;0;899,3;899,3;898;72,9;20,9;19,5;21,1;20,8;19,6;19;92;88;92;37;3,1;,5;
2026/01/24;2200 UTC;0;900;900;899,2;6,6;21;19,7;21,2;20,7;19,9;19,3;93;91;92;57;2,2;,8;
2026/01/24;2300 UTC;0;900,1;900,2;899,8;;20,5;19,3;21,1;20,4;19,8;19,2;93;92;93;3;1,9;,4;
2026/01/25;0000 UTC;,2;900,7;900,7;900,1;;20,3;19,2;20,7;20,3;19,6;19,2;94;93;94;359;2,3;1,2;
2026/01/25;0100 UTC;,2;901,1;901,3;900,7;;20,3;19,2;20,5;20,1;19,4;19;94;93;94;54;2,3;,8;
2026/01/25;0200 UTC;0;901;901,1;900,9;;20,2;19,3;20,3;19,8;19,3;18,8;94;94;94;208;1,8;,8;
2026/01/25;0300 UTC;0;901;901,2;901;;20,3;19,3;20,5;20,2;19,6;19,3;95;94;94;201;2,6;,7;
2026/01/25;0400 UTC;0;900,8;901,1;900,8;;20;19,2;20,3;20;19,3;19,1;95;94;95;191;2,2;,9;
2026/01/25;0500 UTC;0;900,1;900,8;900,1;;19,2;18,3;20,1;19,2;19,2;18,3;95;95;95;33;2,2;,3;
2026/01/25;0600 UTC;0;900;900,2;900;;18,7;17,8;19,2;18,7;18,3;17,8;95;95;95;146;1,5;,6;
2026/01/25;0700 UTC;0;900,2;900,3;900;;19;18,2;19;18,2;18,2;17,4;95;95;95;157;1,6;,5;
2026/01/25;0800 UTC;,2;900,3;900,3;900,2;;18,1;17,3;19;18,1;18,2;17,3;95;95;95;94;1,2;,3;
2026/01/25;0900 UTC;0;901;901;900,2;;18,5;17,8;18,5;18,1;17,8;17,3;95;95;95;167;2,2;1,1;
2026/01/25;1000 UTC;0;901,9;901,9;901;125,6;19,2;18,4;19,2;17,9;18,4;17,1;96;95;96;217;2,3;,7;
2026/01/25;1100 UTC;0;902,6;902,7;901,9;558,5;20,2;19,2;20,4;19,2;19,6;18,5;96;94;94;82;6;2,3;
2026/01/25;1200 UTC;0;902,9;902,9;902,3;790,7;22;19,1;22,1;20,2;19,9;18,6;94;83;83;224;5,6;,8;
2026/01/25;1300 UTC;0;903,3;903,3;902,9;1193,3;23,7;19;23,8;22;19,5;18,5;85;75;75;109;3,9;1,6;
2026/01/25;1400 UTC;0;903,7;903,7;903,2;1699,9;22,7;18;23,9;22,5;20;17,8;79;73;75;54;9,7;4,4;
2026/01/25;1500 UTC;0;903,1;903,7;903,1;2513,3;23,4;18,6;24,1;22,7;18,9;17,8;76;71;75;41;10,3;4,5;
2026/01/25;1600 UTC;0;903;903,1;902,8;1233,8;21,8;18,3;23,6;21,6;18,5;18,1;82;72;81;101;10;4,2;
2026/01/25;1700 UTC;0;902,5;903,4;902,5;650,3;21,7;18,2;21,8;21;18,3;17,8;83;80;81;104;10;2,7;
2026/01/25;1800 UTC;0;901,6;902,5;901,6;1237,6;22,8;17,6;22,8;21,5;18,3;17,3;81;72;73;135;6,2;1,4;
2026/01/25;1900 UTC;0;900,4;901,6;900,4;1010,5;23,2;17,9;23,3;22,8;18,3;16,5;75;68;72;172;2,7;1,4;
2026/01/25;2000 UTC;0;899,9;900,4;899,9;820,6;23,3;18;23,5;23,1;18,4;17,4;74;69;72;94;2,9;1,4;
2026/01/25;2100 UTC;0;900,2;900,2;899,8;508,6;22,4;18,1;23,4;22,4;18,1;17,3;77;70;77;83;4,7;1,7;
2026/01/25;2200 UTC;0;900,7;900,7;900,2;82,9;19,8;17,5;22,4;19,8;18,1;17,5;86;76;86;224;4,6;1,1;
2026/01/25;2300 UTC;0;901,4;901,4;900,7;;18,6;17,2;19,8;18,6;17,5;17,2;92;86;92;66;1,7;,4;
2026/01/26;0000 UTC;0;902,1;902,1;901,4;;18,1;16,9;18,6;18,1;17,2;16,8;93;92;93;91;1,8;,6;
2026/01/26;0100 UTC;0;902,9;902,9;902;;17,6;16,4;18,1;17,6;17;16,4;93;93;93;257;2,2;,6;
2026/01/26;0200 UTC;0;902,8;903;902,8;;18,8;17,4;18,8;17,6;17,5;16,4;93;92;92;141;3,6;2;
2026/01/26;0300 UTC;0;902,4;902,8;902,4;;18,1;17;18,9;17,9;17,4;16,5;93;90;93;168;3,9;1,4;
2026/01/26;0400 UTC;0;901,9;902,4;901,9;;17;16;18,1;17;17;16;94;93;94;192;2,9;1;
2026/01/26;0500 UTC;0;901,5;901,9;901,5;;17,1;16,2;17,3;17;16,4;16;95;94;94;176;2,4;1,4;
2026/01/26;0600 UTC;0;901,4;901,5;901,3;;17;16,1;17,4;16,8;16,5;16;95;94;95;159;2,8;,9;
2026/01/26;0700 UTC;0;901,4;901,5;901,4;;16,7;15,9;17,2;16,7;16,4;15,9;95;95;95;156;2,5;,7;
2026/01/26;0800 UTC;0;901,5;901,5;901,3;;16,3;15,6;16,7;16,1;15,8;15,3;95;95;95;212;1,9;,3;
2026/01/26;0900 UTC;0;902,2;902,2;901,5;;15,4;14,7;16,3;15,3;15,5;14,6;95;95;95;178;1,8;,7;
2026/01/26;1000 UTC;0;902,6;902,6;902,2;197,3;18,6;17,9;18,6;15,4;17,9;14,6;96;95;96;208;2,9;1,2;
2026/01/26;1100 UTC;0;903;903;902,6;1188,3;22,2;19,6;22,2;18,6;20,6;17,9;96;85;85;109;4,8;2,2;
2026/01/26;1200 UTC;0;903,7;903,7;903;1477;23,7;18,7;23,7;22,2;19,6;18,5;85;74;74;105;6,3;2,8;
2026/01/26;1300 UTC;0;903,6;903,8;903,6;2614,9;25,5;18,9;25,7;23,7;19,6;18,3;75;65;67;95;6,4;2,8;
2026/01/26;1400 UTC;0;903,4;903,6;903,4;3767;26,7;18,6;27,6;25,2;19,4;17,6;68;55;61;88;6,7;3;
2026/01/26;1500 UTC;0;903;903,4;903;3430,1;26,4;17,7;27,6;26,4;19,5;16,8;63;55;59;99;7,4;3,5;
2026/01/26;1600 UTC;0;902,6;903,1;902,6;3096,8;28,1;17,1;28,3;26,1;18,7;16,9;62;51;51;91;7,2;2,8;
2026/01/26;1700 UTC;0;902;902,6;902;2935,9;27,5;17,6;28,7;26,9;18,2;16,6;58;49;55;102;7,6;2,8;
2026/01/26;1800 UTC;0;901,3;902;901,3;2892,5;28,7;17,1;28,8;27,4;18,8;16,6;56;49;49;96;7;3,2;
2026/01/26;1900 UTC;0;900,4;901,3;900,4;3147,8;28,3;13,7;29;28;18,1;13,7;54;40;41;87;6,8;3,2;
2026/01/26;2000 UTC;0;900,2;900,4;900,1;1941,9;28,4;14,4;28,9;28,3;14,4;13;43;38;42;95;6,9;2,9;
2026/01/26;2100 UTC;0;900,2;900,3;900,2;823,4;26,5;16,7;28,5;26,5;16,9;13,8;55;42;55;100;6;2,8;
2026/01/26;2200 UTC;0;900,2;900,3;900,1;39,6;23;17,6;26,5;23;17,7;16,6;72;55;72;106;6;1,3;
2026/01/26;2300 UTC;0;900,9;900,9;900,2;;21,8;17,6;23;21,8;17,8;17,4;77;72;77;96;2,9;1,2;
2026/01/27;0000 UTC;0;901,8;901,8;900,9;;19,7;17,3;21,8;19,6;17,6;17;87;77;87;46;2,3;,5;
2026/01/27;0100 UTC;0;901,9;901,9;901,7;;20,6;17,4;20,7;19,6;17,6;17,3;88;82;82;75;3,3;1,5;
2026/01/27;0200 UTC;0;901,9;902;901,9;;20,3;17,3;20,9;20,3;17,6;17,3;83;81;83;69;3,8;1,1;
2026/01/27;0300 UTC;0;901,6;902;901,5;;18,6;16,9;20,3;18,6;17,3;16,7;90;83;90;262;2,3;,9;
2026/01/27;0400 UTC;0;901,5;901,7;901,5;;19;17,5;19;18,5;17,5;16,9;91;90;91;33;2,8;1;
2026/01/27;0500 UTC;0;901,2;901,6;901,2;;19;17,3;19,2;18,3;17,5;16,6;91;88;90;50;2,8;1,2;
2026/01/27;0600 UTC;0;901;901,2;900,9;;17,8;16;19;17,8;17,3;16;91;89;89;88;2,4;1,2;
2026/01/27;0700 UTC;0;901;901,1;900,9;;16,5;15,3;17,8;16,5;16,3;15,3;93;89;93;51;2,6;,8;
2026/01/27;0800 UTC;0;901,3;901,3;900,9;;15,8;14,7;16,5;15,8;15,3;14,7;94;93;93;80;1,1;,4;
2026/01/27;0900 UTC;0;901,4;901,4;901,1;;15,9;15,1;16;15,4;15,1;14,4;95;93;95;261;1,4;,3;
2026/01/27;1000 UTC;0;901,8;901,9;901,4;211,1;18,3;17,5;18,3;15,8;17,5;14,9;95;94;95;73;1,9;,8;
2026/01/27;1100 UTC;0;902,2;902,2;901,8;1189,8;22,9;17;22,9;18,4;18,4;17;95;70;70;105;5,8;2,6;
2026/01/27;1200 UTC;0;902,3;902,4;902,2;2091,7;24,5;17,1;24,7;22,9;17,7;16,7;70;63;64;92;7,4;3,4;
2026/01/27;1300 UTC;0;902,6;902,7;902,3;2908;26,3;18,6;26,3;24,4;18,8;17;65;59;62;74;6,6;2,2;
2026/01/27;1400 UTC;0;902,7;902,7;902,6;3418,2;26,9;17,5;27,4;25,9;18,4;16,7;62;52;56;97;6,5;2,6;
2026/01/27;1500 UTC;0;902,4;902,8;902,4;3998,3;28,4;17,2;28,8;26,6;18,1;16,2;56;47;51;97;5,7;2,5;
2026/01/27;1600 UTC;0;901,9;902,4;901,9;3086,7;27;16;28,7;26,8;17,4;15,2;54;45;51;48;6,4;2,1;
2026/01/27;1700 UTC;0;900,8;901,9;900,8;2826,1;27,8;16,8;29,2;26,9;17,5;15,9;55;46;51;68;4,8;2,1;
2026/01/27;1800 UTC;0;899,9;900,8;899,9;2728,6;29,3;17,1;29,5;27,3;17,7;15,7;54;44;48;117;6,5;2,7;
2026/01/27;1900 UTC;0;899,1;899,9;899,1;2524,3;29,1;16,3;29,6;27;18,1;15,9;56;44;46;93;6,5;3,3;
2026/01/27;2000 UTC;0;898,7;899,1;898,7;2101,8;27,9;16,7;29,6;27,9;17,3;14,8;52;43;51;57;7;2,6;
2026/01/27;2100 UTC;0;899;899,1;898,7;773;25,8;17,1;28,1;25,8;17,3;15,9;59;48;59;68;6,3;1,7;
2026/01/27;2200 UTC;0;899,5;899,5;898,9;26,7;23;17,7;25,8;23;17,9;16,8;72;59;72;103;4,4;1,3;
2026/01/27;2300 UTC;0;900,6;900,6;899,5;;21;17,3;23;21;18,1;17,2;80;72;80;93;2,5;1,3;
2026/01/28;0000 UTC;0;901,1;901,1;900,6;;20,6;16,8;21;20,5;17,5;16,8;82;78;79;76;3;1,4;
2026/01/28;0100 UTC;0;901,9;902;901,1;;21,4;16,9;21,6;20,6;16,9;16,7;79;74;75;94;3,6;1,4;
2026/01/28;0200 UTC;0;901,9;902,1;901,9;;20,9;16,6;21,4;20,9;16,9;16,5;77;74;77;92;2,9;1,5;
2026/01/28;0300 UTC;0;901,4;901,9;901,4;;20,8;16,3;21;20,8;16,6;16,3;77;75;76;91;4,2;2;
2026/01/28;0400 UTC;0;901,3;901,5;901,3;;21,1;16,4;21,1;20,8;16,4;16,2;76;74;74;85;4,1;1,7;
2026/01/28;0500 UTC;0;901;901,3;901;;19,6;16,2;21,3;19,6;16,6;16;81;73;81;326;3,9;,9;
2026/01/28;0600 UTC;0;900,6;901;900,6;;20,1;16,5;21;19,6;16,7;15,9;82;74;79;15;2,7;,8;
2026/01/28;0700 UTC;0;900,5;900,6;900,5;;19,5;16,4;20,7;19,5;16,5;16,1;82;75;82;44;2,3;,8;
2026/01/28;0800 UTC;0;900,8;900,8;900,5;;19;16,1;19,7;19;16,5;16;84;81;83;75;4,2;1;
2026/01/28;0900 UTC;0;901,5;901,5;900,8;;18;15,8;19,6;18;16,3;15,7;87;80;87;99;3,4;,5;
2026/01/28;1000 UTC;0;901,8;901,8;901,5;170,9;19,8;15,8;19,8;17,5;16,4;15,6;90;78;78;39;2,5;,8;
2026/01/28;1100 UTC;0;902,6;902,6;901,8;714,2;22,4;16,6;22,4;19,8;16,8;15,8;79;69;70;99;3,1;1,2;
2026/01/28;1200 UTC;0;902,9;902,9;902,5;1534,2;24,7;16,7;24,8;22,3;17,4;16,3;71;61;61;46;5,1;1,9;
2026/01/28;1300 UTC;0;902,9;903,1;902,9;2842;26,5;17,5;26,5;24,4;17,6;16,1;62;57;58;54;6,8;2,9;
2026/01/28;1400 UTC;0;902,7;903;902,7;3243,2;26,5;16,4;27,2;26;18,1;15,6;60;51;54;5;6,8;2,2;
2026/01/28;1500 UTC;0;902,3;902,7;902,3;3361,5;27,1;17,4;28,5;26,6;17,7;15,2;56;45;55;354;6;2,4;
2026/01/28;1600 UTC;0;901,7;902,3;901,7;3144;27,9;16,2;29,3;27,1;17,4;14,5;55;41;49;6;7,6;2,4;
2026/01/28;1700 UTC;0;901,2;901,7;901,2;1571,1;27,8;17,4;28,6;27,7;17,6;15,6;54;45;53;30;5,2;2,5;
2026/01/28;1800 UTC;0;900,1;901,2;900,1;1601,5;27,7;18;29,2;27,4;18,4;16,9;58;49;56;17;5,9;1,6;
2026/01/28;1900 UTC;0;899,6;900,1;899,4;1707,3;27,4;17,3;29,1;27,4;18,5;16,3;57;47;54;324;4,3;1,2;
2026/01/28;2000 UTC;0;899,4;899,6;899,2;403,4;25,1;18,3;27,4;25,1;19,2;17;66;54;66;287;5,7;2,6;
2026/01/28;2100 UTC;0;899,6;899,6;899,2;249,6;24,7;19,3;25,1;24,4;19,3;18,3;72;66;72;360;5,7;,7;
2026/01/28;2200 UTC;0;900,1;900,1;899,6;68,8;23;18,9;24,7;23;19,3;18,6;78;71;78;99;4;,8;
2026/01/28;2300 UTC;0;901,6;901,6;900,1;;22,1;19,1;23;21,9;19,2;18,4;84;78;83;193;1,4;,4;
2026/01/29;0000 UTC;0;901,9;901,9;901,2;;21;18,4;22,1;21;19,1;18,4;86;83;85;43;2;1;
2026/01/29;0100 UTC;0;903,2;903,2;901,9;;20,9;17,3;21,3;20,9;18,6;17,3;86;80;80;270;4,2;1,6;
2026/01/29;0200 UTC;0;902,8;903,2;902,8;;20,1;17,4;20,9;20,1;17,5;17;85;80;85;66;3,5;,6;
2026/01/29;0300 UTC;0;902,7;902,8;902,6;;19,9;18;20,1;19,8;18;17,4;89;85;88;174;1,8;,8;
2026/01/29;0400 UTC;0;902,3;902,7;902,2;;19,5;17,1;20;19,5;18;17;89;85;86;97;2,9;,9;
2026/01/29;0500 UTC;0;901,9;902,4;901,9;;20;17,6;20;19,4;17,6;16,8;86;84;86;71;3,6;1,1;
2026/01/29;0600 UTC;0;901,2;902,3;901,2;;18,6;16,9;20,1;18,6;17,6;16,7;90;84;90;108;6,7;,8;
2026/01/29;0700 UTC;0;901,7;901,7;901,1;;18,4;17,1;18,7;18,4;17,2;16,9;92;90;92;140;2,3;1,2;
2026/01/29;0800 UTC;0;901,9;901,9;901,6;;17,8;16,6;18,4;17,8;17,1;16,5;93;92;93;167;2,4;1;
2026/01/29;0900 UTC;0;902,2;902,2;901,9;;17,6;16,5;17,8;17,4;16,7;16,3;94;93;94;169;3,1;1,1;
2026/01/29;1000 UTC;0;902,4;902,4;902,1;168,1;18,5;17,3;18,5;17,5;17,4;16,5;94;93;93;180;3,3;1,4;
2026/01/29;1100 UTC;0;902,8;902,8;902,4;425,1;19,5;17,1;19,6;18,5;17,7;17,1;93;86;86;186;3,3;1;
2026/01/29;1200 UTC;0;903,5;903,5;902,8;520,8;20,8;17,5;20,8;19,5;17,8;17,2;87;81;82;185;2;,7;
2026/01/29;1300 UTC;0;903,3;903,5;903,3;1801,2;24,7;18,1;24,7;20,8;18,3;17,4;83;66;67;163;2,1;,9;
2026/01/29;1400 UTC;0;902,8;903,3;902,8;3410,2;27,9;17;27,9;24,7;18,4;17;67;52;52;71;5,5;2,7;
2026/01/29;1500 UTC;0;902,4;902,8;902,4;2828,8;26,8;17,2;28,3;26,8;18,2;16;57;50;56;56;7;2,8;
2026/01/29;1600 UTC;0;901,5;902,4;901,5;2541,6;27,4;17,4;28,1;26,3;18,1;16,3;58;52;55;28;7,2;2,7;
2026/01/29;1700 UTC;0;900,9;901,5;900,9;2022,1;26,4;17,6;27,5;26,4;17,8;16,5;59;52;58;37;6,6;2,8;
2026/01/29;1800 UTC;0;900,7;900,9;900,7;624,1;25,7;18,6;26,4;25,5;18,6;16,8;65;56;65;27;5,5;1,4;
2026/01/29;1900 UTC;0;899,4;900,7;899,4;391,3;24;18,6;25,7;24;19,1;17,9;72;63;72;291;3,8;1,4;
2026/01/29;2000 UTC;0;899,1;899,4;899;797,8;24,1;18,1;24,5;23,7;18,7;17,7;72;66;69;302;4;1,6;
2026/01/29;2100 UTC;0;898,9;899,2;898,9;413,1;22,5;17,7;24,4;22,5;18,4;17,6;75;68;74;4;3,7;,6;
2026/01/29;2200 UTC;0;899,4;899,4;898,8;44,8;20,3;17,6;22,5;20,3;18,1;17,6;85;74;85;11;2;,4;
2026/01/29;2300 UTC;0;900,2;900,2;899,4;;19,1;17,3;20,3;19,1;17,6;17,3;89;85;89;72;2;,4;
2026/01/30;0000 UTC;0;900,5;900,7;900,2;;18,3;16,9;19,1;18,3;17,2;16,8;91;89;91;12;1,3;,5;
2026/01/30;0100 UTC;0;901,4;901,4;900,5;;17,7;16,3;18,3;17,6;16,8;16,2;92;91;92;39;2;1,3;
2026/01/30;0200 UTC;0;901,7;901,8;901,4;;18,3;17;18,3;17,5;17;16,1;93;92;92;160;2,4;,4;
2026/01/30;0300 UTC;0;900,9;901,8;900,9;;18,5;17,2;18,6;18,3;17,3;17;93;92;92;14;1,5;,3;
2026/01/30;0400 UTC;0;900,4;901;900,4;;18,8;17,5;18,8;18,5;17,5;17,1;92;92;92;19;2,5;,8;
2026/01/30;0500 UTC;0;899,9;900,4;899,9;;18,5;17,3;18,8;18,5;17,5;17,3;93;92;93;118;2,1;,3;
2026/01/30;0600 UTC;0;899;899,9;899;;18;16,9;18,5;18;17,3;16,9;94;93;93;99;,9;,3;
2026/01/30;0700 UTC;0;899;899;898,8;;17,5;16,5;18;17,4;16,9;16,4;94;93;94;82;1,6;,7;
2026/01/30;0800 UTC;0;899,2;899,2;898,9;;17,5;16,6;17,5;17,3;16,6;16,4;94;94;94;20;1,6;,6;
2026/01/30;0900 UTC;0;899,9;899,9;899,2;;17,5;16,6;17,6;17,3;16,7;16,4;95;94;95;33;1,8;,9;
2026/01/30;1000 UTC;0;900,4;900,4;899,9;214,4;19,6;18,2;19,6;17,5;18,2;16,6;95;91;91;40;2,1;1;
2026/01/30;1100 UTC;0;900,9;900,9;900,4;578,3;21,6;18,6;21,6;19,6;18,6;18;91;82;83;31;2,1;1,1;
2026/01/30;1200 UTC;0;901,4;901,5;900,9;1322,1;23,9;18,3;23,9;21,6;18,9;17,9;83;70;71;313;5,6;2,6;
2026/01/30;1300 UTC;0;901,9;901,9;901,4;1468;24,8;18,8;24,8;23,8;18,9;18;73;67;69;294;6,9;3,2;
2026/01/30;1400 UTC;0;901,8;902;901,8;2210,4;26,5;19,5;26,6;24,7;20,2;18,5;72;66;66;275;7,8;2,7;
2026/01/30;1500 UTC;0;900,9;901,8;900,9;2505,4;26,6;19,4;27,6;25,7;20,5;18,5;68;60;65;295;7,2;2,5;
2026/01/30;1600 UTC;0;900;900,9;900;1523,7;23;18,6;26,6;22;19,4;16;80;62;77;334;7,5;2,7;
2026/01/30;1700 UTC;0;898,8;900;898,8;3587,6;26,9;19,3;27,3;23;19,7;17,9;77;58;63;330;7,5;3,1;
2026/01/30;1800 UTC;0;898,1;898,9;898,1;2353,5;27,6;19;28,5;26,6;19,9;17,9;64;56;60;317;7,4;2,6;
2026/01/30;1900 UTC;0;897,7;898,5;897,7;1720,8;22,5;18,5;29;21,5;19,6;16,1;81;53;78;359;13,7;1,8;
2026/01/30;2000 UTC;0;898;898;897,7;1031;24;18,9;24,3;22,3;19,1;17,7;78;67;73;14;3,7;1,1;
2026/01/30;2100 UTC;0;898,1;898,4;897,9;167,5;22,4;18,9;24;22,4;19,1;18,4;81;71;81;193;4,4;2,1;
2026/01/30;2200 UTC;0;898,3;898,3;897,9;61,4;21;18,6;22,4;21;19;18,5;86;81;86;128;4,4;,8;
2026/01/30;2300 UTC;0;899,8;899,8;898,3;;20,4;18,6;21,1;20,4;18,7;18,4;89;86;89;53;1,9;1,1;
2026/01/31;0000 UTC;0;900,3;900,3;899,8;;20,1;18,6;20,5;20,1;18,9;18,6;91;89;91;38;2,4;1,2;
2026/01/31;0100 UTC;0;900,8;900,8;900,3;;19,7;18,4;20,1;19,7;18,7;18,3;92;91;92;53;2,1;1;
2026/01/31;0200 UTC;0;900,8;900,9;900,8;;19,9;18,5;20;19,7;18,6;18,3;92;92;92;52;1,9;1,1;
2026/01/31;0300 UTC;0;901;901;900,2;;20;18,7;20;19,7;18,8;18,3;93;92;92;307;6,1;1,9;
2026/01/31;0400 UTC;4,4;900,2;901;900,2;;17,8;16,6;20,1;17,7;18,6;16,2;93;85;93;345;8;1;
2026/01/31;0500 UTC;1;899,7;900,2;899,7;;17,8;16,9;17,8;17,7;16,9;16,6;94;93;94;332;3,3;,6;
2026/01/31;0600 UTC;,6;898,9;899,8;898,9;;17,7;16,8;17,9;17,7;17;16,8;94;94;94;29;2,9;1,1;
2026/01/31;0700 UTC;1;898,7;898,9;898,5;;17,9;17;17,9;17,7;17;16,8;95;94;95;13;3,8;,8;
2026/01/31;0800 UTC;0;898,6;898,9;898,6;;18,1;17,3;18,1;17,9;17,3;17;95;95;95;20;1,7;,8;
2026/01/31;0900 UTC;0;898,8;898,8;898,5;;18,3;17,6;18,4;18;17,7;17,3;96;95;96;9;2;1,1;
2026/01/31;1000 UTC;0;899,2;899,3;898,8;107,4;19;18,3;19;18,3;18,3;17,6;96;96;96;14;2,2;,6;
2026/01/31;1100 UTC;0;900;900;899,2;346,8;19,9;19,2;19,9;18,9;19,2;18,1;96;96;96;16;1,8;,8;
2026/01/31;1200 UTC;0;900,6;900,6;900;953,7;21,9;20,9;22;19,8;21,1;19,1;96;94;94;5;2,5;1,2;
2026/01/31;1300 UTC;0;900,7;900,7;900,6;2538,5;25,5;20,8;25,5;21,9;21,4;19,2;94;72;75;330;5;2,4;
2026/01/31;1400 UTC;0;900,4;900,7;900,4;3061,8;26,9;20,1;27,1;24,9;21,1;19,1;75;65;66;294;6,2;2,7;
2026/01/31;1500 UTC;0;899,8;900,4;899,8;3547,8;27,3;18,8;28,1;26,1;20,9;18,8;70;58;59;309;7;3;
2026/01/31;1600 UTC;0;899;899,8;898,9;3660,9;28,7;19,4;28,7;27,3;20,6;18,4;64;56;57;295;8,5;3,1;
2026/01/31;1700 UTC;3,4;897,8;899;897,8;2914,4;26,3;21,3;29;22,2;22;18;86;54;74;302;9,4;2,5;
2026/01/31;1800 UTC;,2;897,5;897,9;897,2;3405,1;25,9;19,6;26,7;24,3;21,6;19,1;78;67;68;347;12,3;3,1;
2026/01/31;1900 UTC;0;897,4;897,5;896,8;1909,3;24,4;19,2;26,5;24,4;19,8;17,9;73;61;73;303;6,9;2,7;
2026/01/31;2000 UTC;0;897,1;897,4;896,8;138,8;21,7;18,6;24,3;21,6;19,3;17,7;83;72;83;307;8,4;1;
2026/01/31;2100 UTC;,8;896,9;897,3;896,9;102,9;20,6;18,9;21,7;20,4;19;18,2;90;81;90;339;3,1;,9;
2026/01/31;2200 UTC;,2;898;898;896,9;73,6;20,1;18,7;20,7;20,1;19,2;18,7;92;90;92;27;2,3;1,3;
2026/01/31;2300 UTC;0;899,2;899,2;898;;19,8;18,5;20,1;19,6;18,7;18,2;92;91;92;36;2,7;1;
2026/02/01;0000 UTC;0;899,6;899,6;899,2;;19,4;18,2;19,8;19,4;18,4;18,1;92;91;92;58;2,4;,6;
2026/02/01;0100 UTC;0;900,8;900,8;899,6;;19,4;18,2;19,7;19,3;18,5;18;93;92;93;7;2,4;,4;
2026/02/01;0200 UTC;0;900,7;900,9;900,6;;19,6;18,5;19,7;19,4;18,6;18,2;93;93;93;328;2;1;
2026/02/01;0300 UTC;0;900,3;900,7;900,3;;19,6;18,5;19,8;19,5;18,7;18,4;94;93;94;325;3,3;,6;
2026/02/01;0400 UTC;0;900,1;900,4;900,1;;19,4;18,4;19,6;19,4;18,5;18,3;94;94;94;281;1,6;,6;
2026/02/01;0500 UTC;0;899,6;900,1;899,5;;19,2;18,3;19,4;19,1;18,4;18,1;94;94;94;355;2,1;1,2;
2026/02/01;0600 UTC;0;899;899,6;899;;19,3;18,4;19,3;19,2;18,4;18,3;95;94;95;4;3,6;1,2;
2026/02/01;0700 UTC;,2;899,3;899,3;899;;19,1;18,2;19,5;19,1;18,6;18,2;95;94;95;2;3,2;1,7;
2026/02/01;0800 UTC;0;899,4;899,4;899,2;;19,1;18,2;19,2;19;18,3;18,1;95;95;95;337;4,7;2,3;
2026/02/01;0900 UTC;0;899,7;899,7;899,2;;18,9;17,9;19,1;18,9;18,2;17,9;95;94;94;360;4,7;1,5;
2026/02/01;1000 UTC;0;899,7;899,9;899,7;101,6;19,4;18,5;19,4;18,9;18,5;18;95;94;94;11;3,5;1,5;
2026/02/01;1100 UTC;0;900,1;900,1;899,7;709,2;21,4;18,7;21,4;19,4;19,3;18,5;94;84;84;343;3,4;1,8;
2026/02/01;1200 UTC;0;900,4;900,4;900,1;1960,1;23,8;18,5;23,9;21,4;19;18;84;70;72;314;4,9;1,7;
2026/02/01;1300 UTC;0;900,7;900,7;900,4;1505;23,7;19,2;24,3;23,4;19,5;18,1;76;72;76;280;4,4;2,4;
2026/02/01;1400 UTC;0;900,4;900,7;900,3;1925,6;25;19,1;25,5;23,2;20,5;18,8;79;70;70;282;7,8;3,5;
2026/02/01;1500 UTC;0;900;900,4;900;2890;25,6;18,7;26,3;25;19,6;18,2;70;64;66;296;8,7;2,7;
2026/02/01;1600 UTC;0;899,5;900;899,5;1736,3;25,1;19;25,9;24,7;19,5;18,2;70;64;69;289;6,4;1,8;
2026/02/01;1700 UTC;0;898,8;899,5;898,8;2341,2;25,8;19,2;26,2;25,1;19,7;18,4;70;64;67;304;7,4;3;
2026/02/01;1800 UTC;0;897,3;898,8;897,3;1557,8;24,3;19,3;25,9;23,8;19,7;18,4;75;66;74;304;7,1;2,1;
2026/02/01;1900 UTC;0;896,3;897,3;896,3;2565,6;26,6;18,9;26,7;24,2;19,6;18,1;74;60;63;292;8,1;3;
2026/02/01;2000 UTC;0;896,3;896,4;896,2;1531,2;25,6;18,8;27,2;25,5;19,4;17,9;67;60;66;312;7,4;2,6;
2026/02/01;2100 UTC;0;896,8;896,8;896,3;710,2;25,2;18,9;26,1;25,2;19,6;18,5;69;65;68;315;5,3;2,3;
2026/02/01;2200 UTC;0;897,8;897,8;896,8;70,5;22,6;18,4;25,2;22,6;19;18,3;78;67;78;331;4,9;,9;
2026/02/01;2300 UTC;0;899;899;897,8;;21,2;18,7;22,6;21,1;18,8;18,3;86;78;86;83;2;1;
2026/02/02;0000 UTC;0;899,6;899,6;899;;20,4;18,6;21,3;20,3;18,9;18,2;89;85;89;52;1,7;,6;
2026/02/02;0100 UTC;0;900;900;899,6;;20,3;18,1;20,4;19,9;18,5;17,8;89;87;87;42;2,3;1,1;
2026/02/02;0200 UTC;0;900,2;900,3;900;;18,8;17,4;20,3;18,8;18,1;17,3;91;87;91;94;1,8;,7;
2026/02/02;0300 UTC;0;900,1;900,3;900,1;;18,5;17,2;18,9;18,5;17,6;17,2;92;91;92;87;1,4;,7;
2026/02/02;0400 UTC;0;899,9;900,4;899,9;;18,8;17,3;18,8;18,4;17,5;17,1;93;91;91;51;2,7;,8;
2026/02/02;0500 UTC;0;899,5;899,9;899,5;;19,9;17,8;20;18,7;18,4;17,3;92;88;88;2;5,1;1,9;
2026/02/02;0600 UTC;,2;899,2;899,5;899,2;;19,2;18,1;19,9;19;18,1;17,7;93;88;93;12;4,3;1,1;
2026/02/02;0700 UTC;0;898,9;899,2;898,9;;19,1;18;19,8;19,1;18,7;18;94;93;93;21;4,1;1,1;
2026/02/02;0800 UTC;0;899,1;899,1;898,8;;18,7;17,7;19,2;18,7;18,2;17,7;94;93;94;54;3,4;,5;
2026/02/02;0900 UTC;0;899,4;899,4;899,1;;18,3;17,4;18,7;18,2;17,7;17,3;95;94;95;63;1,5;,8;
2026/02/02;1000 UTC;0;899,7;899,7;899,4;135,5;19,3;18,4;19,3;18,3;18,4;17,4;95;95;95;61;1,5;,4;
2026/02/02;1100 UTC;0;900;900;899,7;688,8;21,7;19,9;21,7;19,3;20,2;18,5;95;89;89;330;2,1;1;
2026/02/02;1200 UTC;0;900,6;900,6;900;1996,1;24,4;19,6;24,9;21,7;20,4;19,2;89;72;75;277;5,1;2,1;
2026/02/02;1300 UTC;0;900,6;900,7;900,6;2878,9;26,7;19,6;26,7;24,4;20,2;18,5;75;63;65;277;5,8;1,9;
2026/02/02;1400 UTC;0;900,3;900,6;900,2;3399,7;27,7;18,3;27,9;26,1;20,3;18;68;57;57;302;5,3;2,2;
2026/02/02;1500 UTC;0;899,4;900,3;899,4;2813,7;28,4;18,3;28,8;27,3;19,4;16,8;60;51;54;256;5,7;2,6;
2026/02/02;1600 UTC;0;898,5;899,4;898,5;2222;27,6;18,7;28,8;27,6;20,1;17,4;61;51;59;219;5,6;2,1;
2026/02/02;1700 UTC;0;897,4;898,5;897,4;3074,2;30,2;15,4;30,5;27,6;19,8;15,4;61;41;41;294;6,9;2,9;
2026/02/02;1800 UTC;0;896,5;897,4;896,4;3023,6;29,7;17,2;30,6;29,1;18,7;15,2;51;40;47;308;7;2,9;
2026/02/02;1900 UTC;0;896,5;896,7;896,4;1768,1;25,7;18,9;30,7;25,7;19;16,2;66;44;66;206;7;3,4;
2026/02/02;2000 UTC;17,2;897,7;897,7;896,3;335,8;20,4;19,2;25,7;20,3;19,3;18,4;93;66;93;220;6,7;3,1;
2026/02/02;2100 UTC;11,8;898,4;898,4;897,7;32,7;20,6;19,8;20,7;20,1;19,9;19,2;95;93;95;177;7,9;1,4;
2026/02/02;2200 UTC;1;899,1;899,1;898,4;7,5;20,4;19,6;20,6;20,4;19,9;19,6;95;95;95;284;3,5;,8;
2026/02/02;2300 UTC;0;899,3;899,3;898,8;;20,2;19,5;20,5;20,2;19,7;19,4;95;95;95;310;1,9;,8;
2026/02/03;0000 UTC;0;900,4;900,4;899,3;;20,4;19,6;20,4;20,2;19,6;19,4;95;95;95;277;1,6;,8;
2026/02/03;0100 UTC;0;900,7;900,7;900,4;;20,3;19,5;20,5;20,3;19,7;19,5;95;95;95;347;1,4;,6;
2026/02/03;0200 UTC;0;900,6;900,7;900,5;;20,1;19,3;20,3;20;19,6;19,3;95;95;95;23;1,1;,5;
2026/02/03;0300 UTC;0;900,4;900,7;900,4;;20;19,2;20,1;19,9;19,3;19,1;95;95;95;5;1,7;,7;
2026/02/03;0400 UTC;0;900,1;900,4;900,1;;19,8;19,1;20;19,8;19,2;19;95;95;95;303;2,8;1,2;
2026/02/03;0500 UTC;0;899,8;900,1;899,8;;19,8;19,1;19,9;19,7;19,1;19;95;95;95;315;3,2;1;
2026/02/03;0600 UTC;0;899,7;899,8;899,7;;19,8;19;19,9;19,7;19,1;19;95;95;95;305;2,4;,9;
2026/02/03;0700 UTC;0;899,5;899,7;899,5;;19,7;18,9;19,9;19,6;19,1;18,9;95;95;95;356;2;,9;
2026/02/03;0800 UTC;0;899,4;899,5;899,4;;19,5;18,8;19,7;19,5;18,9;18,7;95;95;95;335;2,5;1,1;
2026/02/03;0900 UTC;0;899,7;899,7;899,4;;19,5;18,7;19,6;19,4;18,8;18,7;95;95;95;347;2,7;,8;
2026/02/03;1000 UTC;0;900,1;900,1;899,7;161,2;19,8;19,1;19,9;19,4;19,1;18,6;95;95;95;332;3,1;1,5;
2026/02/03;1100 UTC;0;900,7;900,7;900,1;371,7;20,6;19,7;20,6;19,7;19,7;18,9;95;94;95;317;3,7;1,4;
2026/02/03;1200 UTC;0;901,6;901,6;900,7;891,9;21,5;19,1;21,6;20,6;19,9;19,1;95;86;86;301;5,1;2,1;
2026/02/03;1300 UTC;0;901,9;902;901,6;1247,1;22,8;19,6;22,9;21,4;19,8;19;87;80;82;296;5,2;2,2;
2026/02/03;1400 UTC;0;902;902,1;902;1372,9;24,2;20;24,2;22,8;20,2;19,1;82;77;78;296;5,1;2;
2026/02/03;1500 UTC;0;900,9;902;900,9;2242,2;26,3;19,5;26,8;24,1;20,5;19;78;64;66;290;7,2;2,5;
2026/02/03;1600 UTC;0;899,8;900,8;899,8;3783,1;26,9;19,3;27,7;26,2;20,8;18,8;70;61;63;301;8,8;3,8;
2026/02/03;1700 UTC;0;899,1;899,8;899,1;3668,2;26,9;19,2;28,7;26,4;20;18,4;64;55;63;310;8,9;3,5;
2026/02/03;1800 UTC;0;898,7;899,1;898,6;1364,6;23,4;20;27,3;23,4;20,1;18,4;81;60;81;7;8,1;2,5;
2026/02/03;1900 UTC;1;898,6;898,9;898,6;428,8;21;19;23,8;21;20,2;19;88;78;88;330;7,7;3;
2026/02/03;2000 UTC;2,6;899;899,2;898,4;156,9;20,3;19,2;21;20,2;19,3;18,6;93;88;93;23;7,7;1,7;
2026/02/03;2100 UTC;1,2;899,8;899,8;899;23,5;20,1;19,2;20,3;20;19,2;19;94;93;94;317;4,4;1,8;
2026/02/03;2200 UTC;6,8;900,3;900,3;899,8;1,2;19,6;18,7;20,1;19,5;19,1;18,6;95;94;95;344;5;1;
2026/02/03;2300 UTC;15,6;901,1;901,1;900,3;;19,4;18,6;19,6;19,4;18,7;18,5;95;95;95;285;4,6;1,2;
2026/02/04;0000 UTC;9,4;901,6;901,6;901,1;;19;18,2;19,4;19;18,6;18,2;95;95;95;288;5,2;2,1;
2026/02/04;0100 UTC;3,8;902,3;902,3;901,6;;18,5;17,7;19;18,5;18,2;17,7;95;95;95;305;5,3;1;
2026/02/04;0200 UTC;1,6;902,3;902,4;902,3;;18,7;17,9;18,7;18,5;17,9;17,7;95;95;95;315;3,4;,9;
2026/02/04;0300 UTC;1,2;901,8;902,3;901,8;;18,7;17,9;18,8;18,6;18;17,9;95;95;95;13;1,9;1;
2026/02/04;0400 UTC;,4;901,2;901,8;901,2;;18,5;17,8;18,8;18,5;18;17,8;95;95;95;333;2,4;1,2;
2026/02/04;0500 UTC;0;900,7;901,2;900,7;;18,4;17,6;18,6;18,4;17,8;17,6;95;95;95;318;3,4;1,1;
2026/02/04;0600 UTC;,2;900,2;900,7;900,2;;18,6;17,9;18,7;18,4;17,9;17,6;95;95;95;316;4,4;1,7;
2026/02/04;0700 UTC;0;899,8;900,2;899,8;;18,4;17,6;18,6;18,4;17,9;17,6;95;95;95;325;5;1,7;
2026/02/04;0800 UTC;0;900;900;899,8;;18,2;17,5;18,4;18,1;17,6;17,4;95;95;95;330;4,1;,8;
2026/02/04;0900 UTC;,2;900,4;900,4;900;;18,3;17,6;18,3;18,2;17,6;17,4;95;95;95;340;3,2;1,4;
2026/02/04;1000 UTC;1,2;900,9;900,9;900,4;56;18,6;17,9;18,6;18,3;17,9;17,5;95;95;95;337;2,7;1,2;
2026/02/04;1100 UTC;,4;901,3;901,3;900,9;339,3;19,5;18,7;19,5;18,6;18,7;17,9;95;95;95;318;4,1;1,5;
2026/02/04;1200 UTC;0;901,6;901,6;901,3;1055,3;20,6;19,6;20,7;19,4;19,9;18,7;95;94;94;306;5;2,3;
2026/02/04;1300 UTC;0;901,6;901,7;901,6;1332,8;22,1;19,9;22,2;20,6;20;19,4;94;86;87;301;5;2,2;
2026/02/04;1400 UTC;0;901,4;901,6;901,4;1297,1;21,6;19,3;22,1;21,2;19,8;18,9;89;84;87;289;6,6;2;
2026/02/04;1500 UTC;0;900,8;901,5;900,8;1342,3;22,2;19,2;22,3;21,4;19,6;18,8;88;83;83;328;4,5;1,6;
2026/02/04;1600 UTC;0;900;900,8;900;2378,1;26,1;20,6;26,2;22,1;21,4;18,9;85;72;72;320;4,6;1,8;
2026/02/04;1700 UTC;0;899,1;900;899,1;3323,1;27,4;19,5;27,8;25,5;21,1;18,8;74;62;62;323;5,8;2,5;
2026/02/04;1800 UTC;0;898,3;899,1;898,3;723,4;23,5;19,5;27,4;23,5;20,2;18,9;78;60;78;191;5,8;1,8;
2026/02/04;1900 UTC;0;898;898,5;898;402,1;22,8;19,6;23,5;22,8;20,1;19;83;76;82;166;3,7;1,1;
2026/02/04;2000 UTC;0;898;898,1;897,7;243;22,5;19,4;22,9;22,5;20,1;19,4;84;82;83;177;3;,6;
2026/02/04;2100 UTC;0;898,7;898,7;898;91,3;21,6;19,6;22,6;21,6;19,8;19,4;88;83;88;180;3,9;1,1;
2026/02/04;2200 UTC;0;899,3;899,4;898,6;23,1;21,1;19,7;21,6;21,1;19,9;19,5;92;88;91;43;2,6;,6;
2026/02/04;2300 UTC;,2;900,1;900,1;899,3;;20,8;19,6;21,1;20,8;19,7;19,5;93;91;93;53;2;,6;
2026/02/05;0000 UTC;,6;900,9;900,9;900,1;;20,1;19;20,8;20,1;19,6;19;94;93;94;83;2,1;,7;
2026/02/05;0100 UTC;,8;901,4;901,5;900,9;;19,8;18,9;20,1;19,8;19,1;18,9;94;94;94;41;1,6;,8;
2026/02/05;0200 UTC;,2;901,4;901,5;901,4;;19,7;18,8;20;19,7;19;18,8;95;94;95;32;1,9;,5;
2026/02/05;0300 UTC;,4;901,1;901,5;901,1;;19,7;18,8;19,7;19,6;18,8;18,7;95;95;95;18;1,7;,9;
2026/02/05;0400 UTC;,4;900,6;901,1;900,6;;19,8;19;19,8;19,7;19;18,9;95;95;95;72;1,6;,4;
2026/02/05;0500 UTC;,4;900,1;900,6;900,1;;20;19,2;20;19,8;19,2;18,9;95;95;95;107;,8;,2;
2026/02/05;0600 UTC;,2;899,6;900,1;899,6;;19,9;19,1;20;19,9;19,2;19,1;95;95;95;124;1,4;,6;
2026/02/05;0700 UTC;,2;899,5;899,6;899,4;;19,6;18,8;19,9;19,6;19,1;18,8;95;95;95;226;1;,6;
2026/02/05;0800 UTC;,8;899,5;899,5;899,3;;19,7;18,9;19,7;19,5;18,9;18,7;95;95;95;2;1,2;,4;
2026/02/05;0900 UTC;,4;899,4;899,5;899,4;;19,4;18,6;19,7;19,4;18,9;18,6;95;95;95;23;1,2;,5;
2026/02/05;1000 UTC;0;899,6;899,6;899,4;105,5;19,5;18,7;19,6;19,2;18,8;18,5;95;95;95;39;1,2;,6;
2026/02/05;1100 UTC;0;900;900;899,6;521,2;20,6;19,8;20,8;19,5;20;18,7;95;95;95;356;2;1,2;
2026/02/05;1200 UTC;0;900,7;900,7;900;798,3;22;20,4;22;20,6;20,5;19,8;95;91;91;286;2,8;1,5;
2026/02/05;1300 UTC;0;901;901;900,7;1675,9;24,5;20,7;24,5;21,9;20,7;18,9;91;79;80;264;2,8;1,2;
2026/02/05;1400 UTC;0;900,7;901;900,7;2059,2;25,8;19,8;25,9;24,4;20,5;18,8;80;67;70;239;3,7;1,6;
2026/02/05;1500 UTC;0;899,9;900,7;899,9;2089,7;26;19,5;27;25,6;20,9;18,5;72;61;67;198;3,9;1,2;
2026/02/05;1600 UTC;12;899,1;899,9;899,1;483;21;19,8;26;19,9;21;18;93;67;93;49;6,7;2,2;
2026/02/05;1700 UTC;,2;897,8;899,1;897,7;1706,3;25;19,7;25;21;21;19,2;93;71;73;29;4,1;1,2;
2026/02/05;1800 UTC;0;898,5;898,5;897,7;927,8;22,3;18,2;25,6;22,3;20,4;17,9;78;66;78;232;6;2,8;
2026/02/05;1900 UTC;7,8;897,4;898,7;897,4;255;19,7;18,6;22,2;19,3;18,7;17,4;93;78;93;23;6,6;,7;
2026/02/05;2000 UTC;1,4;896,8;897,4;896,8;168,9;19,9;18,8;20,1;19,7;19,1;18,5;94;93;94;280;1,8;,3;
2026/02/05;2100 UTC;0;897,7;897,7;896,8;165,5;20;19;20,1;19,9;19,2;18,8;94;94;94;59;1,4;,6;
2026/02/05;2200 UTC;,2;898,2;898,2;897,7;10,3;19,7;18,8;20,1;19,7;19,1;18,7;94;94;94;48;2,7;1,4;
2026/02/05;2300 UTC;,8;899;899;898,2;;19,5;18,6;19,8;19,5;18,8;18,5;94;94;94;33;3,2;,8;
2026/02/06;0000 UTC;,6;899,1;899,2;899;;19,4;18,5;19,6;19,4;18,7;18,5;95;94;95;54;1,6;,8;
2026/02/06;0100 UTC;0;900;900;899,1;;19,5;18,6;19,5;19,3;18,6;18,4;95;95;95;249;1,9;,6;
2026/02/06;0200 UTC;,2;900,1;900,3;900;;19,2;18,4;19,5;19,2;18,7;18,4;95;95;95;42;1,3;,8;
2026/02/06;0300 UTC;0;899,5;900,1;899,5;;18,9;18;19,3;18,9;18,4;18;95;95;95;45;1,3;,7;
2026/02/06;0400 UTC;,2;898,8;899,5;898,8;;18,4;17,6;18,8;18,3;18;17,5;95;95;95;43;1,8;1,1;
2026/02/06;0500 UTC;0;898,3;898,9;898,3;;18,5;17,7;18,6;18,3;17,8;17,5;96;95;96;40;2,3;,6;
2026/02/06;0600 UTC;0;898;898,4;898;;18,5;17,8;18,5;18,4;17,8;17,7;96;96;96;26;1,5;,4;
2026/02/06;0700 UTC;0;897,9;898,1;897,9;;18,8;18,1;18,9;18,4;18,2;17,7;96;96;96;357;1,3;,6;
2026/02/06;0800 UTC;0;897,5;897,9;897,5;;19,3;18,6;19,3;18,8;18,6;18,1;96;96;96;279;1,9;,7;
2026/02/06;0900 UTC;0;897,8;897,8;897,5;;19,2;18,5;19,3;19,2;18,6;18,5;96;96;96;20;2,5;1;
2026/02/06;1000 UTC;0;898,7;898,7;897,8;57,3;19,2;18,5;19,3;19,1;18,6;18,4;96;96;96;50;2,4;1,3;
2026/02/06;1100 UTC;0;899,4;899,4;898,7;316,4;20;19,3;20;19,2;19,3;18,5;96;96;96;36;3,5;,9;
2026/02/06;1200 UTC;0;899,8;899,8;899,4;1001;22,1;21,1;22,1;20;21,2;19,3;96;94;94;5;1,7;,9;
2026/02/06;1300 UTC;0;900,1;900,1;899,8;1539,7;24,4;20,5;24,5;22,1;21,2;20,1;94;79;79;289;2,3;,9;
2026/02/06;1400 UTC;0;900,1;900,2;900;1848,6;24,9;20,1;25,2;24,2;21,4;19,6;82;72;75;14;3,4;1,7;
2026/02/06;1500 UTC;0;899,7;900,1;899,7;2204,3;26,7;17,9;26,7;25;20,5;17,6;75;58;58;33;4;1,8;
2026/02/06;1600 UTC;0;898,8;899,7;898,8;3426,4;27,6;17,9;28,7;26,7;19,7;16,9;62;49;55;7;6,1;3,1;
2026/02/06;1700 UTC;0;897,6;898,8;897,6;3132,1;29;17,4;29,2;27,5;19,2;16,3;60;46;50;345;7,7;2,3;
2026/02/06;1800 UTC;0;897,2;897,7;896,9;1482,9;24,8;18,6;29,2;24,8;18,6;16,6;69;48;69;316;9,7;3,4;
2026/02/06;1900 UTC;0;896,4;897,3;896,4;584,1;24,2;18,8;24,7;23,4;19;18,1;75;68;72;54;8;1;
2026/02/06;2000 UTC;0;896,5;896,5;896,2;1718,9;26,7;16,8;27,6;24,2;19,3;16,7;73;53;55;41;5;2,4;
2026/02/06;2100 UTC;0;896,5;896,6;896,4;808,8;26;17,5;26,9;26;17,7;16,3;60;52;60;8;5,1;1,8;
2026/02/06;2200 UTC;0;897,2;897,4;896,5;82,2;22,9;19,5;26,1;22,9;19,7;17,2;82;58;81;154;4,5;,7;
2026/02/06;2300 UTC;0;897,6;897,6;897,2;;20,9;19;22,9;20,9;19,6;18,9;89;81;89;122;1,6;,9;
2026/02/07;0000 UTC;0;898,4;898,4;897,6;;19,7;18,3;20,9;19,7;19,1;18,2;91;89;91;127;1,6;,9;
2026/02/07;0100 UTC;0;899,2;899,2;898,4;;19,2;17,7;19,7;19,1;18,3;17,5;91;90;91;54;1,9;1;
2026/02/07;0200 UTC;0;899,3;899,3;899,1;;19,2;17,8;19,4;19;18;17,6;92;91;92;34;2,3;1,1;
2026/02/07;0300 UTC;0;899,6;899,7;899,3;;18,9;17,8;19,2;18,7;17,9;17,5;94;92;94;279;2,1;1;
2026/02/07;0400 UTC;0;898,8;899,6;898,8;;18;17;18,9;18;17,9;17;94;93;94;117;2;,5;
2026/02/07;0500 UTC;0;898,6;899;898,6;;17,4;16,5;18;17,4;17;16,5;94;94;94;38;1,5;,8;
2026/02/07;0600 UTC;0;898,4;898,6;898,4;;17,3;16,3;17,8;17,3;17;16,3;95;94;94;83;2,3;,7;
2026/02/07;0700 UTC;0;898,6;898,6;898,4;;16,5;15,6;17,3;16,5;16,3;15,6;95;94;95;87;1,5;1,1;
2026/02/07;0800 UTC;0;899,2;899,2;898,6;;17,1;16,3;17,2;16,4;16,3;15,6;95;95;95;32;2;,5;
2026/02/07;0900 UTC;0;899,9;899,9;899,2;;16,3;15,4;17,1;16,3;16,3;15,4;95;95;95;81;1,6;,9;
2026/02/07;1000 UTC;0;900,5;900,5;899,9;206;18,4;17,7;18,4;16,2;17,7;15,4;95;95;95;58;1,5;,9;
2026/02/07;1100 UTC;0;901,1;901,2;900,5;967,8;22,9;19;22,9;18,4;19,9;17,7;95;79;79;314;3,1;1,6;
2026/02/07;1200 UTC;0;902,2;902,2;901,1;1297;23,2;19,7;23,5;22,1;20,1;18,3;83;75;81;325;6,7;2,9;
2026/02/07;1300 UTC;0;902,2;902,3;902,1;1705,5;23,4;17,2;23,8;21,9;20;17,2;84;68;68;334;6,7;2,3;
2026/02/07;1400 UTC;0;902,4;902,5;902,2;2196,6;24,4;19,4;25,1;23,3;20;17,5;74;68;73;297;6,1;2,7;
2026/02/07;1500 UTC;0;901,9;902,5;901,9;3416,7;26,3;20,3;26,3;24,4;20,7;19,1;75;68;69;303;7,9;2,2;
2026/02/07;1600 UTC;0;900,6;901,9;900,6;3662,8;27;19,5;27,6;25,3;21;19;73;63;64;286;6,8;3,1;
2026/02/07;1700 UTC;0;899,7;900,6;899,7;3078,9;27,4;19;28,6;27;20,4;18,5;65;57;60;315;6,6;2,7;
2026/02/07;1800 UTC;0;899,2;899,8;899,1;2351,9;28,8;19,5;28,8;26,7;20,5;18,3;65;55;57;285;7;2,3;
2026/02/07;1900 UTC;0;899;899,2;898,3;2596,8;27,8;18,7;28,8;27,6;19,9;17,9;61;54;57;322;7,1;3;
2026/02/07;2000 UTC;33,6;899,6;900,9;898,9;91,5;19,2;18,5;27,8;16,6;18,8;15,2;95;58;95;331;16,9;1,2;
2026/02/07;2100 UTC;,2;899,4;899,6;899,3;92,2;19,4;18,6;19,5;19;18,8;18,3;96;95;95;20;3,2;1;
2026/02/07;2200 UTC;0;900,1;900,1;899,3;40,3;19,2;18,5;19,4;19,2;18,6;18,4;95;95;95;36;2;1,1;
2026/02/07;2300 UTC;,2;900,8;900,8;900,1;;18,9;18,1;19,3;18,9;18,5;18,1;95;95;95;142;2,9;,4;
2026/02/08;0000 UTC;0;901,3;901,3;900,8;;18,9;18,1;19;18,8;18,3;18;95;95;95;81;1,5;,6;
2026/02/08;0100 UTC;0;902;902;901,3;;18,4;17,6;18,9;18,3;18,1;17,6;95;95;95;148;1,3;,6;
2026/02/08;0200 UTC;0;902;902,1;902;;17,8;17;18,4;17,8;17,6;17;95;95;95;71;1,7;,9;
2026/02/08;0300 UTC;0;901,6;902;901,6;;17,5;16,7;18;17,4;17,3;16,6;95;95;95;51;2,6;1,4;
2026/02/08;0400 UTC;0;901,5;901,7;901,5;;17,4;16,6;17,7;17,4;16,9;16,6;95;95;95;54;2,5;,6;
2026/02/08;0500 UTC;0;901,3;901,6;901,3;;17,4;16,7;17,6;17,3;16,9;16,5;95;95;95;65;2,2;,8;
2026/02/08;0600 UTC;0;900,9;901,2;900,9;;17,3;16,6;17,5;17,2;16,7;16,4;95;95;95;44;1,6;,9;
2026/02/08;0700 UTC;0;900,4;900,9;900,3;;17;16,2;17,3;16,9;16,6;16,2;96;95;95;80;1,6;1;
2026/02/08;0800 UTC;0;900,6;900,6;900,2;;16,9;16,2;17,1;16,9;16,4;16,2;96;95;95;63;1,9;,6;
2026/02/08;0900 UTC;0;901;901,1;900,6;;16,9;16,2;16,9;16,6;16,2;15,8;96;95;96;60;1,5;,9;
2026/02/08;1000 UTC;0;901,7;901,7;901;122,8;18,1;17,4;18,1;16,9;17,4;16,2;96;96;96;38;1,7;,8;
2026/02/08;1100 UTC;0;902,1;902,2;901,7;805,7;21,4;20,6;21,4;18,1;20,6;17,4;96;95;95;35;2;1,1;
2026/02/08;1200 UTC;0;902,5;902,5;902,1;1950,6;24,2;20,5;24,5;21,4;20,9;19,6;95;77;80;314;4,4;2,2;
2026/02/08;1300 UTC;0;902,5;902,6;902,5;2039,1;25;19,9;25,1;23,5;20,7;19,3;81;72;74;291;5,8;2,6;
2026/02/08;1400 UTC;0;902,3;902,6;902,3;2297,6;25,5;19,5;26,3;24,9;20,5;18,8;74;66;69;314;6,2;3;
2026/02/08;1500 UTC;0;901,4;902,3;901,4;2777,3;26,4;18,7;27,5;25,5;20,2;18,4;71;59;63;319;6,2;2,3;
2026/02/08;1600 UTC;0;900,3;901,4;900,3;3539;27,3;18,9;28,6;26;19,8;16,6;66;50;60;319;8,5;3,1;
2026/02/08;1700 UTC;7,4;899,9;900,5;899,9;737,1;21,3;19,6;27,2;21;19,6;16,4;90;60;90;87;9,5;1,8;
2026/02/08;1800 UTC;10,6;899,7;900,4;899,7;485;18,3;17,2;22,1;18,3;20,1;16,9;93;85;93;289;9,5;1,1;
2026/02/08;1900 UTC;4;899,4;899,8;899,4;204,3;18,2;17,1;19,5;18,2;18,5;16,9;94;92;93;293;7,9;2,1;
2026/02/08;2000 UTC;,6;898,5;899,5;898,5;563,9;19,8;18,4;19,8;18,2;18,5;17,1;94;92;92;51;5,9;,9;
2026/02/08;2100 UTC;0;898,6;898,6;898,2;619;20,8;19;21;19,8;19,2;18,2;92;89;89;37;3,2;1,6;
2026/02/08;2200 UTC;0;899,5;899,5;898,6;71,9;19,9;18,7;20,9;19,9;19,1;18,6;92;89;92;43;2,9;1,3;
2026/02/08;2300 UTC;0;900,4;900,4;899,4;;18,8;17,8;19,9;18,8;18,7;17,7;93;92;93;120;2,5;,7;
2026/02/09;0000 UTC;0;900,9;900,9;900,3;;18,5;17,6;18,9;18,4;17,8;17,4;94;93;94;218;2;,4;
2026/02/09;0100 UTC;0;901,4;901,4;900,9;;18,1;17,2;18,5;17,9;17,6;17;95;94;95;59;2,1;1,2;
2026/02/09;0200 UTC;0;901,5;901,7;901,4;;17,7;16,8;18,1;17,6;17,2;16,8;95;94;95;57;2,1;1,2;
2026/02/09;0300 UTC;0;901,4;901,6;901,4;;17,5;16,7;17,8;17,5;16,9;16,7;95;95;95;78;2,4;1;
2026/02/09;0400 UTC;0;900,6;901,4;900,6;;17,1;16,2;17,6;17,1;16,8;16,2;95;94;95;80;2,2;,6;
2026/02/09;0500 UTC;0;900,6;900,7;900,5;;17,2;16,4;17,2;16,9;16,4;16;95;95;95;71;1,3;,6;
2026/02/09;0600 UTC;0;900,3;900,6;900,3;;17,4;16,6;17,6;17,2;16,9;16,4;95;95;95;52;2,1;,9;
2026/02/09;0700 UTC;0;900,3;900,4;900,3;;18;17,3;18,1;17,4;17,4;16,6;95;95;95;29;2,1;1,1;
2026/02/09;0800 UTC;0;900,5;900,6;900,3;;18,2;17,4;18,6;17,8;17,8;17,1;95;95;95;24;3,6;1,6;
2026/02/09;0900 UTC;0;900,9;900,9;900,5;;17;16,2;18,2;17;17,3;16,2;95;95;95;21;2,7;,9;
2026/02/09;1000 UTC;,2;901,3;901,3;900,9;172,4;19,1;18,4;19,1;17;18,4;16,3;96;95;96;17;2,8;1,2;
2026/02/09;1100 UTC;0;901,8;901,8;901,3;889,1;21,1;19,4;21,1;19,1;19,9;18,4;96;89;90;321;6,1;1,8;
2026/02/09;1200 UTC;0;902,4;902,4;901,9;1233,8;22,1;19,5;22,5;21,1;19,6;18,9;90;82;85;324;5,1;1,8;
2026/02/09;1300 UTC;0;902,3;902,4;902,2;1559,7;23,3;19,6;23,9;22,1;20,1;18,5;86;73;80;291;6,3;1,9;
2026/02/09;1400 UTC;0;902;902,4;902;1188,1;23,6;19,4;23,7;23;19,7;18,5;80;74;77;303;6,1;1,7;
2026/02/09;1500 UTC;0;901;902;901;2331,3;24,9;17,8;26,4;23,6;19,5;17,7;77;62;65;318;7,3;3;
2026/02/09;1600 UTC;0;900,4;901;900,4;2864,6;25,9;18,6;26,7;24,7;19,2;17;67;60;64;315;7,7;3,5;
2026/02/09;1700 UTC;0;899,5;900,4;899,5;2286,9;26,1;17,5;26,7;24,4;19,4;16,8;69;58;59;14;8;3,2;
2026/02/09;1800 UTC;0;899;899,5;899;1639,4;25,4;18,6;26,5;23,8;19,8;17,6;76;59;66;30;7,3;3,4;
2026/02/09;1900 UTC;0;898,4;899;898,4;1452,4;24,3;18,2;25,9;23,9;19,1;17,8;73;63;69;39;8,5;3,4;
2026/02/09;2000 UTC;0;898,1;898,5;898,1;529,7;23,4;18,7;24,3;23,1;19,2;17,9;78;68;75;31;7,5;1,9;
2026/02/09;2100 UTC;0;898,2;898,2;898;451,2;23,4;18,8;23,8;23,4;19,3;18,3;77;72;75;11;3,9;1,9;
2026/02/09;2200 UTC;0;898,9;899;898,2;62,2;21,9;18,8;23,4;21,8;18,9;18,2;83;73;83;348;4;1,1;
2026/02/09;2300 UTC;0;899,9;899,9;898,9;;21;18,8;21,9;21;19,1;18,8;88;83;87;18;2,3;1,1;
2026/02/10;0000 UTC;0;900,8;900,8;899,9;;20,8;19;21;20,7;19,3;18,8;90;87;90;288;4,4;1,7;
2026/02/10;0100 UTC;0;901,2;901,2;900,8;;19,9;18,6;20,8;19,9;19;18,6;92;90;92;16;3,8;,9;
2026/02/10;0200 UTC;0;901,1;901,3;901,1;;19,3;18,3;19,9;19,3;18,5;18,2;94;92;94;119;1,5;,3;
2026/02/10;0300 UTC;0;900,8;901,2;900,8;;18,7;17,7;19,3;18,7;18,3;17,7;94;93;94;33;1,8;1;
2026/02/10;0400 UTC;0;900,5;900,9;900,5;;18,4;17,5;18,9;18,4;17,9;17,5;94;94;94;40;2,2;,8;
2026/02/10;0500 UTC;0;900,3;900,5;900,3;;18,2;17,2;18,4;18,2;17,5;17,2;94;94;94;42;1,5;,4;
2026/02/10;0600 UTC;0;899,9;900,3;899,9;;17,6;16,7;18,2;17,6;17,2;16,7;95;94;94;96;1,2;,5;
2026/02/10;0700 UTC;0;899,9;899,9;899,8;;17,2;16,4;17,6;17,2;16,7;16,3;95;94;95;42;1,5;,8;
2026/02/10;0800 UTC;0;900;900;899,8;;16,7;15,8;17,3;16,7;16,4;15,8;95;95;95;53;1,5;,8;
2026/02/10;0900 UTC;0;900,4;900,4;899,9;;17;16,2;17,1;16,7;16,3;15,8;95;95;95;63;2;1,2;
2026/02/10;1000 UTC;0;901;901;900,4;117,3;18,6;17,8;18,6;17;17,8;16,2;95;95;95;31;2,3;1,2;
2026/02/10;1100 UTC;0;901,6;901,6;901;705,4;21,2;18,7;21,2;18,6;19,4;17,9;95;85;85;39;3,4;1,5;
2026/02/10;1200 UTC;0;902,1;902,1;901,7;1496,2;24,4;18,3;24,4;21,2;19,2;17,7;85;69;69;3;7,3;2,7;
2026/02/10;1300 UTC;0;901,9;902,2;901,9;2357,6;25,6;17,8;25,6;23,3;18,4;16,8;69;60;62;13;7,3;3,3;
2026/02/10;1400 UTC;0;901,1;901,9;901,1;2532,8;26,3;16,7;27,2;24,1;18,1;16,1;65;53;56;314;6,8;3,2;
2026/02/10;1500 UTC;0;900,6;901,1;900,5;3260,6;25,4;18,2;27,7;25;19,3;16;66;51;64;35;7,8;4,2;
2026/02/10;1600 UTC;0;899,6;900,6;899,6;3445,1;27,4;18;27,9;25,2;19,2;17,1;65;54;57;336;7,8;2,4;
2026/02/10;1700 UTC;0;898,7;899,6;898,6;3455,2;26,9;18,4;27,7;26,1;19,8;17,5;67;56;60;14;7,4;3,4;
2026/02/10;1800 UTC;3,4;898,4;898,7;898,1;1388;23;20;27,7;23;20;17,3;83;56;83;68;7,4;2,5;
2026/02/10;1900 UTC;20,6;898,4;898,9;897,9;637,9;21,7;20,8;23,7;19,9;21,5;18,6;95;83;95;234;8,8;1,3;
2026/02/10;2000 UTC;,2;899,1;899,1;898,4;1237,5;22,1;18,5;23,1;21,4;21,1;18,3;95;78;80;294;7,5;3,6;
2026/02/10;2100 UTC;11;899,8;899,9;899,1;140;18,8;17,6;22,1;18,8;18,8;17,6;94;80;93;332;7,6;2,6;
2026/02/10;2200 UTC;,2;900,3;900,3;899,6;40,9;18,8;17,9;18,9;18,7;17,9;17,5;94;93;94;27;5,5;1,8;
2026/02/10;2300 UTC;0;901,2;901,2;900,3;;19,2;18,3;19,3;18,8;18,3;17,8;94;94;94;311;5,7;2,4;
2026/02/11;0000 UTC;0;901,5;901,5;901,1;;18,8;17,9;19,2;18,8;18,3;17,9;94;94;94;312;5,7;1,2;
2026/02/11;0100 UTC;0;901,8;901,8;901,4;;18,5;17,6;18,8;18,5;17,9;17,6;95;94;95;5;2,6;,5;
2026/02/11;0200 UTC;0;902,2;902,2;901,7;;18,3;17,5;18,5;18,1;17,6;17,3;95;95;95;277;1,9;1;
2026/02/11;0300 UTC;,2;902,1;902,3;902,1;;18,3;17,5;18,5;18,3;17,8;17,5;95;95;95;33;1,8;,7;
2026/02/11;0400 UTC;0;901,6;902,1;901,6;;18;17,3;18,3;18;17,5;17,2;95;95;95;38;2,4;1,2;
2026/02/11;0500 UTC;0;901,3;901,6;901,3;;18,3;17,5;18,3;18;17,6;17,3;96;95;95;23;2,2;,6;
2026/02/11;0600 UTC;0;900,9;901,3;900,9;;17,8;17;18,3;17,8;17,6;17;95;95;95;35;1,6;,6;
2026/02/11;0700 UTC;0;901,2;901,2;900,9;;17,9;17,2;18;17,7;17,3;17;96;95;95;56;1,7;,5;
2026/02/11;0800 UTC;0;901,6;901,6;901,2;;17,9;17,2;17,9;17,8;17,2;17;96;95;96;40;2,1;1;
2026/02/11;0900 UTC;0;901,5;901,6;901,5;;18;17,2;18;17,9;17,2;17,1;96;95;95;41;2,9;1,4;
2026/02/11;1000 UTC;0;902,1;902,1;901,5;169,2;18,7;17,9;18,7;17,9;17,9;17,2;95;95;95;27;3,7;1,7;
2026/02/11;1100 UTC;0;902,8;902,8;902,1;696,4;20,2;18,7;20,2;18,7;18,9;17,9;95;91;91;28;3,9;1,6;
2026/02/11;1200 UTC;0;903,4;903,4;902,8;1138,3;21,8;18,3;22;20,2;19,5;18,1;91;79;80;358;4,5;2,1;
2026/02/11;1300 UTC;0;903,6;903,6;903,4;1299,5;22,7;18,1;22,8;21,8;18,8;18;81;75;75;360;4,6;2,2;
2026/02/11;1400 UTC;0;903,5;903,6;903,5;1855,8;24,4;18,7;24,4;22,7;19;17,4;78;68;71;332;6,4;2,9;
2026/02/11;1500 UTC;0;903;903,6;903;1738;23,4;18,9;24,5;23;19,7;17,6;80;66;76;20;7,4;3,3;
2026/02/11;1600 UTC;0;902,6;903;902,6;1799;23,4;18,4;23,8;23,1;19,2;17,7;77;71;74;32;8,6;3,2;
2026/02/11;1700 UTC;0;901,8;902,6;901,8;1064,9;22,2;17,9;23,4;22;18,4;17,6;78;72;77;28;10,3;3,6;
2026/02/11;1800 UTC;0;901,4;901,8;901,4;731;21,2;18,4;22,3;21,1;18,4;17,7;84;76;84;21;8,8;3,5;
2026/02/11;1900 UTC;0;900,4;901,4;900,4;668;22,3;18,9;22,3;21,2;19,4;18,3;86;80;81;283;7,2;1,1;
2026/02/11;2000 UTC;0;900,2;900,4;900,2;746,3;22,6;18,9;22,6;22,1;19,1;18,4;82;79;80;274;3,4;1;
2026/02/11;2100 UTC;0;900,3;900,4;900,2;599,1;22;18,9;23,1;22;19,3;18,5;83;78;83;264;2,9;1;
2026/02/11;2200 UTC;0;900,8;900,8;900,3;47,7;20,5;18,8;22;20,5;19;18,7;90;83;90;123;2,1;,5;
2026/02/11;2300 UTC;0;901,4;901,4;900,8;;20;18,7;20,5;20;18,9;18,6;92;90;92;119;1,1;,5;
2026/02/12;0000 UTC;0;901,9;901,9;901,4;;19,7;18;20,1;19,6;18,8;17,9;93;89;90;29;2,1;,9;
2026/02/12;0100 UTC;0;902,5;902,5;901,9;;19,4;17,5;19,8;19,4;18;17,3;90;86;89;57;2,3;,4;
2026/02/12;0200 UTC;0;902,6;902,7;902,5;;19,2;16,8;19,7;19,1;17,5;16,6;90;83;86;53;3,6;1,2;
2026/02/12;0300 UTC;0;902,6;902,7;902,6;;18,6;16,8;19,2;18,6;16,8;16,7;89;86;89;36;2,5;,7;
2026/02/12;0400 UTC;0;902,2;902,6;902,2;;18;16,7;18,6;18;17;16,6;92;89;92;61;1,7;,4;
2026/02/12;0500 UTC;0;901,6;902,2;901,6;;17,4;16,3;18;17,3;16,7;16,2;94;92;94;71;2,2;,8;
2026/02/12;0600 UTC;0;901,5;901,7;901,5;;17,3;16,3;17,4;17;16,5;15,9;94;94;94;71;1,9;,5;
2026/02/12;0700 UTC;0;901,3;901,5;901,2;;17,7;16,7;17,8;17,2;16,8;16,2;95;94;94;59;3;1,5;
2026/02/12;0800 UTC;0;901,3;901,3;901,2;;16,7;15,7;17,7;16,7;16,7;15,6;94;93;94;23;3;1,1;
2026/02/12;0900 UTC;0;901,7;901,7;901,3;;16,2;15,2;16,9;16;15,8;15;94;92;94;184;2,3;,6;
2026/02/12;1000 UTC;0;902,4;902,4;901,7;104,6;17,3;16,5;17,3;15,9;16,5;14,9;95;94;95;73;1,3;,4;
2026/02/12;1100 UTC;0;902,9;902,9;902,4;825,2;21,3;16,4;21,3;17,3;17,4;16,1;95;73;74;45;1,5;,6;
2026/02/12;1200 UTC;0;903,3;903,3;902,9;1950,1;24,7;16,4;24,9;21,3;17,6;16,4;74;60;60;102;5,5;2,9;
2026/02/12;1300 UTC;0;903,4;903,4;903,3;2396,4;25,5;17,4;26,1;24,2;18,2;16;66;59;61;62;6,9;3,1;
2026/02/12;1400 UTC;0;903,2;903,4;903,2;2191,3;25,5;18,1;26,3;24,9;18,3;16,7;64;57;64;60;7,1;2,5;
2026/02/12;1500 UTC;0;902,7;903,2;902,7;2671,1;26,4;16,9;27,3;24,9;18,8;16,9;65;54;56;75;8,5;3,1;
2026/02/12;1600 UTC;0;901,8;902,7;901,7;2532,7;26,6;17,3;27,6;26;19,1;17;62;55;57;72;8,5;2,1;
2026/02/12;1700 UTC;0;900,7;901,8;900,7;2999,2;28;17,9;28,4;26,2;18,9;16,5;63;50;54;38;6,1;2,7;
2026/02/12;1800 UTC;3,8;900,2;900,9;900,2;1022;22,5;19,4;28;20,3;19,7;17;88;53;82;72;10,8;1,5;
2026/02/12;1900 UTC;0;899,7;900,2;899,5;2462,9;24,2;17,7;27,3;22,5;20,9;17,5;83;58;67;51;7,6;2,8;
2026/02/12;2000 UTC;0;899,5;899,9;899,4;974,6;24,4;17,9;24,8;22,8;19,3;17,7;79;66;67;50;7,3;1,8;
2026/02/12;2100 UTC;0;899,7;899,7;899,5;294,7;23,4;18,6;24,4;23,4;19;18;75;67;74;69;3,6;,9;
2026/02/12;2200 UTC;0;900,3;900,3;899,7;29;20,5;18,1;23,4;20,5;18,9;17,9;86;74;86;49;2,4;,6;
2026/02/12;2300 UTC;0;901,1;901,1;900,3;;19,3;17,8;20,5;19,3;18,2;17,8;91;86;91;76;1,9;,6;
2026/02/13;0000 UTC;0;901,7;901,7;901,1;;21;17,8;21,1;19,1;18,1;17,7;92;82;82;95;5,5;2,7;
2026/02/13;0100 UTC;0;902,4;902,4;901,7;;20,5;17,2;21,1;20,4;17,8;17,2;82;81;82;94;6;2,4;
2026/02/13;0200 UTC;0;902,9;902,9;902,4;;20,2;16,5;20,7;20,2;17,2;16,5;82;80;80;89;5,6;2,6;
2026/02/13;0300 UTC;0;902,3;902,9;902,3;;19,2;15,2;20,2;19,2;16,5;15,2;81;77;78;89;6,6;2,9;
2026/02/13;0400 UTC;0;902,2;902,3;902;;18,5;14,9;19,3;18,5;15,2;14,9;79;76;79;60;6,6;1,4;
2026/02/13;0500 UTC;0;902,2;902,3;902,2;;18,6;14,2;18,6;16,9;14,8;14,2;86;76;76;60;3,4;1,7;
2026/02/13;0600 UTC;0;902,1;902,3;902,1;;15,3;13,7;18,6;15,3;14,2;13,6;90;76;90;179;3,2;,6;
2026/02/13;0700 UTC;0;902;902,2;902;;14,8;13,5;15,3;14,7;13,8;13,5;93;90;92;60;1,7;1,1;
2026/02/13;0800 UTC;0;902,3;902,3;902;;14,3;13,3;14,8;14,2;13,5;13,1;94;92;93;90;1,7;,7;
2026/02/13;0900 UTC;0;902,5;902,5;902,2;;14,1;13,1;14,3;14;13,2;13,1;94;93;94;136;1,5;,3;
2026/02/13;1000 UTC;0;903;903;902,5;149,2;16,4;15,5;16,4;13,8;15,5;12,8;95;94;95;75;1,3;,6;
2026/02/13;1100 UTC;0;903,5;903,5;903;752,7;22,5;16,2;22,5;16,4;17;15,7;95;67;67;99;5,9;2,4;
2026/02/13;1200 UTC;0;904,1;904,1;903,5;2041;25;17,1;25;22,5;17,1;15,9;67;59;62;108;7;3,3;
2026/02/13;1300 UTC;0;904,3;904,3;904;2926,1;25,3;17,2;25,7;24,4;17,5;15,7;62;57;61;80;8,8;2,8;
2026/02/13;1400 UTC;0;903,8;904,3;903,8;3597,1;26,6;17,7;26,9;24,9;18;16,6;62;55;58;89;8;3,3;
2026/02/13;1500 UTC;0;903,3;903,8;903,3;3582,7;27,5;17,4;27,5;26,4;18,3;16,4;59;53;54;62;6,9;2,6;
2026/02/13;1600 UTC;0;902,6;903,3;902,6;3420,9;26,7;16,6;28,3;26,7;17,8;15,9;56;48;54;96;7,3;2,9;
2026/02/13;1700 UTC;0;901,7;902,6;901,7;3103,8;28,7;16,9;28,8;26,5;17,9;16,3;57;48;49;76;7,3;2,8;
2026/02/13;1800 UTC;0;900,9;901,7;900,9;2302,8;28,4;16,6;28,8;26,8;17,9;16;55;48;49;109;6,5;2,9;
2026/02/13;1900 UTC;0;900,2;900,9;900,2;2066,1;28,6;16,6;28,7;26,6;18;15,3;54;45;48;89;6,2;2,6;
2026/02/13;2000 UTC;0;899,8;900,2;899,8;1648,9;28,1;15,6;29,1;27,2;17,3;15,6;52;46;47;67;9,7;2,7;
2026/02/13;2100 UTC;0;899,8;899,9;899,7;377,1;26,7;16,4;28;26,2;16,8;15,7;55;47;53;70;5,2;1,8;
2026/02/13;2200 UTC;0;899,8;899,9;899,6;36,6;23,6;17,7;26,7;23,6;17,7;16,3;69;53;69;85;3,9;1,6;
2026/02/13;2300 UTC;0;900,2;900,2;899,8;;22,2;17,4;23,6;22,2;17,6;17,1;74;68;74;87;3,6;1,8;
2026/02/14;0000 UTC;0;900,8;900,8;900,2;;21,7;17,3;22,3;21,7;17,5;17,1;76;73;76;84;4,1;2;
2026/02/14;0100 UTC;0;901,5;901,5;900,8;;21,4;17,4;22;21,4;17,4;17,2;78;75;78;98;4,7;2,4;
2026/02/14;0200 UTC;0;902,1;902,1;901,5;;21,3;17,7;21,5;20,9;17,7;17,3;80;77;80;101;4,8;1,8;
2026/02/14;0300 UTC;0;901,9;902,1;901,8;;21,6;17,4;22;21,3;17,8;17,4;80;76;77;91;3,5;1,2;
2026/02/14;0400 UTC;0;901,6;902;901,6;;21;17,9;21,6;20,8;18,1;17,4;84;77;82;106;2,3;1,4;
2026/02/14;0500 UTC;0;901,4;901,6;901,4;;21,1;17,5;21,2;20,9;17,9;17,5;82;80;80;96;2,7;1,3;
2026/02/14;0600 UTC;0;901,2;901,4;901,1;;20,1;17,3;21,1;20,1;17,6;17,2;84;80;84;68;3,3;1,1;
2026/02/14;0700 UTC;0;901,1;901,2;901,1;;18,6;16,5;20,4;18,6;17,4;16,5;88;82;88;49;3,4;,8;
2026/02/14;0800 UTC;0;901,3;901,3;901,1;;18,3;16,9;18,6;17,8;17;16,3;92;88;91;109;2,2;1,3;
2026/02/14;0900 UTC;0;901,9;901,9;901,3;;17,4;16,2;18,3;17,4;16,9;16,2;93;91;93;118;2,1;1,1;
2026/02/14;1000 UTC;0;902,2;902,2;901,9;104,3;20,2;18;20,2;17,4;18,1;16,2;94;87;87;94;4,1;1,9;
2026/02/14;1100 UTC;0;902,6;902,6;902,2;964,3;23,5;17,6;23,5;20,3;18;17,4;87;69;70;80;6,1;2,5;
2026/02/14;1200 UTC;0;903,1;903,1;902,6;2021,3;24,9;18,4;24,9;23,5;18,4;17,3;70;65;67;91;8,6;3,4;
2026/02/14;1300 UTC;0;903,3;903,4;903,1;2509,3;26;18;26;24,7;18,8;17,4;68;61;62;76;8,5;2,8;
2026/02/14;1400 UTC;0;902,6;903,3;902,6;3370,5;27,2;18;27,4;25,9;18,9;17;62;55;57;58;7,6;3,7;
2026/02/14;1500 UTC;0;902,2;902,7;902,2;3520;28,1;17,2;28,4;26,5;18,5;16,9;59;51;52;60;7,6;3,5;
2026/02/14;1600 UTC;0;901,2;902,2;901,2;2793,5;28,1;17,3;28,9;27,2;18,4;16,7;55;50;52;64;7,2;2,3;
2026/02/14;1700 UTC;0;900,5;901,2;900,5;2369,1;28,9;16,6;29,5;27,1;18,1;16,3;56;47;48;90;6,8;3,1;
2026/02/14;1800 UTC;0;899,5;900,5;899,5;3123,9;29;16,2;30,4;28,3;18,2;15,5;53;44;46;55;7,5;3,3;
2026/02/14;1900 UTC;0;899;899,5;899;2712;29,8;16,6;30,2;28,9;17,5;15,5;49;43;45;91;7,9;2,9;
2026/02/14;2000 UTC;0;899,1;899,1;898,9;1838,9;28,5;15,4;29,9;28,4;16,7;14,4;46;41;45;80;6,3;2,9;
2026/02/14;2100 UTC;0;899,4;899,4;899;489,2;26,9;15,5;28,6;26,8;15,8;14,4;50;42;50;91;6,2;1,4;
2026/02/14;2200 UTC;0;899,7;899,7;899,3;38,9;23,1;16,5;26,9;23,1;16,7;15,7;67;50;66;102;3,1;1,4;
2026/02/14;2300 UTC;0;900,3;900,3;899,7;;21,2;16,9;23,1;21,2;17,5;16,1;79;66;76;94;2,4;1,3;
2026/02/15;0000 UTC;0;900,5;900,6;900,3;;21,4;17,1;21,8;20,6;17,2;16,5;80;73;76;91;3;1,4;
2026/02/15;0100 UTC;0;901;901;900,5;;21,1;17;21,7;20,6;17,4;16,8;79;75;77;93;3,2;1,1;
2026/02/15;0200 UTC;0;901,3;901,3;901;;21,3;17,3;21,4;20,6;17,3;17;81;77;78;98;4,2;2;
2026/02/15;0300 UTC;0;900,6;901,3;900,6;;21;17,3;21,4;20,9;17,4;17,2;80;77;79;95;4,6;2;
2026/02/15;0400 UTC;0;900,1;900,6;900,1;;20,1;17;21,1;20;17,3;17;83;78;83;85;4,6;1,9;
2026/02/15;0500 UTC;0;899,2;900,1;899,2;;20,7;17,3;20,7;19,9;17,3;16,9;83;81;81;95;4,4;2,1;
2026/02/15;0600 UTC;0;899,1;899,2;899;;19,8;17,1;20,8;19,8;17,3;16,9;84;80;84;98;4,2;1,3;
2026/02/15;0700 UTC;0;899,2;899,3;899,1;;17,9;16,5;19,8;17,9;17;16,3;91;84;91;282;2,4;,9;
2026/02/15;0800 UTC;0;899,4;899,4;899,2;;19;17;20;17,9;18,3;16,4;92;86;88;83;2,8;1,2;
2026/02/15;0900 UTC;0;899,8;899,9;899,4;;17,4;16;19;17,3;16,7;16;93;87;92;218;3,1;1;
2026/02/15;1000 UTC;0;900,8;900,8;899,8;107,5;18,8;17,3;18,8;17,1;17,4;15,9;93;91;91;329;2,4;,4;
2026/02/15;1100 UTC;0;901,4;901,4;900,8;905,8;24,5;18,6;24,5;18,8;19,6;17,3;91;70;70;97;2,8;1,2;
2026/02/15;1200 UTC;0;902,1;902,1;901,4;1946,3;26,3;18,5;26,5;24,5;19,1;17,8;70;62;62;93;7,3;2,7;
2026/02/15;1300 UTC;0;902,3;902,3;902,1;2688,2;26,9;19,2;27,2;25,4;19,8;18;67;61;63;87;8,7;3,2;
2026/02/15;1400 UTC;0;902;902,3;902;3303,3;28,2;17,9;28,2;26,2;19,4;17,9;65;54;54;77;8,4;3,4;
2026/02/15;1500 UTC;0;901,5;902;901,5;3683,4;29,3;17;29,7;27,7;18,9;16,8;56;47;48;80;7,4;3,5;
2026/02/15;1600 UTC;0;900,9;901,5;900,8;3207,6;29,5;16,5;30,6;28,2;18,3;16,4;53;42;45;97;6,9;2,7;
2026/02/15;1700 UTC;0;900,1;900,9;900,1;2940,6;29,1;17,6;30,8;28,1;18,4;16,5;53;43;50;85;8,9;3,1;
2026/02/15;1800 UTC;0;899,4;900,2;899,4;2545,7;30,8;15,9;30,9;28,2;18,4;15,2;53;39;41;105;8,1;3,8;
2026/02/15;1900 UTC;0;898,9;899,3;898,9;1477,2;28,5;16,3;31,6;28,1;17,6;15,3;53;39;48;103;9,5;2,6;
2026/02/15;2000 UTC;0;898,8;898,9;898,7;482,4;27;17,3;28,7;27;17,6;15,4;56;45;55;84;6,6;1,8;
2026/02/15;2100 UTC;0;898,7;898,8;898,6;459;26,9;17;28;26,9;17,4;16,7;56;52;54;97;6,2;2;
2026/02/15;2200 UTC;0;899;899;898,6;42,1;24,1;18,1;26,9;24,1;18,1;16,9;69;54;69;83;4,2;1,9;
2026/02/15;2300 UTC;0;899,9;899,9;899;;22,2;17,9;24,1;22,2;18,3;17,9;77;69;77;87;3,7;1,9;
2026/02/16;0000 UTC;0;900,3;900,4;899,7;;21,6;17,6;22,7;21,6;17,9;17,5;78;73;78;68;4,1;1,4;
2026/02/16;0100 UTC;0;900,8;900,9;900,3;;20,5;17,5;21,7;20,5;17,7;17,4;83;78;83;68;3,5;1,3;
2026/02/16;0200 UTC;0;901,3;901,3;900,8;;18,7;16,7;20,5;18,7;17,5;16,7;88;83;88;316;2,4;,8;
2026/02/16;0300 UTC;0;901,4;901,4;901,2;;18,6;16,6;19,4;18,6;17,5;16,6;90;88;88;18;2;,5;
2026/02/16;0400 UTC;0;901;901,4;901;;18,2;16,7;18,6;18,2;16,9;16,5;92;88;91;38;1,5;,7;
2026/02/16;0500 UTC;0;900,4;901;900,4;;18,5;17,2;18,6;17,9;17,3;16,6;93;91;92;47;1,7;1;
2026/02/16;0600 UTC;0;900,3;900,4;900,2;;18,6;17,3;18,6;17,8;17,3;16,4;93;91;92;45;2,2;1,3;
2026/02/16;0700 UTC;0;900,2;900,3;900,1;;18,3;16,5;19;18,3;17,3;16,5;92;88;89;78;2,5;,7;
2026/02/16;0800 UTC;0;900,4;900,4;900,1;;18,3;16,3;18,4;17,7;16,8;16,1;92;88;88;50;2,1;,9;
2026/02/16;0900 UTC;0;900,6;900,6;900,3;;17,8;16,4;18,3;17,4;16,4;16;92;88;92;74;2,4;1,2;
2026/02/16;1000 UTC;0;901,5;901,5;900,6;113,8;19,6;17,7;19,6;17,4;17,7;15,8;92;88;88;30;2,2;,6;
2026/02/16;1100 UTC;0;902;902,1;901,5;879,4;23,2;17,6;23,3;19,6;18,5;17,4;88;70;71;57;6;2,6;
2026/02/16;1200 UTC;0;902,3;902,3;902;1925,6;24,8;16,9;25;23,2;18,5;16,6;71;61;61;50;8,5;3,9;
2026/02/16;1300 UTC;0;902,5;902,5;902,2;2814,4;25,6;17,1;26,1;24,7;17,8;16,5;63;57;59;55;8,6;3,4;
2026/02/16;1400 UTC;0;902,1;902,5;902,1;3183,3;26,8;16,8;27,1;25,3;18,2;16,6;61;53;54;59;8,1;3,2;
2026/02/16;1500 UTC;0;901,8;902,1;901,8;3755,9;29;16,2;29;26,9;17,5;15,4;56;46;46;67;7,5;2,9;
2026/02/16;1600 UTC;0;901,2;901,8;901,1;2746,5;29,2;16,9;29,4;27,1;17,4;15,2;52;44;47;102;6;2,8;
2026/02/16;1700 UTC;0;900,6;901,2;900,5;3303;30,2;16;30,2;27,9;16,7;14,8;50;41;42;79;6,1;2,2;
2026/02/16;1800 UTC;0;900,2;900,6;900,1;2630;28,8;15,8;30,3;28;17;14,8;49;41;46;66;6,9;2,7;
2026/02/16;1900 UTC;0;899,5;900,2;899,5;1860;28,9;16,5;29,6;27,7;17,1;15,4;51;44;47;61;6,2;2,4;
2026/02/16;2000 UTC;0;899,2;899,5;899,2;1679,2;28,8;15,9;29,2;27,8;16,5;14,3;50;41;46;82;6,2;1,7;
2026/02/16;2100 UTC;0;899,3;899,4;899,2;413,4;26,4;16,3;28,8;25,9;16,9;15,4;57;45;54;111;5,6;2,8;
2026/02/16;2200 UTC;0;899,5;899,5;899,3;55,4;24;17,7;26,5;24;17,7;16,1;68;53;68;99;5,6;1,4;
2026/02/16;2300 UTC;0;900;900;899,5;;21,6;16,9;24;21,6;18,1;16,9;78;68;75;87;3,1;1,4;
2026/02/17;0000 UTC;0;900,8;900,8;900;;20;16,1;21,6;20;17;16;81;75;78;70;2,7;1,6;
2026/02/17;0100 UTC;0;901,4;901,4;900,8;;20,3;15,3;20,4;19,8;16;15,2;78;72;73;91;4,1;1,9;
2026/02/17;0200 UTC;0;902;902;901,4;;19,8;15,2;20,3;19,7;15,3;15,1;76;72;75;95;4,2;1,7;
2026/02/17;0300 UTC;0;902,1;902,2;902;;19,8;15,5;20,3;19;15,6;15,1;79;73;77;95;3,8;1,5;
2026/02/17;0400 UTC;0;901,6;902,1;901,6;;20,5;15,4;20,5;19,7;15,5;15,3;77;72;72;87;4,8;1,9;
2026/02/17;0500 UTC;0;900,6;901,6;900,6;;20,7;15,4;20,7;20,3;15,4;15,3;73;72;72;93;5,4;2,3;
2026/02/17;0600 UTC;0;900,3;900,6;900,2;;19,3;15,3;20,8;19,3;15,4;15,2;78;71;78;80;5,4;1,4;
2026/02/17;0700 UTC;0;900,4;900,4;900,2;;17,3;14,9;19,5;17,3;15,5;14,8;86;78;86;238;3,5;1,3;
2026/02/17;0800 UTC;0;900,6;900,6;900,3;;16,7;15,1;17,5;16,7;15,4;15;90;86;90;244;2,5;1,5;
2026/02/17;0900 UTC;0;900,7;900,7;900,5;;16,7;15,3;17,1;16,6;15,6;15;91;89;91;196;3;1,7;
2026/02/17;1000 UTC;0;901,3;901,3;900,8;102,4;18,6;16,7;18,6;16,7;16,7;15,2;91;89;89;236;3;1,6;
2026/02/17;1100 UTC;0;901,9;901,9;901,3;900,5;23,6;17;23,6;18,6;17,5;16,7;89;66;66;97;5,6;2,4;
2026/02/17;1200 UTC;0;902,3;902,3;901,9;2019;25,2;16,7;25,2;23,6;17,4;16,2;66;58;59;61;7,2;3,1;
2026/02/17;1300 UTC;0;902,4;902,5;902,3;2844,6;26,9;16,4;26,9;24,9;17,5;15,8;60;52;52;52;7,5;3;
2026/02/17;1400 UTC;0;902,5;902,6;902,3;3512,4;27,9;15,7;27,9;26,2;16,6;15,1;54;47;48;77;7,9;3;
2026/02/17;1500 UTC;0;902,4;902,6;902,4;3702,6;28,9;15,9;29,2;26,8;17,1;14,6;52;42;45;106;6,6;3,1;
2026/02/17;1600 UTC;0;901,5;902,4;901,5;2544,5;28,1;15,3;29,7;27,2;16,8;14,1;49;41;46;37;5,8;1,8;
2026/02/17;1700 UTC;0;900,7;901,5;900,7;2141,6;28,3;15;29,8;27,6;16,5;13,3;49;39;44;42;5,5;1,8;
2026/02/17;1800 UTC;0;899,7;900,7;899,7;3135,2;31,4;12,8;31,5;28,3;15,3;11,6;45;31;32;158;6;1,2;
2026/02/17;1900 UTC;0;898,8;899,7;898,8;2261,7;31,1;12,6;31,4;28,4;15;10,9;45;30;32;115;5;1,8;
2026/02/17;2000 UTC;0;898,3;898,8;898,3;1140,1;29,1;15;31,2;27,3;15,8;11,6;48;31;42;61;7,5;2,4;
2026/02/17;2100 UTC;0;898,4;898,4;898,3;683,4;27,1;15,1;29,2;27,1;15,5;13,1;48;38;48;78;4,7;1,7;
2026/02/17;2200 UTC;0;898,7;898,7;898,4;31,7;22,8;16,3;27,1;22,7;16,6;15,2;67;48;67;78;3,1;1;
2026/02/17;2300 UTC;0;899,4;899,4;898,8;;21,2;16,5;22,8;21,1;17,6;16,2;77;66;75;78;1,9;1,3;
2026/02/18;0000 UTC;0;899,7;899,7;899,4;;19,4;15,9;21,2;19,4;16,6;15,8;81;74;80;56;1,9;1,1;
2026/02/18;0100 UTC;0;900,1;900,1;899,7;;18,8;15,7;19,4;18,8;16,2;15,6;83;80;82;70;2,1;,9;
2026/02/18;0200 UTC;0;900,4;900,6;900,1;;18,5;15,4;19,3;18,2;16;15,4;85;81;83;44;2;,9;
2026/02/18;0300 UTC;0;900,3;900,5;900,2;;17,9;15,7;18,5;17,9;16;15,4;88;83;87;124;2,1;1,3;
2026/02/18;0400 UTC;0;900,4;900,4;900,3;;16,7;14,9;18;16,7;16;14,7;89;87;89;13;2,4;,8;
2026/02/18;0500 UTC;0;899,8;900,4;899,8;;16,2;14,8;16,7;16,2;15;14,7;92;89;91;115;2,3;,8;
2026/02/18;0600 UTC;0;899,6;899,8;899,5;;15,1;13,8;16,3;15,1;15;13,8;92;91;92;80;1,3;,9;
2026/02/18;0700 UTC;0;899,9;899,9;899,6;;15,1;13,9;15,3;15;14,2;13,8;93;92;93;40;1,6;1,3;
2026/02/18;0800 UTC;0;899,8;899,9;899,7;;15;14;15,1;14,7;14;13,6;94;93;94;46;1,8;1,3;
2026/02/18;0900 UTC;0;900;900;899,8;;14,4;13,3;15,1;14,1;14;13;94;93;94;58;2;,8;
2026/02/18;1000 UTC;0;900,6;900,6;900;101,6;15,7;14,4;15,7;14,4;14,4;13,4;94;92;92;70;1,5;,8;
2026/02/18;1100 UTC;0;901,5;901,5;900,6;528,6;21,4;16,5;21,4;15,7;17,3;14,5;92;74;74;23;1,6;,6;
2026/02/18;1200 UTC;0;901,6;901,6;901,4;1948,1;24,7;16,4;25,5;21,4;17,7;16,3;74;58;60;324;3,7;1,7;
2026/02/18;1300 UTC;0;901,6;901,7;901,5;2821,1;27;15,2;27,8;24,7;17,2;14,8;61;47;48;353;4,7;2,3;
2026/02/18;1400 UTC;0;901,2;901,6;901,2;3187,9;28,4;14,6;29,1;26,9;16,8;14,1;52;42;43;310;4,6;1,9;
2026/02/18;1500 UTC;0;900,5;901,2;900,5;3829,4;28,9;15,3;30,5;28,4;16,4;13,4;45;38;44;275;4,8;2,3;
2026/02/18;1600 UTC;0;899,7;900,5;899,7;2553,9;26,1;16,7;29,7;26,1;17,4;15,5;56;43;56;22;6,9;3,7;
2026/02/18;1700 UTC;0;898,7;899,8;898,7;1991,3;28,6;18;28,6;23,5;20,6;16,2;78;51;53;337;6,9;2;
2026/02/18;1800 UTC;0;897,8;898,7;897,8;3474,5;29,5;15,4;30,6;28,5;17,8;14,3;53;40;43;7;5;2,2;
2026/02/18;1900 UTC;0;897,4;897,8;897,4;1295,7;25,9;18,5;30,7;25,8;18,7;14,1;65;38;64;230;7,5;1,8;
2026/02/18;2000 UTC;,4;896,9;897,5;896,5;437,3;23,6;20,1;25,9;22,8;20,5;18,3;83;64;81;127;5,7;1,2;
2026/02/18;2100 UTC;0;897,4;897,4;896,9;213,1;22,6;19,1;23,7;22,6;20,3;19,1;83;79;80;52;5,2;1,3;
2026/02/18;2200 UTC;0;897,8;897,8;897,3;14,9;22,6;18,8;22,7;21,9;19,5;18,8;86;79;79;88;3,9;2,2;
2026/02/18;2300 UTC;0;898,7;898,7;897,8;;20,6;17,8;22,6;20,6;18,8;17,2;84;76;84;290;9,5;2,8;
2026/02/19;0000 UTC;0;899,8;899,8;898,7;;20;17,8;20,6;20;17,9;17,7;88;84;87;343;7;,8;
2026/02/19;0100 UTC;1,4;900,5;900,5;899,8;;19,7;18,5;20;19,7;18,5;17,7;93;87;92;159;4,2;1,9;
2026/02/19;0200 UTC;4,6;900,4;900,6;900,3;;18,7;17,7;19,7;18,7;18,5;17,7;94;92;94;185;4,8;1,8;
2026/02/19;0300 UTC;1,2;899,6;900,4;899,6;;18,6;17,7;18,7;18,5;17,8;17,6;95;94;95;162;5,5;1,6;
2026/02/19;0400 UTC;1,6;898,9;899,6;898,9;;18,7;17,9;18,7;18,6;17,9;17,7;95;95;95;145;3,2;,8;
2026/02/19;0500 UTC;,2;898,2;898,9;898,2;;18,5;17,7;18,7;18,4;17,9;17,6;95;95;95;181;2;1,1;
2026/02/19;0600 UTC;0;898,1;898,4;898,1;;18;17,2;18,5;18;17,7;17,2;95;95;95;100;2,2;,6;
2026/02/19;0700 UTC;0;897,9;898,3;897,9;;18;17,2;18,1;17,9;17,3;17,1;95;95;95;83;1,8;,3;
2026/02/19;0800 UTC;0;897,9;898;897,8;;17,4;16,7;18;17,4;17,1;16,6;95;95;95;56;1,5;,9;
2026/02/19;0900 UTC;0;898,2;898,2;897,9;;17,3;16,5;17,4;17,1;16,7;16,3;95;95;95;27;4,3;,6;
2026/02/19;1000 UTC;0;898,6;898,6;898,2;127,6;18;17,2;18;17,2;17,2;16,4;95;95;95;68;2,3;1;
2026/02/19;1100 UTC;0;899,1;899,1;898,6;395,8;19,7;18,5;19,7;18;18,5;17,3;95;93;93;22;2,3;,7;
2026/02/19;1200 UTC;0;899,8;899,8;899,1;724,4;21,5;19,1;21,5;19,7;19,1;18,3;93;86;86;342;2,3;1,2;
2026/02/19;1300 UTC;0;899,9;900;899,8;2079;24,1;18,7;24,8;21,5;20;18;87;70;72;315;4,1;2;
2026/02/19;1400 UTC;0;899,7;899,9;899,6;3275,9;26,3;18;26,6;24,2;19,5;17;72;60;60;306;4,5;1,8;
2026/02/19;1500 UTC;0;899,3;899,7;899,3;3926,9;27,3;18,1;28,3;25,9;19,9;16,9;66;51;57;304;6,5;3,3;
2026/02/19;1600 UTC;0;897,8;899,3;897,8;3926,7;28,2;17,9;28,5;27,3;19,2;17,1;59;53;54;280;7,1;3,1;
2026/02/19;1700 UTC;0;897;897,8;897;3798,5;28,9;18,1;29,3;27,7;19,3;16,9;57;48;52;286;7,1;3,1;
2026/02/19;1800 UTC;0;896,6;897;896,6;1555,4;26,5;18,8;29,7;26,5;19,8;16,8;65;47;63;213;6,9;2,4;
2026/02/19;1900 UTC;0;896;896,6;895,9;1229,3;27,7;18,7;27,7;26,5;19,3;17,1;64;55;58;290;5,2;2,1;
2026/02/19;2000 UTC;0;896,7;896,7;895,8;1102,2;22,7;17,9;28,4;22,7;19,1;17,9;74;54;74;318;9,4;4,6;
2026/02/19;2100 UTC;0;897,4;897,4;896,6;187,8;22;18,3;22,7;21,6;18,5;17,8;82;74;79;266;9,4;1,4;
2026/02/19;2200 UTC;,6;897,9;897,9;897,2;16,8;20,9;18,5;22,1;20,9;18,6;18,2;86;79;86;11;3,6;,9;
2026/02/19;2300 UTC;1,6;898,5;898,5;897,8;;20,3;19;20,8;20,2;19,1;18,5;93;87;93;56;1,6;,3;
2026/02/20;0000 UTC;1;899;899;898,5;;20,2;19,1;20,3;20,1;19,2;19;94;93;94;67;1,4;,4;
2026/02/20;0100 UTC;1;899,6;899,6;899;;19,9;18,9;20,2;19,8;19,2;18,8;94;93;94;1;1,5;,7;
2026/02/20;0200 UTC;0;900,1;900,1;899,6;;19,8;18,9;20;19,7;19;18,7;95;94;95;20;1,7;,6;
2026/02/20;0300 UTC;,2;899,9;900,1;899,9;;19,7;18,8;19,8;19,6;18,9;18,7;95;94;95;75;1,4;,5;
2026/02/20;0400 UTC;0;899,4;899,9;899,4;;19,7;18,9;19,7;19,5;18,9;18,6;95;95;95;356;1,8;,9;
2026/02/20;0500 UTC;0;898,6;899,4;898,6;;19,4;18,6;19,9;19,4;19,1;18,6;95;95;95;31;1,9;,7;
2026/02/20;0600 UTC;0;898;898,6;898;;19,5;18,7;19,6;19,4;18,7;18,6;95;95;95;10;1,5;,7;
2026/02/20;0700 UTC;0;897,9;898,1;897,8;;19,6;18,8;19,7;19,4;18,9;18,6;95;95;95;308;1,7;,3;
2026/02/20;0800 UTC;0;898,5;898,5;897,9;;19,4;18,6;19,6;19,3;18,8;18,5;95;95;95;163;1,1;,4;
2026/02/20;0900 UTC;2,8;898,5;898,7;898,5;;19,4;18,6;19,5;19,3;18,7;18,6;95;95;95;12;1,5;,8;
2026/02/20;1000 UTC;,4;898,9;898,9;898,5;15,7;19,5;18,8;19,5;19,3;18,8;18,5;95;95;95;236;1,9;,5;
2026/02/20;1100 UTC;3,8;899,7;899,7;898,9;203,3;20,1;19,3;20,1;19,5;19,3;18,8;95;95;95;33;3,2;1,2;
2026/02/20;1200 UTC;8;900,7;900,7;899,7;88,5;19,5;18,7;20,1;19,5;19,3;18,7;95;95;95;262;3,6;1,7;
2026/02/20;1300 UTC;12,6;900,7;900,8;900,6;336,1;19,4;18,7;19,5;19,2;18,7;18,4;95;95;95;321;3,9;1,1;
2026/02/20;1400 UTC;1,8;899,9;900,7;899,9;1296;20,6;19,3;20,6;19,4;19,4;18,7;95;92;92;303;3,8;1,8;
2026/02/20;1500 UTC;0;898,7;899,9;898,7;2177,3;22,7;18,3;22,7;20,6;19,8;17,6;93;74;76;307;6,2;1,9;
2026/02/20;1600 UTC;0;898;898,7;898;3014,6;24,6;16,8;25,2;22,5;18,8;16,8;77;62;62;294;6,2;1,8;
2026/02/20;1700 UTC;0;897,1;898;897,1;3679;25,9;18,3;26,9;24,6;19,7;17;70;59;63;298;6,3;2,6;
2026/02/20;1800 UTC;0;896,3;897,1;896,3;3156,3;26,8;19,6;26,8;25,3;19,6;17,5;66;58;65;310;7,1;2,8;
2026/02/20;1900 UTC;0;895,6;896,3;895,6;2667;26,7;18,6;27,3;26,2;19,6;17,7;65;57;61;296;6,6;2,5;
2026/02/20;2000 UTC;0;895;895,6;894,9;1649,1;26;18,7;27,1;25,9;19,4;18;66;59;64;305;5,9;2,7;
2026/02/20;2100 UTC;0;895,5;895,5;894,9;557,9;24,6;18,9;26,2;24,6;19,3;18;71;63;70;306;5,7;1,9;
2026/02/20;2200 UTC;0;895,9;895,9;895,5;93,9;22,3;18,8;24,7;22,3;19,1;18,5;81;70;81;314;5;1,9;
2026/02/20;2300 UTC;0;897,1;897,2;895,9;;21,1;18,2;22,3;21;19;18;84;80;84;329;7;1,7;
2026/02/21;0000 UTC;0;898,2;898,2;897,1;;20,3;18,1;21,1;20,3;18,2;18;87;83;87;350;3,8;,8;
2026/02/21;0100 UTC;,2;898,9;899;898,2;;20,1;18,6;20,4;20,1;18,6;18,1;91;87;91;354;3,3;1,3;
2026/02/21;0200 UTC;,2;899,1;899,1;898,9;;19,9;18,7;20,1;19,9;18,8;18,5;93;91;93;325;4,4;2;
2026/02/21;0300 UTC;0;899,2;899,3;899,1;;19,6;18,5;19,9;19,6;18,8;18,4;93;93;93;353;4,6;1,6;
2026/02/21;0400 UTC;,2;898,8;899,2;898,8;;19,2;18,2;19,6;19,2;18,5;18,2;94;93;94;307;4,9;1,9;
2026/02/21;0500 UTC;,2;898;898,8;898;;18,7;17,8;19,2;18,7;18,2;17,8;95;94;95;304;4,1;1,3;
2026/02/21;0600 UTC;,6;897,7;898;897,7;;18,7;17,9;18,8;18,6;17,9;17,8;95;95;95;319;4,2;1,6;
2026/02/21;0700 UTC;0;897,6;897,7;897,6;;18,7;18;18,8;18,7;18;17,9;95;95;95;327;4,9;2,5;
2026/02/21;0800 UTC;0;897,8;897,9;897,6;;18,9;18,2;19;18,7;18,2;18;95;95;95;339;4,8;1,3;
2026/02/21;0900 UTC;0;898,1;898,1;897,8;;19;18,2;19;18,9;18,3;18,2;95;95;95;300;4;,8;
2026/02/21;1000 UTC;,8;898,6;898,6;898,1;71,3;18,8;18;19;18,8;18,2;18;95;95;95;317;4,9;2;
2026/02/21;1100 UTC;,6;899,5;899,5;898,6;196,8;19,2;18,4;19,3;18,7;18,5;17,9;95;95;95;337;4,4;,9;
2026/02/21;1200 UTC;0;900,2;900,2;899,5;303,2;19,6;18,7;19,6;19,2;18,8;18,4;95;95;95;303;5,6;2,1;
2026/02/21;1300 UTC;,2;900,4;900,4;900,1;1038,4;21,5;19,3;21,5;19,6;19,5;18,8;95;87;87;310;6,4;3;
2026/02/21;1400 UTC;0;900,3;900,4;900,3;1409,8;22,2;19,2;22,3;21,4;19,7;18,7;88;83;83;302;7,1;2,2;
2026/02/21;1500 UTC;0;899,9;900,3;899,9;1839,1;23,2;18,9;23,9;22;19,7;18,8;85;75;77;304;8,2;3;
2026/02/21;1600 UTC;0;899,2;899,9;899,2;2023,8;23,9;18,8;24,5;23;19,5;18,5;78;70;73;299;8,7;3,9;
2026/02/21;1700 UTC;0;898,2;899,2;898,2;2287,2;24;19,4;24,1;22,5;20,2;18,7;81;73;75;298;8,7;3,4;
2026/02/21;1800 UTC;0;897,4;898,3;897,4;2399,8;24,6;18,7;25;23,2;20,1;18,4;77;70;70;310;7,2;3;
2026/02/21;1900 UTC;0;896,7;897,4;896,7;1480,8;24,1;19,9;24,7;23;19,9;18,5;79;70;77;300;7,4;2,9;
2026/02/21;2000 UTC;0;896,5;896,7;896,4;1483,4;23,2;18,7;24,7;23,2;19,7;18,3;77;70;76;298;6,8;2,5;
2026/02/21;2100 UTC;0;896,7;896,7;896,4;404;21,8;18,7;23,2;21,8;18,8;18,4;83;76;83;311;5,6;2,1;
2026/02/21;2200 UTC;0;897,1;897,1;896,7;44,1;20,4;18,4;21,8;20,4;18,9;18,4;89;83;89;335;4,6;1,5;
2026/02/21;2300 UTC;0;898;898;897,1;;19,9;18,3;20,4;19,8;18,5;18,2;91;89;91;337;3;1,4;
2026/02/22;0000 UTC;0;898,8;898,8;898;;19,7;18,4;19,9;19,5;18,5;18,1;92;91;92;15;2,7;1,2;
2026/02/22;0100 UTC;0;899,6;899,6;898,8;;19,6;18,4;19,8;19,5;18,6;18,3;93;92;93;86;2,1;,9;
2026/02/22;0200 UTC;0;899,7;899,9;899,6;;19,5;18,3;19,8;19,5;18,6;18,3;93;93;93;104;1,4;,8;
2026/02/22;0300 UTC;0;899,5;899,8;899,5;;19,7;18,7;19,7;19,1;18,7;18;94;93;94;3;1,6;,7;
2026/02/22;0400 UTC;0;899,4;899,7;899,4;;19,2;18,3;19,7;19,2;18,7;18,1;94;93;94;24;3,1;1,2;
2026/02/22;0500 UTC;0;898,9;899,4;898,8;;19,2;18,3;19,3;19;18,3;18;95;94;95;8;2,7;1,3;
2026/02/22;0600 UTC;0;898,4;898,8;898,4;;19,7;18,8;19,7;19,2;18,8;18,3;95;94;95;308;3,6;1,4;
2026/02/22;0700 UTC;0;898,2;898,4;898,2;;19,7;18,8;19,7;19,6;18,9;18,8;95;95;95;314;3,6;1,4;
2026/02/22;0800 UTC;,2;898,3;898,3;898,2;;19,6;18,8;19,7;19,6;18,8;18,8;95;95;95;302;3,7;1,3;
2026/02/22;0900 UTC;1;898,5;898,5;898,3;;19,3;18,5;19,6;19,2;18,8;18,4;95;95;95;321;3,6;,7;
2026/02/22;1000 UTC;0;899,4;899,4;898,5;29,7;19,4;18,6;19,4;19,2;18,6;18,4;95;95;95;308;2;,9;
2026/02/22;1100 UTC;0;900,1;900,1;899,4;268,1;19,9;19,1;19,9;19,3;19,1;18,5;95;95;95;290;2,5;1,2;
2026/02/22;1200 UTC;,2;900,4;900,4;900;1158,9;20,9;19,1;21,4;19,9;20,1;19;95;88;89;307;5,4;2,4;
2026/02/22;1300 UTC;0;900,4;900,5;900,3;897,7;21,3;19,5;21,8;21;19,8;19;89;87;89;289;5,4;1,9;
2026/02/22;1400 UTC;0;900,4;900,5;900,4;1329,7;22,5;19;23,5;21,3;20,2;19;89;78;81;295;6,2;2,5;
2026/02/22;1500 UTC;0;899,4;900,4;899,4;2993,5;25,6;19,7;25,6;22,5;20,2;18,8;83;69;70;303;6,7;2,9;
2026/02/22;1600 UTC;0;898,7;899,4;898,7;2996,2;25,5;19,2;26,3;24,5;20,2;18,6;75;66;68;289;8,3;3,2;
2026/02/22;1700 UTC;0;898;898,7;898;3223,4;25,1;19,5;26,8;24,1;20,1;18,6;75;63;71;283;9;3,9;
2026/02/22;1800 UTC;0;896,9;898;896,9;2427,2;25,5;19,7;25,6;22,6;20,4;18,4;80;71;71;302;8,2;3;
2026/02/22;1900 UTC;0;896,4;896,9;896,1;2679,4;25,5;19,5;25,7;24,6;19,8;18,5;73;65;69;301;8,1;2,9;
2026/02/22;2000 UTC;0;896,4;896,5;896;1302,2;22,4;18,7;25,9;22,4;20;18,3;80;67;80;325;8,1;2,9;
2026/02/22;2100 UTC;0;896,6;896,6;896,2;557,6;22,6;19,4;23,2;22,4;19,4;18,4;83;75;82;1;5,5;1,9;
2026/02/22;2200 UTC;0;897,1;897,1;896,5;38,9;21,3;18,8;22,6;21,3;19,4;18,7;85;82;85;346;4,9;1,6;
2026/02/22;2300 UTC;0;897,3;897,3;897;;20,6;18,7;21,3;20,6;18,9;18,7;89;85;89;354;3,9;1,4;
2026/02/23;0000 UTC;0;898;898;897,3;;20;18,6;20,6;20;18,8;18,6;92;89;92;6;3,2;,8;
2026/02/23;0100 UTC;0;899;899;898;;20,2;18,9;20,3;20;19;18,6;93;92;92;335;1,8;,9;
2026/02/23;0200 UTC;0;899,3;899,4;899;;20,2;19,1;20,3;20,1;19,1;18,8;93;92;93;353;2,5;1,2;
2026/02/23;0300 UTC;0;898,8;899,3;898,8;;20,2;19,1;20,3;20,2;19,2;19,1;94;93;94;324;4,1;1,7;
2026/02/23;0400 UTC;0;898,4;898,8;898,4;;20,1;19,1;20,2;20,1;19,2;19,1;94;94;94;312;5,3;1,9;
2026/02/23;0500 UTC;,4;897,7;898,4;897,7;;19,8;18,9;20,1;19,8;19,1;18,9;94;94;94;308;5,5;1,6;
2026/02/23;0600 UTC;0;897,1;897,7;897,1;;19,6;18,7;19,8;19,6;18,9;18,7;95;94;95;304;5,5;1,8;
2026/02/23;0700 UTC;0;897,1;897,2;897,1;;19,5;18,7;19,6;19,5;18,8;18,7;95;95;95;307;4,5;1,7;
2026/02/23;0800 UTC;,6;897,3;897,3;897;;19,3;18,5;19,6;19,3;18,7;18,5;95;95;95;305;4,6;1,8;
2026/02/23;0900 UTC;0;897,5;897,5;897,2;;19,2;18,4;19,3;19,2;18,5;18,4;95;95;95;302;4,3;1,2;
2026/02/23;1000 UTC;0;898;898;897,5;69,7;19,3;18,5;19,4;19,2;18,6;18,4;95;95;95;306;3,9;1,6;
2026/02/23;1100 UTC;0;898,9;898,9;898;333,7;19,8;18,8;19,8;19,3;18,8;18,6;95;94;94;311;5,2;2;
2026/02/23;1200 UTC;0;899,5;899,5;898,9;631,3;20,7;18,6;20,7;19,8;19,2;18,5;94;88;88;315;5,5;2,3;
2026/02/23;1300 UTC;0;899,7;899,8;899,5;893,5;21,7;18,7;21,7;20,6;19;18,4;88;83;83;305;6,4;2,5;
2026/02/23;1400 UTC;0;899,7;899,8;899,7;1095,1;22,1;18,5;22,5;21,4;19,2;18,2;84;78;80;301;7,8;2,4;
2026/02/23;1500 UTC;0;899,1;899,7;899,1;2076,2;24,1;18,3;24,7;22,1;19,4;18,2;80;69;70;289;7,8;3,2;
2026/02/23;1600 UTC;0;898;899,1;898;2461,9;24,5;18,7;25,6;23,5;20,1;18,4;77;68;70;264;8,7;3,2;
2026/02/23;1700 UTC;,4;897,2;898;897,2;1451,7;20,9;19,1;24,5;20,8;21,4;18,4;90;70;90;304;8,3;2;
2026/02/23;1800 UTC;,2;896,3;897,2;896,3;1079;22,8;19,7;22,8;20,8;20;18,9;90;82;83;303;6,6;2,4;
2026/02/23;1900 UTC;1,4;896,1;896,3;896;1138,1;20,9;19,3;23,3;20,8;20,9;18,8;91;81;91;319;7,1;2,8;
2026/02/23;2000 UTC;,2;896,2;896,2;896,1;651,5;21,2;19,9;21,2;20,7;20;19,2;93;91;92;296;7,1;2;
2026/02/23;2100 UTC;0;896,5;896,5;896,1;470;21,1;19,2;21,3;21;19,9;19,1;92;88;89;309;5,6;2,1;
2026/02/23;2200 UTC;0;896,9;896,9;896,5;83,8;20,5;19;21,1;20,5;19,2;18,9;92;88;92;272;5,1;1,8;
2026/02/23;2300 UTC;0;897,5;897,5;896,9;;19,4;18,1;20,5;19,4;19;18,1;93;91;93;313;4,5;1,2;
2026/02/24;0000 UTC;0;898,3;898,3;897,5;;19,7;18,6;19,7;19,4;18,7;18,1;94;93;94;356;3,1;,8;
2026/02/24;0100 UTC;0;898,9;898,9;898,3;;19,6;18,6;19,8;19,6;18,7;18,6;94;94;94;4;2,6;1,2;
2026/02/24;0200 UTC;0;898,9;899,1;898,9;;19,6;18,7;19,7;19,5;18,7;18,6;94;94;94;353;2,8;1,2;
2026/02/24;0300 UTC;0;898,4;898,9;898,4;;19,5;18,6;19,7;19,5;18,7;18,5;94;94;94;341;2,7;1;
2026/02/24;0400 UTC;0;898;898,4;897,9;;19,5;18,5;19,7;19,5;18,7;18,5;94;94;94;320;2,8;,8;
2026/02/24;0500 UTC;0;897,7;898;897,7;;19,4;18,5;19,5;19,3;18,6;18,4;95;94;95;332;2,9;1,3;
2026/02/24;0600 UTC;0;897,4;897,7;897,4;;19,4;18,4;19,5;19,4;18,6;18,4;95;94;94;344;4,1;1;
2026/02/24;0700 UTC;0;897,1;897,4;897;;19,2;18,2;19,4;19,2;18,4;18,2;94;94;94;324;2,9;1;
2026/02/24;0800 UTC;0;896,9;897,1;896,8;;19,1;18,2;19,3;19,1;18,3;18,2;94;94;94;344;2,6;1,2;
2026/02/24;0900 UTC;0;897,1;897,1;896,9;;19,1;18,2;19,2;19,1;18,3;18,2;95;94;95;323;3,5;1,6;
2026/02/24;1000 UTC;0;897,6;897,6;897,1;39,7;19,3;18,5;19,3;19,1;18,5;18,2;95;95;95;307;4,6;1,6;
2026/02/24;1100 UTC;0;898,4;898,4;897,6;199,7;20,1;19;20,1;19,3;19;18,5;95;94;94;302;4,7;1,9;
2026/02/24;1200 UTC;0;898,9;898,9;898,4;533,4;20,8;18,9;20,9;20,1;19,1;18,8;94;88;89;290;6,6;2,2;
2026/02/24;1300 UTC;0;899,2;899,2;898,9;806,3;21,9;19;21,9;20,8;19,3;18,7;89;83;84;288;6,2;2,4;
2026/02/24;1400 UTC;0;899;899,2;899;1070,9;22,6;19,5;22,6;21,8;19,7;18,8;85;82;83;301;6;2,3;
2026/02/24;1500 UTC;,6;898,7;899,1;898,7;1289,2;21,9;19,7;22,9;21,8;20,4;19,2;88;81;87;287;6,9;2,3;
2026/02/24;1600 UTC;,2;897,5;898,7;897,5;2082,4;23,9;19,5;24,7;21,7;21,1;19;89;74;76;284;6,9;3,2;
2026/02/24;1700 UTC;0;896,5;897,5;896,5;2149,2;22,9;19,7;26,5;22,8;21;18,8;83;68;82;273;8,1;3,1;
2026/02/24;1800 UTC;0;895,8;896,5;895,8;1573;24,1;20;24,4;22,9;20,4;19,3;83;74;78;309;7;2,3;
2026/02/24;1900 UTC;0;895,2;895,8;895,2;1373;24,5;20,1;24,7;23,7;20,2;19,3;78;74;77;298;8;2,4;
2026/02/24;2000 UTC;0;894,8;895,2;894,5;1752,3;24,9;19,7;25,5;24;20,8;19,1;79;72;73;313;6,8;2,7;
2026/02/24;2100 UTC;0;895,2;895,2;894,8;457,3;23,2;19,7;24,9;23,2;20,1;19,4;81;73;81;285;6,2;,9;
2026/02/24;2200 UTC;3,4;896,9;896,9;895,2;18,7;19,4;18,4;23,2;19,4;19,8;18,2;93;80;93;323;9,8;2;
2026/02/24;2300 UTC;,2;897,3;897,3;896,9;;19,6;18,7;19,7;19,4;18,7;18,4;95;93;95;331;5,1;1,2;
2026/02/25;0000 UTC;0;897,4;897,4;897,3;;19,7;18,9;19,8;19,6;18,9;18,7;95;95;95;314;3,8;1,4;
2026/02/25;0100 UTC;0;897,7;897,8;897,4;;19,8;19;19,8;19,7;19;18,9;95;95;95;318;4,3;1,2;
2026/02/25;0200 UTC;0;897,5;897,8;897,5;;19,9;19,1;19,9;19,8;19,1;19;95;95;95;327;3,5;1,3;
2026/02/25;0300 UTC;0;897,3;897,5;897,3;;19,8;19;19,9;19,8;19,1;19;95;95;95;341;3,4;1,3;
2026/02/25;0400 UTC;0;897,3;897,5;897,3;;19,9;19,1;19,9;19,8;19,1;19;95;95;95;317;2,8;1,2;
2026/02/25;0500 UTC;0;896,7;897,3;896,7;;19,9;19,1;19,9;19,9;19,1;19,1;95;95;95;327;4,7;2;
2026/02/25;0600 UTC;0;896,2;896,7;896,2;;19,8;19;19,9;19,8;19,1;19;95;95;95;312;4,8;1,5;
2026/02/25;0700 UTC;0;896,2;896,2;896;;19,7;18,9;19,8;19,7;19;18,9;95;95;95;301;4,9;1,4;
2026/02/25;0800 UTC;0;896,3;896,3;896,2;;19,5;18,7;19,7;19,5;18,9;18,7;95;95;95;315;4,2;1,7;
2026/02/25;0900 UTC;0;896,7;896,7;896,3;;19,5;18,6;19,5;19,5;18,7;18,6;95;95;95;303;4,3;1,3;
2026/02/25;1000 UTC;0;897,1;897,1;896,7;47,4;19,7;18,7;19,7;19,5;18,7;18,6;95;94;94;303;4,4;1,6;
2026/02/25;1100 UTC;0;897,8;897,8;897,1;204,8;20;19;20,1;19,7;19,1;18,7;94;94;94;298;5,6;2,2;
2026/02/25;1200 UTC;,2;898,2;898,2;897,8;688,6;21,4;19,5;21,4;20;19,7;19;94;89;89;294;6,7;2,3;
2026/02/25;1300 UTC;0;898,4;898,4;898,2;2033,7;22,8;19,4;24,1;21,4;20,6;18,9;89;77;81;288;8,3;3,2;
2026/02/25;1400 UTC;0;898;898,5;898;1728,1;23,6;19,3;24,2;22,4;20;19,1;84;74;77;297;7,8;3;
2026/02/25;1500 UTC;0;897;898;897;2832,8;25,8;19,8;25,9;23,5;20,7;19,2;79;68;69;288;7,9;3,7;
2026/02/25;1600 UTC;0;896,2;897;896,2;1667,6;23,6;20,8;25,9;22,5;20,8;19;86;67;84;309;8,1;2,6;
2026/02/25;1700 UTC;2,4;895,2;896,2;895,2;2555,6;23,4;20,2;24,3;20,3;21,5;17,8;92;79;82;312;10,1;3,5;
2026/02/25;1800 UTC;0;894,8;895,2;894,8;1881,8;23;19;23,6;22,4;20,6;18,7;85;77;78;279;10,6;3,8;
2026/02/25;1900 UTC;0;894,1;894,8;894,1;1359,7;23,2;18,6;23,4;22,5;19,2;18,4;80;75;75;287;10,2;3,8;
2026/02/25;2000 UTC;0;893,7;894,1;893,7;1436,6;22,9;19,1;23,9;22,8;19,1;18,3;79;72;79;300;10,2;2,5;
2026/02/25;2100 UTC;,2;894,2;894,3;893,7;517,2;21,4;19,2;23,2;21,4;19,5;18,7;87;77;87;284;7,5;2,5;
2026/02/25;2200 UTC;,2;894,4;894,4;894,1;42,5;20,5;19,1;21,4;20,5;19,6;19,1;92;87;92;312;5,5;1,7;
2026/02/25;2300 UTC;0;895;895;894,4;;20;18,6;20,5;20;19,1;18,6;92;92;92;317;5;2,2;
2026/02/26;0000 UTC;0;895,5;895,5;895;;19,3;18,1;20;19,3;18,6;18,1;93;92;93;335;4,8;1,7;
2026/02/26;0100 UTC;,2;896;896,1;895,5;;19,2;18,1;19,4;19,2;18,2;18,1;93;93;93;313;3,9;1,3;
2026/02/26;0200 UTC;0;896;896,3;896;;19,1;18,1;19,2;19;18,2;17,9;94;93;94;340;2,8;1,3;
2026/02/26;0300 UTC;0;895,4;896;895,4;;19,5;18,5;19,5;19,1;18,5;18,1;94;94;94;312;3,6;1,4;
2026/02/26;0400 UTC;0;895,2;895,4;895,2;;19,5;18,6;19,6;19,4;18,6;18,5;94;94;94;301;5,4;1,9;
2026/02/26;0500 UTC;1;895,1;895,2;895,1;;19,6;18,7;19,6;19,5;18,7;18,6;95;94;95;317;5,4;1,2;
2026/02/26;0600 UTC;,8;894,5;895,1;894,5;;19,5;18,7;19,6;19,5;18,8;18,7;95;95;95;300;7,8;2,7;
2026/02/26;0700 UTC;0;894,6;894,7;894,5;;19,3;18,5;19,5;19,3;18,7;18,5;95;95;95;300;6,9;2,8;
2026/02/26;0800 UTC;,4;895;895;894,6;;19,1;18,3;19,3;19,1;18,5;18,3;95;95;95;303;6,8;2,1;
2026/02/26;0900 UTC;,2;895,2;895,3;895;;19,1;18,3;19,2;19,1;18,3;18,2;95;95;95;312;7,1;2,7;
2026/02/26;1000 UTC;,4;895,5;895,5;895,2;24;19;18,2;19,1;19;18,3;18,2;95;95;95;314;7,3;3;
2026/02/26;1100 UTC;,2;896,2;896,2;895,5;170,2;19,3;18,5;19,3;19;18,5;18,2;95;95;95;310;8,1;2,9;
2026/02/26;1200 UTC;,2;896,8;896,8;896,2;456,3;20;19,1;20;19,3;19,1;18,5;95;95;95;297;8,1;3,1;
2026/02/26;1300 UTC;,2;896,9;896,9;896,7;1168,4;20,8;19,6;20,9;20;19,9;19,1;95;93;93;297;10,9;3,8;
2026/02/26;1400 UTC;0;896,8;897;896,7;1411,7;21,7;19,2;22;20,6;20,3;19,2;94;85;86;298;9,9;3,1;
2026/02/26;1500 UTC;0;896,4;896,8;896,4;2306,9;24;19,3;24;21,4;20,3;19,1;89;75;75;299;10,8;5,1;
2026/02/26;1600 UTC;0;895,7;896,5;895,7;2278,6;24,1;19,7;24,4;22;20,7;19;87;73;76;295;11,4;3,5;
2026/02/26;1700 UTC;0;894,8;895,7;894,8;2225,1;22,9;20,1;24,6;22;20,2;18,5;87;72;84;297;10,6;3,8;
2026/02/26;1800 UTC;0;894;894,8;894;2255,6;23,9;19,5;24,3;22,9;20,1;19,1;84;75;76;312;9,5;4,1;
2026/02/26;1900 UTC;0;893,2;894;893,2;1594,1;24,2;19,8;24,2;23,4;20,2;19,3;80;76;76;299;9,7;3,2;
2026/02/26;2000 UTC;0;893;893,3;893;828,9;22;19,7;24,3;22;19,8;18,9;87;74;87;283;9,2;2,4;
2026/02/26;2100 UTC;0;893,6;893,6;893;399,8;21,6;19,8;22;21,6;20,2;19,7;91;87;90;293;5,9;2,4;
2026/02/26;2200 UTC;0;894,4;894,4;893,5;45,2;21,2;19,6;21,6;21,1;19,8;19,5;91;89;91;264;5,6;1,2;
2026/02/26;2300 UTC;,2;895,2;895,2;894,4;;21;19,6;21,2;21;19,7;19,5;92;90;92;285;3,2;1,4;
2026/02/27;0000 UTC;1;896,1;896,1;895,2;;20;19;21;20;19,7;19;94;92;94;293;6;1,9;
2026/02/27;0100 UTC;4,6;896,8;896,8;896,1;;19,8;19;20;19,8;19;18,9;95;94;95;295;5,6;1,4;
2026/02/27;0200 UTC;3,6;896,5;896,8;896,5;;19,8;19;19,9;19,8;19,1;18,9;95;95;95;321;3,8;1,3;
2026/02/27;0300 UTC;1,6;895,9;896,5;895,9;;19,9;19,2;20;19,8;19,2;19,1;95;95;95;315;3,1;1,4;
2026/02/27;0400 UTC;,2;895,4;895,9;895,4;;20;19,3;20,1;19,9;19,3;19,2;95;95;95;305;5,2;1,6;
2026/02/27;0500 UTC;0;894,6;895,4;894,6;;20,1;19,3;20,1;20;19,4;19,2;95;95;95;299;4,6;1,6;
2026/02/27;0600 UTC;0;894,4;894,6;894,4;;20;19,3;20,1;20;19,4;19,2;96;95;96;299;5,4;1,8;
2026/02/27;0700 UTC;0;894,3;894,4;894,3;;20,1;19,4;20,1;20;19,4;19,2;96;96;96;313;4,9;1,6;
2026/02/27;0800 UTC;0;894,7;894,7;894,3;;20,1;19,3;20,1;20,1;19,4;19,3;96;96;96;290;4,2;1,9;
2026/02/27;0900 UTC;0;894,9;894,9;894,7;;19,8;19,1;20,1;19,7;19,4;19;96;96;96;303;5,5;1,2;
2026/02/27;1000 UTC;0;895,7;895,7;894,9;48,1;20,2;19,4;20,2;19,8;19,4;19;96;96;96;307;2,6;1,1;
2026/02/27;1100 UTC;0;896,5;896,5;895,7;381,9;20,8;20,1;20,8;20,2;20,1;19,5;96;95;95;297;4,3;1,9;
2026/02/27;1200 UTC;0;896,9;896,9;896,5;954,4;22,6;20,5;22,7;20,8;21,1;20,1;95;88;88;312;4,3;2,1;
2026/02/27;1300 UTC;0;897,1;897,2;896,9;2049,2;24,6;20,6;24,6;22,4;20,9;19,7;89;78;78;318;4,9;2,3;
2026/02/27;1400 UTC;0;897;897,2;897;2742,1;26,4;19,5;26,8;24,1;21;19,4;80;64;66;284;5,2;1,6;
2026/02/27;1500 UTC;,2;896,5;897;896,5;1618,8;24,1;20,3;26,7;24,1;20,6;19,2;80;65;79;266;6,3;2,4;
2026/02/27;1600 UTC;,2;895,6;896,5;895,6;1847,8;25,4;20;26,1;23,8;21,3;19,5;84;69;72;283;6,6;2,7;
2026/02/27;1700 UTC;0;894,5;895,6;894,4;3377,8;26,7;18,4;27,8;25;21,2;17,6;74;55;60;271;6,1;1,9;
2026/02/27;1800 UTC;2,8;894,1;894,5;894,1;687,3;23,1;21,3;26,7;22,8;21,3;18,1;90;59;90;166;4,5;1,1;
2026/02/27;1900 UTC;,4;893,6;894,1;893,4;854,9;24,5;21;24,5;22,8;21,6;20,2;90;79;81;36;2,2;,6;
2026/02/27;2000 UTC;,6;894,3;894,3;893,4;386,7;22;20,4;25;22;22,1;20,2;90;80;90;258;7,8;1,4;
2026/02/27;2100 UTC;1,2;894,2;894,5;894,1;96,9;21,6;20,4;22,1;21,6;20,8;20,2;93;91;93;312;3,1;1;
2026/02/27;2200 UTC;,2;895;895;894,2;21,2;21,3;20,3;21,6;21,3;20,4;20,2;94;93;94;18;2,8;,6;
2026/02/27;2300 UTC;0;896,1;896,1;895;;21,2;20,2;21,3;21,1;20,2;20;94;93;94;355;2,6;,8;
2026/02/28;0000 UTC;3,2;896,9;896,9;896,1;;19,2;18,1;21,3;19,2;20,3;18,1;94;93;93;76;7,5;1,7;
2026/02/28;0100 UTC;,6;897,2;897,3;896,8;;19,3;18,3;19,4;19;18,3;17,8;94;92;94;347;3,7;1,1;
2026/02/28;0200 UTC;0;897,2;897,2;897;;19,5;18,6;19,7;19,3;18,7;18,3;95;94;94;7;3,1;1,5;
2026/02/28;0300 UTC;,6;896,8;897,3;896,8;;20,4;19,5;20,4;19,5;19,6;18,5;95;94;95;305;5,5;1,8;
2026/02/28;0400 UTC;,2;896,3;896,8;896,3;;20;19,2;20,4;20;19,5;19,2;95;95;95;316;5,5;2;
2026/02/28;0500 UTC;0;895,9;896,3;895,9;;19,7;18,8;20;19,7;19,2;18,8;95;95;95;334;4,8;1,6;
2026/02/28;0600 UTC;0;895,8;896;895,8;;19,9;19;19,9;19,6;19;18,8;95;95;95;323;4,3;1,8;
2026/02/28;0700 UTC;1,6;896;896;895,8;;19,9;19,1;19,9;19,8;19,1;19;95;95;95;302;4,8;1,7;
2026/02/28;0800 UTC;0;896;896;895,9;;19,7;18,8;19,8;19,7;19,1;18,8;95;95;95;322;5,4;1,8;
2026/02/28;0900 UTC;1,4;896,3;896,3;895,9;;19,6;18,8;19,7;19,6;18,9;18,8;95;95;95;265;5,1;1,1;
2026/02/28;1000 UTC;0;896,8;896,8;896,3;15;19,6;18,8;19,6;19,6;18,8;18,8;95;95;95;293;4,2;1,7;
2026/02/28;1100 UTC;0;897,4;897,4;896,8;242,6;20,1;19,3;20,3;19,6;19,4;18,8;95;95;95;284;4,5;1,8;
2026/02/28;1200 UTC;0;897,9;897,9;897,4;634,7;20,9;19,8;20,9;20,1;19,9;19,3;95;93;93;292;5,6;2;
2026/02/28;1300 UTC;,2;897,9;898,1;897,9;966,7;22,4;19,7;22,5;20,9;20,2;19,5;93;85;85;298;4,8;2,1;
2026/02/28;1400 UTC;0;897,8;898;897,8;1936,4;25;20,7;25;22,3;21,1;19,2;86;76;77;293;5,4;2,2;
2026/02/28;1500 UTC;0;897,1;897,8;897,1;3633,4;25,5;19,4;26,5;24,7;20,8;18,1;77;61;69;286;6,1;2,1;
2026/02/28;1600 UTC;0;896,1;897,1;896,1;3360,5;26,6;19,6;27,3;25,5;21,1;18,7;72;64;66;293;6,8;2,8;
2026/02/28;1700 UTC;0;895,2;896,1;895,2;3427,4;27,2;20,4;27,9;26;20,4;18,6;69;58;67;292;7,2;2,9;
2026/02/28;1800 UTC;0;894,4;895,3;894,4;2892,8;27,6;18,7;28,3;26,9;20,8;18,6;67;57;59;285;6,9;2,6;
2026/02/28;1900 UTC;0;894;894,4;893,9;1555,7;26,5;19,2;28;26,3;20,5;18,8;70;58;64;308;6,4;2,1;
2026/02/28;2000 UTC;0;893,3;894;893,3;1429,3;27,4;19,5;28,1;26,5;20,3;19,1;66;59;62;303;5,5;2,3;
2026/02/28;2100 UTC;0;893,9;893,9;893,3;798,4;26;20,2;27,7;26;20,5;19,2;71;62;71;294;5,6;2,2;
2026/02/28;2200 UTC;0;894,7;894,7;893,9;112,4;24;20,3;26;24;20,3;19,9;80;70;80;298;4,8;1,4;
2026/02/28;2300 UTC;0;895,7;895,7;894,7;;22,3;20,4;24;22,3;20,6;20,2;89;80;89;294;3,7;1,2;
2026/03/01;0000 UTC;0;896,3;896,5;895,5;;20,6;18,6;22,3;20,6;20,3;18,3;89;85;88;107;5,6;1;
2026/03/01;0100 UTC;0;897;897,1;896,3;;20,5;18,9;20,9;20,5;19,2;18,6;90;88;90;14;1,5;,2;
2026/03/01;0200 UTC;0;897,3;897,4;897;;20,3;18,9;20,6;20,3;19;18,6;91;90;91;58;1,7;,7;
2026/03/01;0300 UTC;0;897,2;897,4;897,1;;20,4;19,2;20,5;20,3;19,2;18,9;93;91;93;253;1,5;1;
2026/03/01;0400 UTC;0;896,7;897,2;896,7;;20,4;19;20,8;20,4;19,4;19;93;91;92;282;3,1;,4;
2026/03/01;0500 UTC;0;896,3;896,7;896,3;;20,4;19,2;20,5;20,4;19,3;19;93;92;93;137;1,7;,5;
2026/03/01;0600 UTC;0;896,1;896,3;896;;20,1;19;20,5;20,1;19,3;19;93;93;93;130;1,3;,7;
2026/03/01;0700 UTC;0;896,3;896,3;896,1;;19,5;18,4;20,2;19,5;19,2;18,4;94;93;94;177;1,7;1;
2026/03/01;0800 UTC;0;896,4;896,4;896,2;;18,9;17,9;19,5;18,8;18,4;17,9;94;94;94;200;1,7;,7;
2026/03/01;0900 UTC;0;896,9;896,9;896,4;;18,7;17,9;19;18,4;18,2;17,5;95;94;95;144;1,8;,2;
2026/03/01;1000 UTC;0;897,2;897,2;896,8;96,1;19;18,3;19;18,4;18,3;17,6;95;95;95;187;,9;,3;
2026/03/01;1100 UTC;,2;897,6;897,6;897,2;649,9;21,1;20,1;21,3;19;20,4;18,3;96;94;94;190;3,3;1,5;
2026/03/01;1200 UTC;0;898,1;898,1;897,6;989,5;22,3;19;22,3;21,1;20,4;18,4;94;81;82;185;3,5;1,2;
2026/03/01;1300 UTC;0;898,3;898,4;898,1;1046,9;23,4;19;23,5;22,3;19,3;18,6;82;74;76;156;4,4;1,4;
2026/03/01;1400 UTC;0;897,6;898,3;897,6;3122,7;26,6;18,7;26,7;23,5;19,4;17,5;77;62;62;126;5,3;2,4;
2026/03/01;1500 UTC;0;897;897,6;897;4065,3;28,7;18,7;28,7;26;19,6;16;65;49;55;117;5,7;1,4;
2026/03/01;1600 UTC;0;896,3;897;896,3;2729,7;28,5;17,3;28,8;26,6;18,2;15,7;58;49;51;98;4,6;1,9;
2026/03/01;1700 UTC;0;895,2;896,3;895,2;3796,1;30,1;15,7;30,3;28,4;17,7;13,4;51;36;42;207;4,2;1,8;
2026/03/01;1800 UTC;0;894,7;895,3;894,7;3148,7;29,4;17;31,1;29,4;17;13,3;48;36;47;171;4,6;1,3;
2026/03/01;1900 UTC;0;894,3;894,7;894,3;2005,2;30,1;14,4;30,2;29,1;17,2;13,7;49;37;38;187;4;1,4;
2026/03/01;2000 UTC;0;894,3;894,4;894,2;1906,5;29,5;14,9;30,9;29,5;16,3;10,8;42;30;41;142;4,2;1,4;
2026/03/01;2100 UTC;0;894,4;894,4;894,3;634,7;26,1;18,6;29,6;26,1;18,8;14,2;64;40;63;44;4,6;2,2;
2026/03/01;2200 UTC;0;895;895;894,4;47,7;23,6;18,7;26,1;23,6;18,8;18,3;74;63;74;75;5,1;1,2;
2026/03/01;2300 UTC;0;895,7;895,7;895;;22,5;19,2;23,6;22,4;19,3;18,6;81;74;81;63;2,3;,8;
2026/03/02;0000 UTC;0;896,3;896,3;895,7;;20,8;18,5;22,5;20,8;19,3;18,5;87;81;86;44;1,8;1,1;
2026/03/02;0100 UTC;0;897;897;896,3;;20;18,3;20,9;19,9;18,5;18;90;86;90;35;2,1;1,2;
2026/03/02;0200 UTC;0;897,1;897,3;897;;19,7;18,3;20;19,5;18,3;17,9;92;90;92;5;2,1;,8;
2026/03/02;0300 UTC;0;896,8;897,1;896,8;;18,9;17,7;19,7;18,9;18,3;17,7;93;92;93;34;1,9;,5;
2026/03/02;0400 UTC;0;896,7;896,8;896,7;;19,8;18,8;19,8;18,7;18,8;17,6;94;93;94;313;3;1;
2026/03/02;0500 UTC;0;896,3;896,7;896,3;;19,6;18,6;20;19,6;19;18,6;94;94;94;336;3,3;,7;
2026/03/02;0600 UTC;0;895,9;896,3;895,9;;19,5;18,6;19,6;18,9;18,6;17,9;95;94;95;331;1,7;,5;
2026/03/02;0700 UTC;0;896;896;895,8;;20;19,1;20;19,4;19,1;18,5;95;94;95;301;2,7;1,2;
2026/03/02;0800 UTC;0;896,4;896,4;896;;20;19,2;20,1;19,9;19,3;19,1;95;95;95;294;4,3;1,4;
2026/03/02;0900 UTC;0;896,6;896,7;896,4;;19,8;19;20,1;19,8;19,3;19;95;95;95;305;4,9;1;
2026/03/02;1000 UTC;0;897,2;897,2;896,6;51,8;19,9;19,1;19,9;19,8;19,1;19;95;95;95;305;3,3;1,3;
2026/03/02;1100 UTC;0;897,8;897,8;897,2;700,2;21,8;19,1;21,8;19,9;19,9;19,1;95;85;85;314;3,9;1,9;
2026/03/02;1200 UTC;0;898,1;898,1;897,8;1879,7;24,6;18,5;24,6;21,8;19,5;17,7;85;66;69;251;4,7;1,2;
2026/03/02;1300 UTC;0;898,2;898,3;898,1;2685;26,6;17,7;26,6;24,5;19,5;16,8;69;56;58;194;4,6;1,6;
2026/03/02;1400 UTC;0;897,7;898,2;897,7;3280;28,2;16,6;28,3;26,4;18,5;15,6;60;49;49;185;4,8;1,7;
2026/03/02;1500 UTC;0;897,3;897,7;897,3;3846,3;28,7;16,9;29,4;28;17,4;14,6;51;42;49;180;4,8;1,8;
2026/03/02;1600 UTC;0;896,5;897,3;896,5;2469,7;29,2;16,5;29,3;28,1;17,9;15,2;53;43;46;101;3,9;1,2;
2026/03/02;1700 UTC;0;895,5;896,5;895,5;1320,4;29,3;17,4;29,5;27,8;18;15,1;56;45;49;290;3,7;1,3;
2026/03/02;1800 UTC;0;894,8;895,5;894,8;2696,4;28,5;17,6;30,3;28,1;19,5;17,2;56;46;52;282;5,5;2,3;
2026/03/02;1900 UTC;0;894,5;894,8;894,3;2122,5;28,2;18;30,1;28,2;18,7;15,8;56;42;54;257;6,5;2,8;
2026/03/02;2000 UTC;0;894,6;894,6;894,5;791,2;26,3;17,9;28,3;26;19,3;17,8;64;54;60;278;7;1,6;
2026/03/02;2100 UTC;0;894,9;894,9;894,5;547;25,4;18,5;26,4;25,4;19;17,1;67;58;66;5;4,1;,5;
2026/03/02;2200 UTC;0;895,7;895,7;894,9;40,4;23,8;18;25,4;23,7;18,8;17,9;73;65;70;62;5,7;1,2;
2026/03/02;2300 UTC;0;896,3;896,3;895,7;;21,7;17,8;24;21,7;18,1;17,3;79;68;79;83;7,3;2,4;
2026/03/03;0000 UTC;0;897,4;897,4;896,3;;21,8;17;22;21,5;17,9;16,4;79;72;74;310;7;2;
2026/03/03;0100 UTC;0;897,9;897,9;897,4;;21,3;17,7;22;21,3;17,9;16,9;80;73;80;48;6,2;1;
2026/03/03;0200 UTC;0;898,5;898,5;897,9;;20,4;17,7;21,3;20,4;17,8;17,5;85;79;85;37;2,7;1,4;
2026/03/03;0300 UTC;0;898,3;898,5;898,3;;19,9;18;20,4;19,8;18;17,7;89;85;89;22;2,7;1,1;
2026/03/03;0400 UTC;0;898,2;898,4;898,2;;20,2;18,3;20,2;19,9;18,3;18;89;88;89;37;6,4;2,7;
2026/03/03;0500 UTC;0;897,8;898,2;897,8;;20,2;18,4;20,2;20,1;18,5;18,4;90;89;89;347;5;1,3;
2026/03/03;0600 UTC;0;896,7;897,8;896,7;;19,2;18;20,2;19,2;18,4;18;93;89;93;312;2,8;,5;
2026/03/03;0700 UTC;0;896,5;896,7;896,5;;19;18;19,2;19;18,1;18;94;93;94;82;1,6;,7;
2026/03/03;0800 UTC;0;896,4;896,5;896,2;;18,4;17,4;19,1;18,4;18;17,4;94;94;94;56;1,6;,9;
2026/03/03;0900 UTC;0;896,8;896,8;896,4;;17,7;16,7;18,4;17,7;17,4;16,7;94;93;94;109;1,8;,4;
2026/03/03;1000 UTC;0;897,4;897,4;896,8;76,5;18,3;17,5;18,3;17,6;17,5;16,6;95;94;95;338;1,4;,4;
2026/03/03;1100 UTC;0;898,2;898,2;897,4;526,2;20,6;18,6;20,6;18,3;18,6;17,5;95;88;88;57;1,4;,9;
2026/03/03;1200 UTC;0;899;899;898,2;1834;24,5;19,1;24,8;20,6;19,6;18,1;88;70;72;349;3,7;1,5;
2026/03/03;1300 UTC;0;898,9;899;898,9;1712,5;24,7;19;26,3;24,4;20;18,1;74;63;71;306;4,9;1,7;
2026/03/03;1400 UTC;0;898,8;899;898,8;1692,3;26,3;18,8;26,6;24,7;19,9;18,2;70;62;64;293;5,4;2;
2026/03/03;1500 UTC;0;898,5;898,8;898,5;2209,5;26,6;19,2;27,4;25,8;19,7;17,8;67;58;64;283;5,4;1,7;
2026/03/03;1600 UTC;0;897,6;898,5;897,6;2887,8;27,7;19,2;28,7;26,3;20,7;18,3;65;56;60;317;5,5;2,1;
2026/03/03;1700 UTC;28,2;897,1;898,2;897,1;487,3;19,3;18,5;27,7;18,1;19,3;16,3;95;57;95;7;11,6;2,5;
2026/03/03;1800 UTC;,2;896,5;897,1;896,3;357,4;20,4;19,4;20,4;19,3;19,6;18,5;95;94;94;38;5;1,6;
2026/03/03;1900 UTC;0;896,5;896,6;896,4;264,5;20,7;19,5;20,8;20,4;19,7;19,4;95;93;93;19;3,9;1,1;
2026/03/03;2000 UTC;0;896;896,5;896;291,3;21,3;19,1;21,3;20,7;19,6;19,1;93;87;87;70;3,5;1,3;
2026/03/03;2100 UTC;0;896,6;896,6;895,9;242,2;21;19,4;21,8;21;19,7;19,1;90;87;90;200;2,4;1,4;
2026/03/03;2200 UTC;0;896,6;896,8;896,6;18,5;20;18,7;21;20;19,3;18,7;93;90;92;42;2,3;1,2;
2026/03/03;2300 UTC;0;897,5;897,5;896,6;;19,9;18,9;20;19,5;18,9;18,3;94;92;94;169;2,2;1,2;
2026/03/04;0000 UTC;0;897,9;897,9;897,4;;20,2;19,2;20,3;19,9;19,3;18,9;94;94;94;248;3,3;1,2;
2026/03/04;0100 UTC;0;898,7;898,7;897,9;;19,3;18,3;20,2;19,3;19,2;18,3;94;94;94;79;3,3;,8;
2026/03/04;0200 UTC;0;899,1;899,1;898,7;;18,4;17,5;19,3;18,4;18,4;17,5;94;94;94;51;2,1;1;
2026/03/04;0300 UTC;0;898,6;899,1;898,6;;18,3;17,4;18,4;18,1;17,5;17,2;95;94;94;33;1,9;,9;
2026/03/04;0400 UTC;0;898,3;898,6;898,3;;18,3;17,5;18,3;18,1;17,5;17,2;95;94;95;54;1,7;1;
2026/03/04;0500 UTC;0;898,2;898,4;898,1;;18,6;17,8;18,7;18,3;17,9;17,5;95;94;95;117;1,7;,5;
2026/03/04;0600 UTC;0;897,7;898,3;897,7;;17,7;16,8;18,7;17,7;17,8;16,8;95;95;95;177;1,3;,7;
2026/03/04;0700 UTC;0;897,7;897,7;897,4;;17,6;16,9;17,7;17,3;16,9;16,5;95;95;95;254;1,9;1,1;
2026/03/04;0800 UTC;0;897,9;898;897,7;;17,1;16,3;17,8;17;17,1;16,2;95;95;95;54;1,9;,6;
2026/03/04;0900 UTC;0;898;898;897,8;;17,9;17,2;18;17,1;17,3;16,4;96;95;96;232;1,9;1,2;
2026/03/04;1000 UTC;0;898,5;898,5;898;130,3;18,2;17,5;18,2;17,5;17,5;16,8;96;95;96;104;2,5;,6;
2026/03/04;1100 UTC;0;899,2;899,2;898,5;917,1;22,7;19,2;22,7;18,2;20,5;17,6;96;81;81;47;1,6;,7;
2026/03/04;1200 UTC;0;899,6;899,6;899,2;1944,4;25,1;18;25,2;22,7;19,8;17,6;81;63;65;65;4,6;1,7;
2026/03/04;1300 UTC;0;899,7;899,7;899,6;2213,9;25,6;18,5;26,1;24,8;18,8;17,3;68;60;65;52;4;1,3;
2026/03/04;1400 UTC;0;899,9;899,9;899,7;2638;26,6;17,3;27,9;25,3;18,5;16,4;64;53;57;75;4,7;2;
2026/03/04;1500 UTC;0;899,4;899,9;899,4;3633;28,4;17,2;28,5;26,5;18,8;16,3;59;51;51;69;5,3;1,5;
2026/03/04;1600 UTC;0;898,3;899,4;898,3;3534,3;27,9;17,9;28,8;27,2;18,5;15,8;57;46;55;34;5,6;2;
2026/03/04;1700 UTC;0;897;898,3;897;2332,4;28,2;17,6;28,7;27,2;18,6;16,6;59;49;53;67;4,9;2,1;
2026/03/04;1800 UTC;0;896,3;897;896,2;2602,3;29,2;17,7;29,3;28;18,2;16,5;54;48;50;87;4,7;1,8;
2026/03/04;1900 UTC;0;895,6;896,2;895,6;2004,6;29;17,7;29,4;28;18,2;15,8;54;46;51;87;5;2,6;
2026/03/04;2000 UTC;0;895,6;895,6;895,4;1202;27,5;17,2;29,1;27,5;18,4;16,5;55;48;53;82;5;2;
2026/03/04;2100 UTC;0;896,1;896,1;895,6;200,8;25,5;18,7;27,5;25,5;18,7;17,1;66;53;66;59;4,3;1,4;
2026/03/04;2200 UTC;0;896,9;896,9;896,1;29,3;23,2;19,5;25,5;23,2;19,8;18,7;80;66;80;53;2,5;,7;
2026/03/04;2300 UTC;0;897,5;897,5;896,9;;22;19,1;23,2;22;19,7;19,1;85;80;83;89;3;1,6;
2026/03/05;0000 UTC;0;898,4;898,4;897,5;;22,3;18,4;22,6;22;19,1;18,3;83;77;79;132;4,5;1,5;
2026/03/05;0100 UTC;0;899,1;899,1;898,4;;21,1;18,8;22,3;21,1;18,9;18,3;86;79;86;211;3,1;,7;
2026/03/05;0200 UTC;0;898,9;899,1;898,9;;20,7;18,2;21,1;20;18,8;18;89;86;86;85;2,5;1,3;
2026/03/05;0300 UTC;0;898,6;898,9;898,6;;19,4;17,6;20,8;19,4;18,2;17,6;89;85;89;314;2,5;1;
2026/03/05;0400 UTC;0;898,2;898,6;898,2;;19,1;17,6;19,4;19;17,8;17,5;91;89;91;309;1,8;1;
2026/03/05;0500 UTC;0;898,2;898,2;898,1;;19,4;17,9;19,7;18,9;18,2;17,4;92;90;91;317;2,8;1,4;
2026/03/05;0600 UTC;0;898,1;898,2;898;;18,4;16,9;20,2;18,4;18,2;16,9;91;85;91;315;4,6;,5;
2026/03/05;0700 UTC;0;897,8;898,1;897,8;;17,6;16,4;18,4;17,6;16,9;16,4;93;91;93;83;1,6;,6;
2026/03/05;0800 UTC;0;898,1;898,1;897,8;;17,3;16,3;17,6;17,2;16,5;16,1;94;93;94;115;2,1;,9;
2026/03/05;0900 UTC;0;898,4;898,4;898;;16,6;15,7;17,3;16,6;16,4;15,7;94;94;94;89;1,4;,7;
2026/03/05;1000 UTC;0;898,9;898,9;898,4;123,4;18,2;17,4;18,2;16,4;17,4;15,5;95;94;95;109;1,6;,9;
2026/03/05;1100 UTC;0;899,8;899,8;898,9;1046,2;23;18;23,2;18,2;18,7;17,5;95;73;73;59;5,4;2,4;
2026/03/05;1200 UTC;0;900,4;900,4;899,8;1832,4;24,6;18,4;24,6;23;18,5;17,8;75;67;69;72;7;2,8;
2026/03/05;1300 UTC;0;900,4;900,5;900,3;2398,6;25,7;18,2;25,7;23,9;18,6;17,4;69;62;63;55;7,9;3,5;
2026/03/05;1400 UTC;0;900,1;900,5;900,1;3169,2;27,1;18,4;27,1;25,1;19,3;17;66;58;59;63;7,5;2,7;
2026/03/05;1500 UTC;0;899,7;900,1;899,7;3304,6;27,8;18;28,5;26,6;18,5;16,7;60;52;55;92;6,4;2,4;
2026/03/05;1600 UTC;0;898,6;899,7;898,6;3501;28,8;17,9;29,2;26,7;18,3;16,3;58;48;52;111;6,1;2,1;
2026/03/05;1700 UTC;0;897,4;898,6;897,4;3521,3;29,3;16,6;29,9;27,9;18,1;15,8;53;43;46;141;6,3;2;
2026/03/05;1800 UTC;0;896,8;897,4;896,8;2947,6;30,4;16,9;30,5;28,6;17,9;15,2;50;40;44;117;6,3;2,8;
2026/03/05;1900 UTC;0;896,5;896,8;896,4;2171,5;29,6;16,5;30,6;28,7;17,3;15,1;48;40;45;93;7,9;2,6;
2026/03/05;2000 UTC;0;896,4;896,6;896,4;772,2;27,7;17,5;29,6;27,7;17,8;14,9;54;43;54;109;7,3;3,6;
2026/03/05;2100 UTC;1,6;897,2;897,2;896,4;587,1;21,1;18,8;27,8;21,1;19,7;17,7;87;54;87;59;8,8;2,9;
2026/03/05;2200 UTC;1,2;898,4;898,4;897,2;34,7;21,1;19,5;21,3;20,9;19,7;18,8;91;87;91;60;6,5;2,7;
2026/03/05;2300 UTC;,4;899;899;898,3;;20,2;18,3;21,2;20,2;19,7;18,3;91;88;89;89;9,4;4,6;
2026/03/06;0000 UTC;,6;899,9;899,9;899;;19,6;18;20,2;19,6;18,3;18;91;89;91;92;9,4;2;
2026/03/06;0100 UTC;0;900,3;900,3;899,9;;19,8;18,2;19,8;19,6;18,4;18;92;91;91;55;4,1;1,5;
2026/03/06;0200 UTC;,2;900,8;900,8;900,3;;20;18,5;20,1;19,7;18,5;18,2;91;89;91;64;6;1,9;
2026/03/06;0300 UTC;7;900,5;901;900,5;;19,7;18,6;20,1;19,6;18,8;18,5;94;91;93;60;6,2;1,4;
2026/03/06;0400 UTC;3;900;900,5;900;;19,8;18,8;19,8;19,6;18,8;18,6;94;93;94;60;3,2;1,3;
2026/03/06;0500 UTC;,4;899,4;900;899,4;;20,1;19,2;20,1;19,8;19,2;18,8;95;94;95;53;2,6;1,3;
2026/03/06;0600 UTC;0;898,9;899,4;898,9;;19,9;18,7;20,1;19,8;19,1;18,7;95;93;93;42;5,9;2,1;
2026/03/06;0700 UTC;0;898,6;898,9;898,6;;19,5;18,4;19,9;19,5;18,7;18,4;94;93;94;51;4,2;1,5;
2026/03/06;0800 UTC;0;898,9;898,9;898,6;;19,4;18,5;19,5;19,3;18,5;18,3;95;94;94;35;3,3;,7;
2026/03/06;0900 UTC;0;899,1;899,1;898,9;;19,8;18,9;19,8;19,4;18,9;18,5;95;94;94;54;2,1;1;
2026/03/06;1000 UTC;0;899,5;899,5;899,1;95,5;20;18,9;20;19,6;18,9;18,5;94;94;94;355;2,5;,6;
2026/03/06;1100 UTC;0;900,5;900,5;899,5;380,1;21,1;19,4;21,1;20;19,5;19;94;90;90;35;2,1;1,2;
2026/03/06;1200 UTC;0;901;901;900,5;850,1;21,9;19;22,1;21,1;19,5;18,8;90;83;84;26;5,7;2,7;
2026/03/06;1300 UTC;,2;901,2;901,2;901;1612;23,6;19,1;24,2;21,9;20,2;18,8;85;75;76;11;8,3;3,3;
2026/03/06;1400 UTC;0;901,3;901,3;901,2;2497,1;24,8;19,2;25,1;23,3;19,9;18,4;79;70;71;29;7,8;3,9;
2026/03/06;1500 UTC;0;900,6;901,3;900,6;2931;25,6;18,8;26;24,2;20,1;18,7;75;66;66;355;7,6;3,7;
2026/03/06;1600 UTC;0;899,3;900,6;899,3;3072,1;25,8;19;27,4;25,5;20,3;18,3;70;62;66;37;9;2,7;
2026/03/06;1700 UTC;0;898,2;899,3;898,2;3288,3;26,3;19,3;27;25,3;20,5;18,6;70;63;65;18;9,3;4;
2026/03/06;1800 UTC;0;897,7;898,3;897,7;2549,2;26,6;20;27,2;25,7;20;18,5;69;61;67;27;8,5;3,5;
2026/03/06;1900 UTC;,2;897,3;897,8;897,2;2040,9;26;19,2;26,6;23,7;21,1;18,9;83;65;66;39;8,4;3,5;
2026/03/06;2000 UTC;0;897,5;897,5;897,1;1156,5;24,1;19;26,2;24,1;19,8;18,9;75;66;73;40;7,6;3,5;
2026/03/06;2100 UTC;0;898;898,1;897,2;126,2;22,9;19,2;24,1;22,9;19,4;18,7;81;73;79;26;7,6;,9;
2026/03/06;2200 UTC;0;898,5;898,5;898;;21,6;19,6;22,9;21,6;19,6;19;88;79;88;326;3,1;1,4;
2026/03/06;2300 UTC;0;898,9;898,9;898,5;;21,4;19,7;21,8;21,4;19,8;19,5;90;88;90;52;3,1;,6;
2026/03/07;0000 UTC;0;899,2;899,2;898,9;;20,9;19,7;21,4;20,8;19,7;19,5;93;90;93;31;1,8;1,2;
2026/03/07;0100 UTC;0;900,1;900,1;899,2;;20,5;19,4;20,9;20,4;19,7;19,2;93;92;93;33;2,1;,3;
2026/03/07;0200 UTC;0;900,2;900,3;900,1;;20,4;19,1;20,8;20,4;19,7;19,1;94;92;92;41;2,8;,8;
2026/03/07;0300 UTC;0;900,1;900,2;900;;20,1;19;20,4;20,1;19,2;18,9;93;92;93;16;2,2;1,4;
2026/03/07;0400 UTC;0;899,7;900,1;899,7;;20;18,8;20,3;20;19,1;18,8;93;93;93;10;2,2;1,1;
2026/03/07;0500 UTC;0;899,4;899,7;899,4;;19,8;18,6;20;19,8;18,8;18,6;93;93;93;29;1,9;1;
2026/03/07;0600 UTC;,6;899,1;899,4;899,1;;19,7;18,6;20;19,7;18,9;18,6;94;93;93;305;4,5;1,9;
2026/03/07;0700 UTC;0;898,9;899,1;898,6;;18,9;17,9;19,7;18,9;18,5;17,8;94;93;94;302;4,5;1,2;
2026/03/07;0800 UTC;0;899,1;899,2;898,8;;18,5;17,6;18,9;18,5;17,9;17,6;94;94;94;328;2,9;,5;
2026/03/07;0900 UTC;0;899,3;899,4;899,1;;18,1;17,2;18,5;18,1;17,6;17,2;95;94;95;6;2,5;1,1;
2026/03/07;1000 UTC;0;899,9;899,9;899,3;38,4;18,6;17,8;18,6;18,1;17,8;17,3;95;95;95;103;2,5;,7;
2026/03/07;1100 UTC;0;900,3;900,3;899,8;340,2;19,8;18,6;19,8;18,6;18,8;17,8;95;93;93;13;1,6;,6;
2026/03/07;1200 UTC;0;900,7;900,7;900,3;1031,4;21,9;18,5;21,9;19,8;19,3;18,4;93;81;81;48;2,4;1;
2026/03/07;1300 UTC;0;900,7;900,7;900,7;1988,2;25;19,1;25;21,8;19,7;18,2;83;70;70;53;5,7;2,8;
2026/03/07;1400 UTC;0;900,4;900,7;900,4;2574,9;26,2;18;27,5;24,9;19,7;18;71;59;61;34;6,4;3,2;
2026/03/07;1500 UTC;0;899,9;900,4;899,8;2724,9;27,7;18,9;28;26;19,2;17,3;64;56;59;24;7,6;2,9;
2026/03/07;1600 UTC;0;899;899,9;899;2630,8;27,6;17,6;28,1;27;19,2;17,5;61;53;54;38;6,1;2,8;
2026/03/07;1700 UTC;0;898,4;899;898,3;1292;26,4;18,2;27,7;26,4;19;17,5;62;55;61;30;5;1,7;
2026/03/07;1800 UTC;30,8;899;899,1;898;156;19,2;18,1;26,4;19,2;19,9;17,7;93;61;93;290;10;3,8;
2026/03/07;1900 UTC;8,6;898,1;899;897,8;115,4;19,2;18,4;19,2;17,8;18,4;16,7;95;93;95;131;10;1,3;
2026/03/07;2000 UTC;0;897,5;898,1;897,5;124,6;20;19,2;20;19,2;19,2;18,4;95;95;95;88;3,3;,7;
2026/03/07;2100 UTC;0;897,4;897,5;897,3;134;20,2;19,3;20,4;19,9;19,6;19,1;95;95;95;166;2;,8;
2026/03/07;2200 UTC;0;897,2;897,5;897,2;16;19,9;19;20,3;19,9;19,5;19;95;95;95;84;2;,5;
2026/03/07;2300 UTC;0;897,8;897,8;897,2;;19,5;18,7;19,9;19,5;19;18,7;95;95;95;56;1,6;1;
2026/03/08;0000 UTC;0;898,5;898,5;897,8;;19,6;18,8;19,9;19,4;19;18,6;95;95;95;85;2,3;,4;
2026/03/08;0100 UTC;0;898,6;898,7;898,5;;19,3;18,5;19,7;19,3;18,8;18,4;95;95;95;214;1,5;,4;
2026/03/08;0200 UTC;0;898,9;898,9;898,6;;19,4;18,6;19,5;19,2;18,7;18,3;95;95;95;115;2,4;,7;
2026/03/08;0300 UTC;0;898,6;899;898,6;;19,2;18,4;19,7;19,2;18,9;18,3;95;95;95;129;2,7;1,1;
2026/03/08;0400 UTC;0;898,6;898,7;898,5;;20,5;19,7;20,5;19;19,7;18,2;95;95;95;90;4,6;1,4;
2026/03/08;0500 UTC;0;898,3;898,7;898,3;;20,3;19,4;20,6;20,3;19,8;19,4;95;95;95;93;4,6;,7;
2026/03/08;0600 UTC;0;898;898,3;898;;19,3;18,4;20,3;19,2;19,4;18,3;95;94;95;143;2;,5;
2026/03/08;0700 UTC;0;898;898,1;897,9;;18,4;17,6;19,3;18,4;18,4;17,6;95;95;95;141;1,2;,7;
2026/03/08;0800 UTC;0;898;898,1;898;;17,7;16,9;18,4;17,7;17,7;16,9;95;95;95;102;1,3;,7;
2026/03/08;0900 UTC;0;898,6;898,6;898;;18;17,3;18;17,2;17,3;16,4;96;95;96;179;2,3;1;
2026/03/08;1000 UTC;0;899;899;898,6;87,7;19,5;18,8;19,6;18;18,9;17,4;96;96;96;194;2,3;1;
2026/03/08;1100 UTC;0;899,5;899,5;899;776,1;20,8;20;20,8;19,5;20;18,8;96;95;95;159;3,1;,6;
2026/03/08;1200 UTC;0;899,9;900;899,5;1568,9;23,2;19,9;23,8;20,7;21;19,5;95;79;82;348;2,6;1;
2026/03/08;1300 UTC;0;899,9;900;899,8;2696,9;26;19,2;26,5;23,2;20,8;19,1;84;65;66;36;5,2;2,5;
2026/03/08;1400 UTC;0;899,6;899,9;899,6;1393,4;25,8;18,7;27;24,9;20,3;18,4;76;61;65;34;6,5;2,9;
2026/03/08;1500 UTC;0;899,1;899,6;899;2132,7;27,2;18,4;27,8;25,6;19,5;17,4;69;56;58;25;6;2,1;
2026/03/08;1600 UTC;0;897,9;899,1;897,9;2751,5;24,9;19,4;27,6;24,8;20,6;18,6;72;59;72;278;6,8;2;
2026/03/08;1700 UTC;0;898,2;898,2;897,9;532,7;23,3;19,5;24,9;23,3;19,7;18,7;80;72;80;202;5,6;1,5;
2026/03/08;1800 UTC;0;897,9;898,2;897,9;371;23,7;20,5;23,7;22,8;20,5;19,3;85;78;82;155;5,3;,6;
2026/03/08;1900 UTC;0;897,7;898;897,5;1127;25;19,3;25,2;23,7;20,7;18,9;83;68;70;124;3,7;1,1;
2026/03/08;2000 UTC;1,4;896,6;897,8;896,6;462,5;21,3;18;25;21,3;18,9;17,2;84;69;81;93;6,8;1,9;
2026/03/08;2100 UTC;0;896,4;896,6;896,4;228,3;20,9;19;21,4;20,9;19,5;17,9;90;81;89;302;4,2;1,4;
2026/03/08;2200 UTC;0;897,2;897,2;896,4;24,4;19,5;18,1;20,9;19,5;18,9;18;92;88;92;46;2,5;,5;
2026/03/08;2300 UTC;0;898;898;897,2;;18,8;17,6;19,5;18,8;18,2;17,6;93;92;93;41;1,6;,7;
2026/03/09;0000 UTC;0;898,6;898,6;898;;18,7;17,4;18,8;18,5;17,6;17,3;93;92;92;43;1,9;1;
2026/03/09;0100 UTC;0;899,4;899,4;898,6;;18,9;17,6;18,9;18,5;17,6;17,2;92;92;92;45;2;,9;
2026/03/09;0200 UTC;0;899,6;899,6;899,4;;18,9;17,8;19;18,8;17,8;17,6;93;92;93;71;1,5;,4;
2026/03/09;0300 UTC;0;899,2;899,6;899,2;;18,7;17,7;19;18,7;17,9;17,7;94;93;94;267;1;,3;
2026/03/09;0400 UTC;0;899;899,3;899;;18,4;17,5;18,7;18,2;17,7;17,2;94;94;94;81;1,7;,3;
2026/03/09;0500 UTC;4,2;899,2;899,4;899;;19,5;18,6;19,8;18,3;18,8;17,3;95;94;94;23;6,6;1,1;
2026/03/09;0600 UTC;1,2;898,5;899,2;898,5;;19,1;18;19,6;19,1;18,7;18;94;93;93;32;4,5;,8;
2026/03/09;0700 UTC;1;898,7;898,7;898,3;;18,8;17,9;19,1;18,7;18;17,8;95;93;95;138;2,5;,7;
2026/03/09;0800 UTC;,2;898,9;898,9;898,3;;18,7;17,8;18,8;18,6;17,9;17,8;95;95;95;80;1,8;,9;
2026/03/09;0900 UTC;,2;899,1;899,2;898,8;;19,3;18,4;19,3;18,6;18,5;17,8;95;95;95;66;2,9;,7;
2026/03/09;1000 UTC;,2;900;900;899,1;189,5;20,5;19,6;20,5;19,3;19,7;18,5;95;95;95;285;2,2;,9;
2026/03/09;1100 UTC;0;900,8;900,8;900;1031,9;23,5;20,3;23,5;20,5;21,2;19,7;95;82;82;18;2;,7;
2026/03/09;1200 UTC;0;901,4;901,4;900,8;1968,1;25,8;19,8;26,1;23,5;20,6;19;83;67;69;337;3,2;1,4;
2026/03/09;1300 UTC;0;901,5;901,6;901,4;2044,9;26;18,7;27,4;25,8;20,1;18;69;58;64;346;3,3;1,4;
2026/03/09;1400 UTC;0;901,3;901,5;901,3;1863,4;26,9;19;27,2;25,7;20;18,2;68;59;62;340;4,6;1,6;
2026/03/09;1500 UTC;0;900,7;901,3;900,7;2377,4;27,3;19,2;28,5;26,8;20,3;17,9;64;56;61;355;5,2;1,9;
2026/03/09;1600 UTC;0;899,4;900,7;899,4;2887,2;28,5;19,4;28,9;27,4;20,7;17,8;62;53;58;16;5,5;1,3;
2026/03/09;1700 UTC;0;898,5;899,4;898,5;2751,8;29,5;18,6;29,5;27,9;19,8;17,3;60;50;52;350;5,5;1,3;
2026/03/09;1800 UTC;0;898;898,5;898;2247,6;28,5;18,9;30;28,1;20;17,5;59;48;56;21;4,3;1,3;
2026/03/09;1900 UTC;0;897,3;898;897,3;1160,8;28,7;19,7;29;27,9;20,1;17,4;61;51;58;319;4;2,1;
2026/03/09;2000 UTC;0;897,8;897,8;897,2;1283,3;27,5;19,6;28,7;27,3;20,7;19,2;66;57;62;298;5,8;1,6;
2026/03/09;2100 UTC;0;898,3;898,3;897,8;365,5;24,1;18,9;27,5;24,1;20,2;18,4;73;62;73;301;3,6;1,8;
2026/03/09;2200 UTC;0;899,2;899,2;898,3;15;21,9;18,9;24,1;21,9;19,6;18,9;85;73;83;289;4,1;1,8;
2026/03/09;2300 UTC;0;899,9;900,1;899,2;;21;18,5;21,9;21;18,9;18,4;86;81;86;326;5,5;1,6;
2026/03/10;0000 UTC;0;900,4;900,4;899,9;;20,2;18,3;21;20,1;18,6;18,2;89;86;89;109;3,3;,5;
2026/03/10;0100 UTC;0;901,4;901,4;900,3;;19,7;18,1;20,2;19,7;18,5;18,1;91;89;91;22;1,5;,4;
2026/03/10;0200 UTC;0;901,2;901,4;901,1;;19,4;18,2;19,7;19,4;18,2;17,9;92;91;92;183;1,4;,8;
2026/03/10;0300 UTC;0;901,6;901,7;901;;19,2;18,1;19,4;19,1;18,2;17,9;93;92;93;167;2,8;1,1;
2026/03/10;0400 UTC;0;901,5;901,7;901,5;;20;18,8;20;19,2;18,8;18,2;94;93;93;169;3,6;1,6;
2026/03/10;0500 UTC;0;901,1;901,5;901,1;;20,3;18,9;20,3;20;19;18,7;93;92;92;170;4,7;1,7;
2026/03/10;0600 UTC;0;900,1;901,1;900,1;;19,9;18,6;20,3;19,9;18,9;18,6;92;92;92;170;4,7;1,2;
2026/03/10;0700 UTC;0;900,5;900,5;900,1;;19,6;18,6;19,9;19,6;18,7;18,5;93;92;93;181;2,9;1,2;
2026/03/10;0800 UTC;0;900,4;900,7;900,3;;19,4;18,4;19,7;19,4;18,6;18,4;94;93;94;221;2,6;,8;
2026/03/10;0900 UTC;0;900,7;900,7;900,2;;19,1;18,1;19,5;19,1;18,5;18,1;94;94;94;232;2,9;,7;
2026/03/10;1000 UTC;0;901,3;901,3;900,7;38,5;19,4;18,5;19,4;19,1;18,5;18,1;95;94;94;313;2,9;,6;
2026/03/10;1100 UTC;0;901,8;901,8;901,2;464,4;21,3;19,3;21,3;19,4;19,6;18,5;95;88;88;145;4,3;2,2;
2026/03/10;1200 UTC;0;902;902,1;901,8;1889,4;25,1;18,3;25,1;21,3;19,4;18;88;65;66;182;4,8;2,4;
2026/03/10;1300 UTC;0;902,1;902,1;901,9;2341,6;26,8;17,8;26,8;24,7;19,3;17,5;71;58;58;163;5;2,5;
2026/03/10;1400 UTC;0;902,2;902,2;902;2594;26,5;19,1;27,8;26;19,1;17;64;53;64;137;5,3;2,5;
2026/03/10;1500 UTC;0;901,6;902,2;901,6;3709,6;28,8;16,4;29,3;26,6;19,1;15,7;64;44;47;82;6,4;2,1;
2026/03/10;1600 UTC;0;900,9;901,6;900,9;3599,6;27,9;16,6;29,4;27,9;17,9;15,9;51;45;50;37;6,5;2,6;
2026/03/10;1700 UTC;0;899,7;900,9;899,7;1788,7;28;18,5;29,4;27,8;18,5;16,6;57;47;56;67;5,8;1;
2026/03/10;1800 UTC;0;898,9;899,7;898,9;1093;28,4;17,7;28,6;27,5;19,3;17,4;60;52;52;86;4,4;1,4;
2026/03/10;1900 UTC;0;898,7;899;898,6;2236,5;29,7;18,3;30,1;28,1;18,9;17;56;48;50;107;5,5;2,2;
2026/03/10;2000 UTC;0;898,1;898,7;898,1;1348,3;27,6;18;29,8;27,6;18,7;16,9;58;47;56;54;4,6;1,2;
2026/03/10;2100 UTC;0;898,1;898,2;898;101,6;24,7;19,3;27,6;24,7;19,9;17,9;72;56;72;34;2,5;,8;
2026/03/10;2200 UTC;0;898,4;898,4;898,1;8;22,5;18,8;24,7;22,5;19,5;18,7;80;72;80;44;3;,7;
2026/03/10;2300 UTC;0;899,2;899,2;898,4;;22;19,1;23;21,9;19,2;18,6;84;77;83;345;2,8;,6;
2026/03/11;0000 UTC;0;900;900;899,2;;21,8;18,8;22,1;21,7;19,3;18,7;85;83;83;72;1,6;,5;
2026/03/11;0100 UTC;0;900,7;900,7;899,9;;21,4;19;22,4;21,3;19,3;18,6;87;82;87;21;3,2;,8;
2026/03/11;0200 UTC;0;900,7;900,9;900,7;;20,7;18,4;21,5;20,6;19,2;18,3;88;85;87;49;2,1;1,2;
2026/03/11;0300 UTC;0;900,5;900,7;900,5;;20;18,3;20,7;20;18,5;18,2;90;87;90;73;1,7;,6;
2026/03/11;0400 UTC;0;899,8;900,5;899,8;;19,6;18,3;20;19,2;18,3;17,7;92;90;92;37;1,9;1,3;
2026/03/11;0500 UTC;0;899,5;899,8;899,4;;20,3;18;20,6;19,7;18,7;17,9;92;87;87;54;4,2;1,2;
2026/03/11;0600 UTC;0;899;899,5;899;;19,1;17,7;20,3;19,1;18;17,6;92;87;92;183;2,3;,6;
2026/03/11;0700 UTC;0;898,7;899;898,7;;18,3;17,2;19,1;18,3;17,7;17,2;93;92;93;122;1,6;,6;
2026/03/11;0800 UTC;0;899;899,1;898,6;;18,3;17,3;18,3;18;17,3;16,9;94;93;94;123;2;,4;
2026/03/11;0900 UTC;0;899,5;899,5;899;;18,7;17,3;19,3;18,3;18;17,3;94;92;92;40;2,4;,6;
2026/03/11;1000 UTC;0;900,1;900,1;899,5;140,9;20;19,1;20;18,5;19,1;17,2;94;92;94;190;2;,8;
2026/03/11;1100 UTC;0;900,4;900,4;900,1;711,3;23,5;20,5;23,5;20;20,5;19;94;83;83;65;2,7;1;
2026/03/11;1200 UTC;0;900,6;900,6;900,4;2009,1;25,2;20;25,8;23,5;20,9;19,9;83;72;73;94;5,7;2,8;
2026/03/11;1300 UTC;0;900,4;900,6;900,4;1973,7;26,5;20,6;26,7;24,6;21,1;19,3;77;67;70;90;5,8;2,3;
2026/03/11;1400 UTC;0;900,3;900,4;900,2;2351,3;28,3;18,8;28,3;25,6;21;18,4;71;56;56;54;5,8;2,8;
2026/03/11;1500 UTC;0;899,4;900,3;899,4;2538,5;28,4;18,3;29;27,2;20,1;17,5;61;52;54;51;6,8;3,2;
2026/03/11;1600 UTC;0;898,4;899,4;898,4;3515,6;29,1;17,6;29,9;28,2;19,5;17,4;56;49;50;14;6,7;2,2;
2026/03/11;1700 UTC;0;897,9;898,4;897,8;1851,5;28,1;18,3;30,7;28,1;19,6;17,2;56;47;55;28;5,6;2;
2026/03/11;1800 UTC;17,6;898;898;897,6;196,4;20,6;19,5;28;20,6;20,8;18,2;94;55;94;249;8;3,4;
2026/03/11;1900 UTC;28,4;897,8;898,2;897,4;109,2;19,7;18,3;20,5;18;19,1;16,2;94;89;92;340;14,5;2,5;
2026/03/11;2000 UTC;,4;896,9;897,8;896,6;73,2;19,4;18,2;20,1;19,3;18,6;18;93;90;92;76;6;1;
2026/03/11;2100 UTC;,2;897,6;897,6;896,8;44,7;19,4;18,5;19,7;19,4;18,7;18,2;94;92;94;272;2,2;1;
2026/03/11;2200 UTC;0;897,9;897,9;897,4;7;19,4;18,5;19,5;19,1;18,6;18,1;95;94;94;57;2,2;1;
2026/03/11;2300 UTC;0;898,3;898,3;897,9;;19,2;18,3;19,4;19,1;18,5;18,1;95;94;95;61;1,8;,5;
2026/03/12;0000 UTC;0;899,3;899,3;898,3;;19,5;18,6;19,5;19;18,6;18,1;95;94;95;126;1,8;,5;
2026/03/12;0100 UTC;0;899,8;899,8;899,3;;19;18,2;19,5;18,9;18,6;18,1;95;95;95;321;2,1;,7;
2026/03/12;0200 UTC;0;899,6;899,9;899,6;;19,3;18,5;19,5;19;18,7;18,2;95;95;95;121;2,1;1;
2026/03/12;0300 UTC;0;898,9;899,6;898,9;;18,7;17,9;19,4;18,6;18,6;17,9;95;95;95;108;1,8;,5;
2026/03/12;0400 UTC;0;898,8;899,1;898,8;;17,9;17,2;18,7;17,9;17,9;17,2;95;95;95;59;1,6;,8;
2026/03/12;0500 UTC;0;898,5;898,9;898,5;;17,7;16,9;18;17,7;17,3;16,9;95;95;95;71;1,3;,7;
2026/03/12;0600 UTC;0;898,3;898,6;898,3;;19,5;18,7;19,5;17,6;18,7;16,8;96;95;95;94;2,8;,9;
2026/03/12;0700 UTC;0;898,3;898,4;898,1;;19,3;18,5;19,4;18,9;18,5;18;95;95;95;224;2,1;,8;
2026/03/12;0800 UTC;0;898,2;898,3;898,1;;19,1;18,3;19,3;19;18,5;18,2;95;95;95;57;2,1;,5;
2026/03/12;0900 UTC;0;898,7;898,7;898,2;;19;18,3;19,2;18,6;18,4;17,8;95;95;95;216;2,3;1,2;
2026/03/12;1000 UTC;0;899,4;899,4;898,7;66;19,7;19;19,7;19;19;18,2;96;95;96;134;2,3;,8;
2026/03/12;1100 UTC;0;900,3;900,3;899,4;656,4;21,7;20,4;21,8;19,7;20,8;19;96;92;92;52;2,7;1,6;
2026/03/12;1200 UTC;0;900,7;900,7;900,3;698,9;22,6;20,3;22,6;21,7;20,5;19,7;92;86;87;65;4,1;1,4;
2026/03/12;1300 UTC;0;900,9;900,9;900,7;1478,3;24,4;20,3;24,5;22,6;20,8;19,8;87;77;78;83;5,8;1,6;
2026/03/12;1400 UTC;0;900,3;900,9;900,3;1910;25;19;26;23,8;21;19;81;67;70;54;6,3;3,2;
2026/03/12;1500 UTC;2;900;900,3;899,9;483,3;20,6;19,2;25;20,6;20,8;19;91;70;91;299;6,5;2,9;
2026/03/12;1600 UTC;1,4;898,2;900;898,2;579,6;22;20,8;22;20,6;20,8;19,2;94;91;92;67;6,2;1,1;
2026/03/12;1700 UTC;0;897,7;898,2;897,7;1673,7;24,9;21,3;25,3;22;22,7;20,7;93;79;81;288;5,1;2,3;
2026/03/12;1800 UTC;0;897,6;897,8;897,3;1531,9;23,8;20,5;25,7;23,8;21,7;20,3;83;76;82;312;6,5;2,2;
2026/03/12;1900 UTC;0;897,3;897,7;897,3;609,3;23,2;20;23,8;22,4;20,6;19,2;84;79;82;334;7,9;1,1;
2026/03/12;2000 UTC;0;897,1;897,3;896,9;489,9;23,2;20;23,5;23;20,5;19,6;83;81;83;324;4,7;1,3;
2026/03/12;2100 UTC;0;897,1;897,2;897;217,8;21,8;19,6;23,2;21,8;20,4;19,5;87;82;87;310;4,5;1,9;
2026/03/12;2200 UTC;0;896,9;897,1;896,8;9,3;20,8;19,5;21,8;20,8;19,7;19,4;93;87;93;343;4,5;1;
2026/03/12;2300 UTC;0;897,7;897,7;896,9;;20,4;19,4;20,8;20,3;19,5;19,2;94;93;94;350;1,9;1;
2026/03/13;0000 UTC;0;898,2;898,2;897,7;;19,6;18,6;20,4;19,6;19,4;18,6;94;94;94;101;2,4;,7;
2026/03/13;0100 UTC;0;899,3;899,3;898,2;;19,1;18,2;19,6;19,1;18,6;18,2;95;94;95;34;1,2;,4;
2026/03/13;0200 UTC;0;899,6;899,6;899,3;;18,5;17,7;19,1;18,5;18,2;17,6;95;94;95;321;1,7;,8;
2026/03/13;0300 UTC;0;899,2;899,6;899,2;;19,9;19,1;19,9;18,5;19,2;17,7;95;95;95;9;2,2;,6;
2026/03/13;0400 UTC;0;898,6;899,2;898,6;;19,6;18,9;20;19,6;19,2;18,9;96;95;96;67;1,9;,5;
2026/03/13;0500 UTC;0;898,1;898,6;898,1;;19,6;18,9;19,7;19,6;19;18,9;96;96;96;29;1;,6;
2026/03/13;0600 UTC;0;898,2;898,2;898;;19,3;18,6;19,6;19,3;18,9;18,6;96;96;96;15;1,7;,4;
2026/03/13;0700 UTC;0;898,2;898,2;898,1;;19;18,3;19,4;19;18,6;18,3;96;96;96;39;1,3;,9;
2026/03/13;0800 UTC;0;898,3;898,3;898,2;;18,9;18,2;19;18,8;18,3;18,1;96;96;96;27;2,1;1,2;
2026/03/13;0900 UTC;0;898,6;898,6;898,3;;18,5;17,8;18,9;18,5;18,2;17,8;96;96;96;17;2,2;,7;
2026/03/13;1000 UTC;0;898,9;898,9;898,6;78;19,2;18,5;19,2;18,2;18,5;17,6;96;96;96;359;2,5;1,1;
2026/03/13;1100 UTC;0;899,8;899,8;898,9;487,5;20,4;19,7;20,4;19,2;19,7;18,5;96;96;96;337;3,4;1,4;
2026/03/13;1200 UTC;0;900,1;900,1;899,8;1714,2;22,9;19,3;23,4;20,3;21,5;19,1;96;79;80;304;3,9;2,1;
2026/03/13;1300 UTC;0;900,4;900,4;900,1;2627,3;24,6;19;25,1;22,9;20,2;18,8;83;71;71;310;5,1;2,2;
2026/03/13;1400 UTC;0;900,2;900,4;900,2;3307,4;26,5;20;26,8;24,3;20,4;18,7;74;65;68;299;6,7;2,5;
2026/03/13;1500 UTC;0;899,5;900,2;899,5;3567,2;27;18,8;27,6;25,9;20,2;18,7;68;60;61;299;8,1;3,6;
2026/03/13;1600 UTC;0;898,6;899,5;898,6;3625,5;27,5;19;28,6;26,9;20;18,3;64;56;60;286;8,8;3,1;
2026/03/13;1700 UTC;0;897,5;898,6;897,5;3494,9;28,6;18,8;28,9;27,5;19,5;18;61;52;55;290;7,9;3,3;
2026/03/13;1800 UTC;0;896,7;897,5;896,7;3209,3;29,3;19,7;29,7;27,9;19,7;18;60;51;56;298;8,7;3,3;
2026/03/13;1900 UTC;0;896,3;896,7;896,2;2505,8;28,9;19,7;29,5;27,8;19,7;18,1;59;52;58;311;8,6;3,1;
2026/03/13;2000 UTC;0;896,4;896,4;896;1729,7;26,8;18,6;29;26,7;19,8;17,7;61;54;61;2;8;2,2;
2026/03/13;2100 UTC;0;897,2;897,2;896,4;369,4;25,1;19,4;26,8;25,1;19,6;18,3;71;60;71;310;4,9;1,9;
2026/03/13;2200 UTC;0;897,6;897,6;897,2;7,6;21,5;19,2;25,1;21,5;19,6;18,3;86;69;86;50;5,5;,5;
2026/03/13;2300 UTC;0;898,1;898,1;897,4;;21,4;19,1;21,6;21,2;19,3;18,9;88;86;86;359;3,5;1,1;
2026/03/14;0000 UTC;0;898,7;898,7;898,1;;20,3;18,7;21,4;20,3;19,3;18,7;91;86;91;41;2,9;,9;
2026/03/14;0100 UTC;0;899,3;899,4;898,7;;19,5;18,2;20,3;19,5;18,8;18,2;92;91;92;36;1,7;,5;
2026/03/14;0200 UTC;0;899,6;899,7;899,3;;19,2;18,1;19,5;19;18,2;17,9;94;92;94;27;1,8;,7;
2026/03/14;0300 UTC;0;899,3;899,6;899,3;;18,8;17,8;19,2;18,8;18,1;17,7;94;93;94;80;1,2;,5;
2026/03/14;0400 UTC;0;898,9;899,3;898,9;;18,9;17,9;19;18,8;18;17,8;94;94;94;21;1;,3;
2026/03/14;0500 UTC;0;898,4;898,9;898,4;;19,7;18,8;19,7;18,8;18,8;17,9;95;94;95;356;2,2;1;
2026/03/14;0600 UTC;0;898,2;898,4;898,1;;19,5;18,7;20;19,5;19,1;18,6;95;94;95;25;2,2;,5;
2026/03/14;0700 UTC;,4;897,9;898,2;897,9;;19,7;18,9;19,7;19,5;18,9;18,7;95;95;95;10;1,9;1,1;
2026/03/14;0800 UTC;0;898,1;898,1;897,9;;19,8;19;19,9;19,7;19,1;18,9;95;95;95;30;2;,9;
2026/03/14;0900 UTC;0;898,8;898,8;898,1;;20,2;19,4;20,2;19,8;19,4;19;95;95;95;331;2,5;,8;
2026/03/14;1000 UTC;0;899,4;899,5;898,8;34,7;20,3;19,4;20,3;20,1;19,4;19,3;95;95;95;312;3,1;1,4;
2026/03/14;1100 UTC;0;900;900;899,4;318,6;21;20;21,1;20,3;20,2;19,4;95;94;94;298;3,7;1,6;
2026/03/14;1200 UTC;0;900,6;900,6;900;1163,3;22,3;19,5;23,4;21;20,9;19,5;94;83;84;307;6,7;2,8;
2026/03/14;1300 UTC;0;900,6;900,7;900,6;1971,7;24,7;19,5;25,2;22,3;20,5;19,5;86;72;73;309;6,8;2,9;
2026/03/14;1400 UTC;0;900,2;900,7;900,2;3174,4;26,5;19,5;26,6;24,5;20,5;18,8;75;64;66;286;8,1;2,8;
2026/03/14;1500 UTC;0;899,6;900,2;899,5;3162,3;27,5;19;27,5;25,6;20,5;18,5;72;59;60;300;6,8;2,9;
2026/03/14;1600 UTC;0;898,5;899,6;898,5;3898,5;28,7;19;29,1;27,2;19,4;17,8;60;53;56;280;7,5;2,8;
2026/03/14;1700 UTC;0;897,7;898,6;897,7;3194,5;28,2;19,2;29,2;27,5;19,7;17,5;62;52;58;304;8,2;3,1;
2026/03/14;1800 UTC;0;897,5;897,7;897,3;2453,4;27,4;19;28,8;26,5;20;18,2;64;56;61;278;8;3,3;
2026/03/14;1900 UTC;0;896,9;897,5;896,9;1201,9;25;19,4;27,4;25;20,2;18,4;71;60;71;283;7,2;2,4;
2026/03/14;2000 UTC;0;896,6;896,9;896,6;600,8;24,1;18,9;25;24,1;19,4;18,6;73;69;73;282;6;2,5;
2026/03/14;2100 UTC;0;897,1;897,1;896,6;236,5;22,8;19,1;24,1;22,8;19,3;18,8;80;73;80;292;5;1,6;
2026/03/14;2200 UTC;0;897,7;897,7;897,1;7,4;21,3;19,2;22,8;21,3;19,3;19;88;80;88;320;3,4;,9;
2026/03/14;2300 UTC;0;898,2;898,2;897,7;;20,2;18,6;21,3;20,2;19,2;18,6;91;88;91;84;1,9;,9;
2026/03/15;0000 UTC;0;898,8;898,8;898,2;;20;18,6;20,2;20;18,7;18,5;92;91;92;313;1,4;,6;
2026/03/15;0100 UTC;0;899,3;899,4;898,8;;19,8;18,5;20,3;19,8;19;18,4;92;91;92;80;2,4;1,1;
2026/03/15;0200 UTC;0;899,6;899,6;899,2;;19,3;18,1;19,9;19,3;18,6;18,1;93;92;93;75;2,2;,9;
2026/03/15;0300 UTC;0;899,1;899,6;899,1;;19,2;18,1;19,4;19,2;18,3;18,1;93;93;93;78;2,3;,8;
2026/03/15;0400 UTC;0;899;899,2;898,9;;19,3;18,2;19,4;19,2;18,4;18,1;94;93;94;37;1,9;,6;
2026/03/15;0500 UTC;0;898,4;899;898,4;;18,6;17,6;19,3;18,6;18,2;17,6;94;93;94;79;1,2;,5;
2026/03/15;0600 UTC;0;897,8;898,4;897,8;;18,5;17,6;18,7;18,5;17,8;17,6;94;94;94;40;1,1;,3;
2026/03/15;0700 UTC;0;897,7;897,8;897,7;;18,1;17,2;18,7;18,1;17,7;17,2;94;94;94;44;1,8;1,1;
2026/03/15;0800 UTC;0;898;898;897,7;;17,5;16,6;18,1;17,5;17,2;16,6;95;94;95;79;1,8;,5;
2026/03/15;0900 UTC;0;898,3;898,3;898;;16,9;16,1;17,5;16,7;16,6;15,8;95;94;95;49;2,2;1,3;
2026/03/15;1000 UTC;0;899;899;898,3;128;17,8;17;17,8;16,8;17;16;95;95;95;85;1,9;,6;
2026/03/15;1100 UTC;0;899,6;899,6;899;866,2;22,5;19,2;22,5;17,8;19,8;17,1;95;82;82;19;1,4;,7;
2026/03/15;1200 UTC;;;;;;;;;;;;;;;;;;
2026/03/15;1300 UTC;0;900,2;900,2;900,1;2587,8;27,4;17,8;27,4;25,6;18,7;16,8;64;53;56;222;3,8;,9;
2026/03/15;1400 UTC;0;900;900,2;900;2250,9;26,8;18;28;26,3;19;16,9;64;53;58;211;5,9;2,4;
2026/03/15;1500 UTC;0;899;900;899;3395;28,3;17,8;28,8;26,1;19,4;16,4;64;47;53;297;5,9;2,1;
2026/03/15;1600 UTC;0;898;899;898;3433,5;29,7;17,5;30,4;28,1;18,7;15,5;54;43;48;301;5,8;2,5;
2026/03/15;1700 UTC;0;896,8;898;896,8;2004,5;29,5;19,2;29,8;26,6;19,7;16,2;63;46;54;207;6,1;2,5;
2026/03/15;1800 UTC;0;896,2;896,8;896,2;2809,4;30,1;18,4;30,3;27,6;19,4;16,9;56;45;50;257;6;2;
2026/03/15;1900 UTC;0;895,7;896,2;895,5;2263,4;29,5;17,7;30,2;28,6;18,6;17,1;54;45;49;262;5,3;2,1;
2026/03/15;2000 UTC;0;895,9;895,9;895,7;1700,1;27,3;18,7;29,8;27,3;19,2;16,9;60;47;60;330;5,7;2,4;
2026/03/15;2100 UTC;0;897,4;897,4;895,8;121,8;24,1;18,3;27,3;24,1;18,9;17,2;71;59;70;140;6,7;3;
2026/03/15;2200 UTC;1,2;897,9;897,9;897,4;;21;19,5;24,1;20,9;19,5;17,8;91;70;91;51;6,7;,7;
2026/03/15;2300 UTC;0;898,7;898,7;897,9;;21;19,7;21,1;20,9;19,7;19,3;92;90;92;44;1,7;1;
2026/03/16;0000 UTC;9;899,8;899,8;898,7;;20,5;19,6;21,1;20,3;19,7;19,1;94;91;94;163;3,5;1,5;
2026/03/16;0100 UTC;,2;900,3;900,3;899,8;;19,8;18,8;20,6;19,8;19,6;18,8;95;94;94;66;6,5;,7;
2026/03/16;0200 UTC;1,4;900,7;900,7;900,3;;19,7;18,5;20,1;19,7;18,9;18,5;94;92;93;55;2,1;,8;
2026/03/16;0300 UTC;1,4;900,5;900,7;900,4;;19,6;18,6;19,7;19,6;18,6;18,4;94;93;94;171;3,5;,7;
2026/03/16;0400 UTC;1,4;900,2;900,5;900,2;;19,8;18,8;19,8;19,6;18,8;18,6;94;94;94;148;3,8;1,8;
2026/03/16;0500 UTC;4;899,9;900,3;899,9;;19,5;18,6;19,8;19,5;18,9;18,6;95;94;94;94;5,2;1,6;
2026/03/16;0600 UTC;6,4;899,5;899,9;899,5;;18,8;17,8;19,5;18,8;18,6;17,8;94;94;94;131;4,5;1,2;
2026/03/16;0700 UTC;5,2;898,8;899,5;898,8;;18,8;17,9;18,8;18,6;17,9;17,7;95;94;94;126;4,9;2,2;
2026/03/16;0800 UTC;,2;898,5;898,8;898,3;;18,7;17,8;18,9;18,6;17,9;17,7;95;94;95;190;5,3;1,1;
2026/03/16;0900 UTC;0;898,8;898,8;898,5;;18,6;17,8;18,7;18,6;17,9;17,7;95;95;95;173;2,5;,4;
2026/03/16;1000 UTC;0;899,2;899,2;898,8;129,5;19;18,2;19;18,5;18,2;17,7;95;95;95;328;1,5;,3;
2026/03/16;1100 UTC;0;899,7;899,7;899,2;731,1;20,9;19,8;20,9;19;19,9;18,2;95;93;93;32;1,4;,6;
2026/03/16;1200 UTC;0;900,4;900,4;899,7;1288,7;23;19,8;23,1;20,9;20,1;18,7;93;79;82;9;2,2;1;
2026/03/16;1300 UTC;0;900,7;900,7;900,4;1482;24;19,5;24,1;22,9;20,9;19,5;85;76;76;35;3,7;1,6;
2026/03/16;1400 UTC;0;900,3;900,7;900,3;3261,3;27,1;18,8;27,2;24;20,6;17,4;79;56;61;41;4;1,4;
2026/03/16;1500 UTC;0;899,6;900,3;899,6;3224,7;27,8;18;29;26,6;20,2;17,7;67;53;55;15;4,4;1,8;
2026/03/16;1600 UTC;1,2;899;899,6;899;1908,3;23,2;20,1;29,3;23,1;20,3;15,9;84;46;83;323;7,6;2,3;
2026/03/16;1700 UTC;1,2;897,6;899;897,6;951,7;23,8;21,4;23,8;22,6;21,8;20,2;90;83;86;63;4,7;1,1;
2026/03/16;1800 UTC;0;896,5;897,6;896,5;2076,7;27,4;19,7;27,4;23,8;22,2;18,4;87;58;63;29;4;1,6;
2026/03/16;1900 UTC;0;896,2;896,5;896;1243,2;24,8;19,4;27,8;24,8;21,2;19,4;72;63;72;47;6,1;2,7;
2026/03/16;2000 UTC;3;897,4;897,4;896,2;76,9;20,5;18,9;24,7;20,5;20,1;18,9;91;72;91;243;6,4;2,2;
2026/03/16;2100 UTC;,6;897,3;897,4;897;45,2;20,4;19,4;20,5;20,2;19,4;18,9;94;91;94;86;4,8;1;
2026/03/16;2200 UTC;0;898,1;898,2;897,3;1,4;20,3;19,4;20,5;20,3;19,5;19,4;95;94;95;40;1,6;,8;
2026/03/16;2300 UTC;0;898,9;898,9;898;;20,1;19,2;20,3;20,1;19,4;19,2;95;94;95;87;1,7;1,2;
2026/03/17;0000 UTC;0;899,2;899,2;898,9;;20,3;19,4;20,3;20,1;19,4;19,2;95;94;95;228;1,8;,9;
2026/03/17;0100 UTC;0;899,8;899,8;899,2;;20,3;19,4;20,3;20,1;19,5;19,3;95;95;95;128;1,8;,6;
2026/03/17;0200 UTC;0;899,6;899,9;899,6;;20,2;19,4;20,3;20,1;19,5;19,3;95;95;95;141;1,5;,7;
2026/03/17;0300 UTC;0;899,6;899,6;899,5;;19,8;19;20,3;19,7;19,4;18,9;95;95;95;41;1,6;1;
2026/03/17;0400 UTC;0;899,2;899,6;899,2;;19,3;18,5;19,8;19,3;19;18,5;95;95;95;38;1,6;,5;
2026/03/17;0500 UTC;0;898,8;899,2;898,8;;19,3;18,6;19,5;19,2;18,7;18,5;95;95;95;44;1,6;1;
2026/03/17;0600 UTC;0;899;899;898,8;;19,4;18,6;19,5;19,3;18,8;18,5;95;95;95;31;1,6;,5;
2026/03/17;0700 UTC;0;898,6;899;898,5;;19,1;18,4;19,4;19,1;18,6;18,3;95;95;95;31;1,5;,6;
2026/03/17;0800 UTC;0;898,5;898,6;898,5;;18,9;18,2;19,2;18,9;18,5;18,2;95;95;95;67;1,6;,8;
2026/03/17;0900 UTC;0;899,1;899,1;898,5;;18,7;18;19,1;18,7;18,4;18;95;95;95;34;1,8;,6;
2026/03/17;1000 UTC;0;899,8;899,8;899,1;92,9;18,8;18,1;18,9;18,3;18,1;17,6;96;95;96;54;1,4;,7;
2026/03/17;1100 UTC;0;900,9;900,9;899,8;506,8;20,9;20,1;20,9;18,8;20,1;18,1;96;95;95;323;1,9;1,1;
2026/03/17;1200 UTC;,2;901,8;901,8;900,9;843,7;21,4;18,6;22,3;20,9;20,9;18,6;95;84;84;358;5,6;2,1;
2026/03/17;1300 UTC;,2;901,8;901,8;901,7;1365,6;23,8;20,3;23,8;20,8;20,7;18,3;90;81;81;6;5,6;,7;
2026/03/17;1400 UTC;0;901,1;901,8;901,1;2940,6;26,1;19,4;26,3;23,7;20,5;18,9;81;66;67;321;3,5;1,3;
2026/03/17;1500 UTC;0;900,1;901,1;900,1;2642,9;27;18,7;27,5;25,7;20,5;18;71;58;60;11;4,9;1,9;
2026/03/17;1600 UTC;0;899;900,1;899;1985,1;27,1;19,3;27,6;26,5;20,5;18,3;67;59;62;243;4,9;1,3;
2026/03/17;1700 UTC;2,8;898,6;899;898,5;805,1;22;19,7;27,7;22;20,8;18,6;90;60;87;303;9,1;1,5;
2026/03/17;1800 UTC;0;897,7;898,6;897,7;1579,8;25,1;21,1;25,2;22;21,2;19,5;89;74;78;281;3,3;1;
2026/03/17;1900 UTC;0;897,3;897,7;897,2;1616,4;25,9;18,6;26,4;25,2;21,5;18,5;79;64;64;308;4,8;1,8;
2026/03/17;2000 UTC;0;897,2;897,4;897,1;205,6;23,1;19,9;25,9;23,1;20,3;18,6;82;64;82;277;4,8;1,2;
2026/03/17;2100 UTC;0;897,5;897,5;897,3;175,1;22,3;19,8;23,2;22,3;20,3;19,6;86;82;85;325;5,4;,5;
2026/03/17;2200 UTC;0;897,8;897,8;897,5;5,4;20,8;19,2;22,3;20,7;19,7;19;91;85;91;43;2,1;,4;
2026/03/17;2300 UTC;0;898,5;898,5;897,7;;20,2;18,9;20,7;20,2;19,2;18,8;92;91;92;43;1,9;,7;
2026/03/18;0000 UTC;0;899,4;899,4;898,5;;19,7;18,5;20,2;19,7;18,9;18,4;93;92;93;122;2,1;,7;
2026/03/18;0100 UTC;0;899,9;900;899,4;;19,9;18,7;20;19,6;18,9;18,4;94;93;93;94;1,6;,4;
2026/03/18;0200 UTC;0;900,4;900,4;899,9;;19,3;18,3;19,9;19,3;18,8;18,2;94;93;94;96;,9;,6;
2026/03/18;0300 UTC;0;900,1;900,5;900,1;;18,7;17,8;19,3;18,7;18,3;17,8;94;94;94;135;1,3;,7;
2026/03/18;0400 UTC;0;899,6;900,1;899,6;;18,5;17,6;18,7;18,3;17,8;17,4;95;94;95;221;1,5;,8;
2026/03/18;0500 UTC;0;899,2;899,6;899,1;;18,6;17,8;18,6;18,4;17,8;17,5;95;95;95;334;1,6;,5;
2026/03/18;0600 UTC;0;898,8;899,2;898,7;;18,4;17,6;19;18,4;18,2;17,6;95;95;95;24;2,1;,5;
2026/03/18;0700 UTC;0;898,6;898,8;898,5;;18,6;17,8;18,7;18,4;18;17,6;95;95;95;229;2,4;,5;
2026/03/18;0800 UTC;0;899,1;899,1;898,5;;18,8;18;19,1;18,6;18,3;17,8;95;95;95;51;1,8;,5;
2026/03/18;0900 UTC;,4;899,5;899,5;899,1;;18,8;17,9;19,2;18,6;18,5;17,8;95;95;95;262;5,3;,5;
2026/03/18;1000 UTC;2,2;899,4;899,5;899,2;6,8;18,4;17,5;18,9;18,3;18;17,5;95;95;95;91;2,9;1,1;
2026/03/18;1100 UTC;1,2;900,4;900,4;899,4;134,3;19,3;18,2;19,4;18,4;18,4;17,5;95;93;93;269;2,5;,8;
2026/03/18;1200 UTC;,2;901;901;900,4;446,3;20,2;19,2;20,2;19,3;19,2;18,2;94;93;94;341;2,5;,2;
2026/03/18;1300 UTC;0;901,1;901,2;901;1132;22,1;18,8;22,1;20,2;19,5;18,4;94;81;82;70;3,3;1,3;
2026/03/18;1400 UTC;0;900,5;901,2;900,5;2512;25,2;19,6;25,2;22,1;20;18,7;82;69;71;18;4;1,9;
2026/03/18;1500 UTC;0;899,5;900,5;899,5;3286,4;26,3;19,2;26,6;25,1;20;18,3;72;62;65;21;6,3;1,7;
2026/03/18;1600 UTC;0;898,4;899,5;898,4;2775,4;27,1;16,7;27,1;25,8;19,8;15,8;67;51;53;10;4,4;1,7;
2026/03/18;1700 UTC;0;897,5;898,4;897,5;3265,3;28,4;17,3;28,6;27,1;19;15,7;59;48;51;301;5,1;1,8;
2026/03/18;1800 UTC;0;896,9;897,5;896,9;2166,3;27,6;17,9;28,5;27,5;19;16,5;58;49;55;302;5;1,9;
2026/03/18;1900 UTC;0;896,1;896,9;896,1;1088;26,8;19;27,9;26,8;19,7;17,7;65;55;62;266;4,2;1,6;
2026/03/18;2000 UTC;0;895,7;896,1;895,6;662,6;26,1;19,3;26,8;26,1;19,8;18,7;67;61;66;360;4,1;1;
2026/03/18;2100 UTC;0;896,1;896,1;895,6;273,5;25;20,3;26;24,9;20,9;18,8;78;64;75;357;1,7;,5;
2026/03/18;2200 UTC;0;896,6;896,6;896,1;13,8;22,4;20,1;25;22,4;20,9;19,9;87;74;87;17;2,1;,5;
2026/03/18;2300 UTC;0;897,3;897,3;896,6;;21,2;19,6;22,4;21,2;20;19,6;91;86;91;50;1,9;,5;
2026/03/19;0000 UTC;0;898,2;898,2;897,3;;20;18,6;21,2;20;19,6;18,6;92;91;92;46;2;,7;
2026/03/19;0100 UTC;0;898,9;898,9;898,2;;19,4;18,2;20;19,4;18,6;18,2;93;92;93;41;1,6;,8;
2026/03/19;0200 UTC;0;899,1;899,2;898,9;;18,7;17,7;19,4;18,6;18,3;17,5;94;93;94;90;1,8;,5;
2026/03/19;0300 UTC;0;898,8;899,2;898,8;;18,2;17,2;18,7;18,2;17,7;17,2;94;94;94;35;1,1;,4;
2026/03/19;0400 UTC;0;898,7;898,8;898,6;;17,7;16,9;18,3;17,2;17,3;16,3;95;94;95;39;2;,9;
2026/03/19;0500 UTC;0;898,4;898,7;898,4;;17,6;16,9;18,3;17,5;17,4;16,6;95;94;95;77;2;,3;
2026/03/19;0600 UTC;0;897,6;898,4;897,6;;17,5;16,8;17,7;17;16,9;16,2;95;95;95;70;2,1;,2;
2026/03/19;0700 UTC;0;897,4;897,6;897,2;;17,3;16,6;17,5;16,8;16,7;16;96;95;96;34;2,3;,7;
2026/03/19;0800 UTC;0;897,5;897,5;897,2;;16,9;16,2;17,3;16,7;16,6;15,9;96;95;96;64;1,4;,7;
2026/03/19;0900 UTC;0;897,9;897,9;897,5;;17,6;17;17,6;16,9;17;16,2;96;96;96;63;2,4;1,2;
2026/03/19;1000 UTC;0;898,2;898,2;897,9;71,2;18,2;17,4;18,2;17,6;17,4;17;96;96;96;46;2,4;1,1;
2026/03/19;1100 UTC;0;898,8;898,8;898,2;365,5;20,4;19,7;20,4;18,2;19,7;17,5;96;95;95;94;3;,7;
2026/03/19;1200 UTC;0;898,9;899;898,8;925,4;22,5;19,9;22,5;20,4;20,1;19,2;95;85;85;46;3,3;1,9;
2026/03/19;1300 UTC;0;898,7;899;898,7;2694,7;26,6;19,1;26,6;22,5;20,5;18,4;85;63;63;169;3,4;,8;
2026/03/19;1400 UTC;0;898,4;898,7;898,4;2921,3;27,4;20;27,9;26,3;20,5;18,1;66;58;64;295;3,9;1,6;
2026/03/19;1500 UTC;0;897,5;898,4;897,5;2732,9;28,1;18;29,1;26,3;20,3;17,9;65;50;54;269;5,6;2,2;
2026/03/19;1600 UTC;0;897,4;897,6;897;2569,3;24,1;17,3;29,4;24,1;19,9;17,1;66;50;66;10;8,8;4;
2026/03/19;1700 UTC;0;896;897,5;896;2170,6;24,7;19,3;24,7;21,8;19,4;16,9;80;66;72;38;8,8;3,3;
2026/03/19;1800 UTC;0;895,6;896;895,5;3335,8;27;17,1;27,6;24,4;19,5;17,1;72;54;55;5;8,3;3,5;
2026/03/19;1900 UTC;0;895,1;895,7;895,1;1096,5;24,6;19,3;27;24,3;19,8;17,2;73;55;72;20;8,8;2,4;
2026/03/19;2000 UTC;0;894,4;895,1;894,4;895;23,9;19;24,8;23,7;19,5;18,4;75;69;74;18;7,5;2,6;
2026/03/19;2100 UTC;0;894,8;894,9;894,3;288,1;22,5;18,5;23,9;22,5;18,8;17,8;78;70;78;331;5,7;1,2;
2026/03/19;2200 UTC;0;895,9;895,9;894,8;5,9;20,9;18,2;22,5;20,9;18,9;18;85;78;85;54;2,4;1,4;
2026/03/19;2300 UTC;0;896,5;896,6;895,9;;20,1;18,4;21;20,1;18,4;18,1;90;85;90;62;2;,5;
2026/03/20;0000 UTC;0;896,9;896,9;896,5;;19,1;17,6;20,1;19,1;18,3;17,6;91;89;91;38;2,3;,8;
2026/03/20;0100 UTC;0;897,5;897,6;896,9;;18,6;17,2;19,1;18,6;17,7;17,2;92;91;92;58;1,8;1,1;
2026/03/20;0200 UTC;0;898;898;897,5;;17,8;16,5;18,7;17,8;17,3;16,5;93;91;92;70;1,9;,8;
2026/03/20;0300 UTC;0;897,9;898,1;897,9;;17,5;16,5;17,8;17,3;16,5;16,2;93;92;93;48;2;1,1;
2026/03/20;0400 UTC;0;897,5;897,9;897,4;;17,1;16;17,6;17,1;16,5;16;94;93;94;53;1,8;1,1;
2026/03/20;0500 UTC;0;897;897,5;897;;16,7;15,7;17,2;16,7;16,1;15,7;94;93;94;67;2,1;,9;
2026/03/20;0600 UTC;0;896,6;897;896,6;;16,4;15,5;16,7;16,4;15,7;15,4;94;94;94;62;1,5;,6;
2026/03/20;0700 UTC;0;896,6;896,7;896,6;;16;15,1;16,5;16;15,6;15,1;95;94;95;55;1,9;1,1;
2026/03/20;0800 UTC;0;896,9;896,9;896,6;;16;15,1;16,2;16;15,4;15,1;95;95;95;49;2,1;1,2;
2026/03/20;0900 UTC;0;897,4;897,4;896,9;;16,3;15,5;16,3;15,8;15,5;14,9;95;95;95;53;2,1;1,4;
2026/03/20;1000 UTC;0;897,9;897,9;897,4;85,1;16,9;16,1;16,9;16,3;16,1;15,4;95;95;95;60;2;1,3;
2026/03/20;1100 UTC;0;898,6;898,6;897,9;915,8;22,5;18,8;22,5;16,9;19,2;16,2;95;80;80;43;2,1;1,3;
2026/03/20;1200 UTC;0;898,8;898,8;898,6;1319,7;24,6;19,3;24,9;22,4;19,9;18,6;81;71;73;286;3,4;1,3;
2026/03/20;1300 UTC;0;899,3;899,4;898,8;1389,4;25;20,1;25,2;24,6;20,1;19,1;74;70;74;289;4,4;1,7;
2026/03/20;1400 UTC;0;898,8;899,3;898,8;2014,2;26,6;19,1;26,8;24,9;20,1;19;74;63;63;307;4,9;2,4;
2026/03/20;1500 UTC;0;898;898,9;898;2316,1;27,6;18,7;27,6;26;20,1;18,5;68;58;58;309;5,2;2,2;
2026/03/20;1600 UTC;0;896,7;898;896,7;3496,5;28,3;17,7;29,2;27,6;19,3;16,6;59;48;53;301;5,9;2,2;
2026/03/20;1700 UTC;0;896;896,7;896;1943,8;27,4;18,6;28,6;27,4;19,5;17;59;51;59;313;5,8;2,4;
2026/03/20;1800 UTC;0;895,2;896;895,1;1638,7;27,7;18,9;28,3;27,2;19,3;17,6;61;53;59;334;5,8;2,5;
2026/03/20;1900 UTC;0;895,4;895,5;895,2;750;25,5;18,9;27,9;25,5;19,6;17,8;67;55;67;284;5,6;2,3;
2026/03/20;2000 UTC;2,4;896,6;896,6;895,3;52,6;20,9;19,1;25,4;20,9;19,5;17,7;90;65;90;265;9,5;3,1;
2026/03/20;2100 UTC;13,4;897,8;897,8;896,6;9,2;20;19,1;20,9;19,9;19,2;19;95;89;95;325;8;2,4;
2026/03/20;2200 UTC;6,2;898,1;898,2;897,8;;19,8;19;20;19,8;19,1;18,9;95;95;95;283;5,5;,9;
2026/03/20;2300 UTC;2,2;898,5;898,6;898,2;;19,2;18,4;19,9;19,2;19,1;18,4;95;95;95;300;2,9;,9;
2026/03/21;0000 UTC;,8;899,3;899,3;898,5;;19,1;18,3;19,2;19;18,4;18,2;95;95;95;88;2;,3;
2026/03/21;0100 UTC;0;899,6;899,6;899,3;;18,9;18,1;19,2;18,9;18,4;18,1;95;95;95;43;2,5;1,4;
2026/03/21;0200 UTC;0;899,3;899,6;899,3;;18,9;18,1;19;18,8;18,2;18,1;95;95;95;53;2,5;,7;
2026/03/21;0300 UTC;0;898,9;899,3;898,9;;19,2;18,5;19,2;18,8;18,5;18;95;95;95;169;2,6;1,2;
2026/03/21;0400 UTC;0;898,5;898,9;898,5;;19,1;18,3;19,2;19,1;18,5;18,3;95;95;95;168;2,5;,4;
2026/03/21;0500 UTC;0;898,4;898,5;898,4;;18,9;18,1;19,1;18,9;18,3;18,1;95;95;95;322;1,3;,2;
2026/03/21;0600 UTC;0;897,8;898,4;897,8;;18,7;17,9;19;18,7;18,2;17,9;96;95;95;8;1,1;,5;
2026/03/21;0700 UTC;,2;897,8;897,8;897,7;;18,4;17,7;18,8;18,4;18,1;17,7;96;95;96;23;1,7;,7;
2026/03/21;0800 UTC;0;898,2;898,2;897,8;;18,1;17,4;18,4;18,1;17,7;17,4;96;95;96;43;1,8;1;
2026/03/21;0900 UTC;0;898,7;898,7;898,2;;18,3;17,5;18,3;18,1;17,6;17,4;96;95;96;43;1,5;,5;
2026/03/21;1000 UTC;0;899;899;898,7;63,4;18,5;17,7;18,5;18,1;17,8;17,4;96;95;95;51;1,9;1;
2026/03/21;1100 UTC;0;899,6;899,6;899;451,1;20,4;19,6;20,4;18,5;19,6;17,7;95;95;95;60;1,9;,9;
2026/03/21;1200 UTC;0;900,1;900,1;899,6;1063,4;23,1;19,2;23,1;20,4;20;18,8;95;78;79;61;2,1;,7;
2026/03/21;1300 UTC;0;900,3;900,3;900,1;1813,1;24,9;18,9;24,9;23,2;19,6;16,7;79;62;70;27;2,7;,9;
2026/03/21;1400 UTC;0;900,2;900,3;900,2;2528,2;26,7;19,2;26,7;24,4;19,4;17,3;71;58;64;14;4,1;1,4;
2026/03/21;1500 UTC;0;900,2;900,4;900,1;2312,3;26,3;19,7;26,9;25,5;20,2;17,1;70;57;67;28;5,3;2,7;
2026/03/21;1600 UTC;0;899,1;900,2;899,1;2982,2;28,5;18,5;28,9;26;20,9;18,2;67;54;55;290;5,5;1,8;
2026/03/21;1700 UTC;0;898,1;899,2;898,1;3538,7;28,6;17,4;29;27,1;19,7;17,4;62;51;51;331;5,9;2,4;
2026/03/21;1800 UTC;0;897,4;898,1;897,4;2147,4;25,3;18,6;29,2;25,3;19,6;17,3;66;50;66;240;6,2;2,8;
2026/03/21;1900 UTC;,6;897,2;897,4;896,8;1278,7;27;17;27,2;23,9;21;17;83;54;54;303;5,6;1,5;
2026/03/21;2000 UTC;0;897,2;897,2;897;823,4;25,9;18,9;27,5;25,9;20,6;17,2;71;54;65;307;3,9;,8;
2026/03/21;2100 UTC;0;898;898;897,2;103,8;23,8;19,6;26;23,8;20,1;18,4;78;65;78;351;3,6;1,2;
2026/03/21;2200 UTC;0;898,6;898,6;898;;22,3;20,1;23,8;22,3;20,1;19,1;87;75;87;14;3;,8;
2026/03/21;2300 UTC;0;900;900;898,6;;20,8;19,2;22,3;20,8;20,4;19;90;85;90;320;4,4;1,4;
2026/03/22;0000 UTC;5,8;900,7;900,7;900;;20,5;19,6;20,9;20,4;19,6;19,2;95;90;95;11;4,9;1,3;
2026/03/22;0100 UTC;31,4;900,8;901,3;900,7;;20;19,3;20,8;19,8;19,9;19;95;94;95;3;6;2,5;
2026/03/22;0200 UTC;2,8;901,1;901,3;900,8;;20;19,3;20,1;19,8;19,4;19,1;96;95;95;341;5,3;2,3;
2026/03/22;0300 UTC;,4;901,1;901,3;901;;20;19,2;20,1;19,9;19,3;19,1;95;95;95;63;4,6;1;
2026/03/22;0400 UTC;3,8;900,6;901,2;900,6;;19,7;18,9;20;19,7;19,1;18,9;95;95;95;38;2,4;,9;
2026/03/22;0500 UTC;2,2;900;900,6;900;;19,6;18,8;19,8;19,5;18,9;18,8;95;95;95;49;1,8;,8;
2026/03/22;0600 UTC;,8;899,5;900;899,5;;19,2;18,5;19,6;19,2;18,8;18,4;95;95;95;32;1,5;,3;
2026/03/22;0700 UTC;,2;899,1;899,5;899;;19;18,3;19,3;19;18,5;18,3;95;95;95;31;2,1;1,1;
2026/03/22;0800 UTC;,2;899,6;899,6;899;;19,1;18,3;19,1;18,9;18,4;18,2;96;95;96;33;2,1;1;
2026/03/22;0900 UTC;0;899,9;900;899,6;;18,8;18,1;19,1;18,8;18,4;18;96;96;96;67;1,8;1;
2026/03/22;1000 UTC;0;900,7;900,7;899,9;53,6;19,3;18,5;19,3;18,7;18,5;18;96;96;96;84;1,8;,5;
2026/03/22;1100 UTC;0;901,1;901,1;900,7;404,3;20,6;19,8;20,6;19,2;19,8;18,5;96;95;95;13;1,3;,6;
2026/03/22;1200 UTC;0;901,5;901,5;901,1;906;22,2;20;22,2;20,6;20,3;19,8;95;87;87;316;2;,7;
2026/03/22;1300 UTC;0;901,6;901,7;901,5;2446,2;25,7;19,8;26;22;21,1;18,5;87;65;70;255;3,6;1,5;
2026/03/22;1400 UTC;0;901,1;901,6;901,1;3034,1;27,4;19,9;27,4;25,6;20,5;18,2;70;62;64;188;4,5;1,8;
2026/03/22;1500 UTC;0;900,3;901,1;900,3;3131,6;27,9;20,8;28,9;27,2;20,8;18,7;66;57;65;189;4,9;2,1;
2026/03/22;1600 UTC;0;899,2;900,4;899,2;3131,4;28,3;20,7;28,9;27;21,3;18,7;68;56;63;247;7,4;2,4;
2026/03/22;1700 UTC;0;898,1;899,2;898,1;2049,2;27,6;20,1;29;27,1;21,6;18,3;67;54;64;288;5,9;1,9;
2026/03/22;1800 UTC;4,8;897,5;898,1;897,5;883,7;23,3;21,8;27,6;22,8;21,8;19,7;91;63;91;295;5,3;1,1;
2026/03/22;1900 UTC;0;897;897,5;897;1139,7;23,9;20,4;24,7;23,3;22,3;20,1;91;79;81;7;6,3;2;
2026/03/22;2000 UTC;0;896,8;897,1;896,7;361,9;22,8;20,2;23,9;22,8;20,8;19,2;86;77;85;309;6,6;1,9;
2026/03/22;2100 UTC;3,4;897;897,4;896,6;69,9;21;19,6;22,8;20,8;20,5;19,4;92;85;92;287;4,4;1;
2026/03/22;2200 UTC;0;897,5;897,5;896,9;1,7;20,6;19,6;21;20,2;19,7;19;94;92;94;73;2,7;,6;
2026/03/22;2300 UTC;0;898,1;898,1;897,5;;20,2;19,1;20,6;20,1;19,6;19,1;94;94;94;43;2,1;1;
2026/03/23;0000 UTC;0;898,7;898,8;898,1;;19,6;18,7;20,2;19,6;19,1;18,6;94;94;94;79;2,3;1;
2026/03/23;0100 UTC;0;899,2;899,2;898,7;;19,5;18,5;19,8;19,4;18,8;18,4;94;94;94;48;2;1,2;
2026/03/23;0200 UTC;0;899,8;899,8;899,2;;19,3;18,4;19,5;19,1;18,5;18,2;95;94;95;271;1,7;,3;
2026/03/23;0300 UTC;0;899,5;899,9;899,5;;19,2;18,4;19,5;19,1;18,7;18,2;95;95;95;67;1,8;,9;
2026/03/23;0400 UTC;0;899,3;899,7;899,3;;18,6;17,8;19,3;18,6;18,5;17,8;95;95;95;117;2,1;,6;
2026/03/23;0500 UTC;0;899,2;899,3;899;;18,2;17,4;18,6;18,1;17,7;17,3;95;95;95;78;1,6;,3;
2026/03/23;0600 UTC;0;898,6;899,3;898,6;;18,2;17,5;18,4;17,9;17,7;17,2;96;95;95;28;1,2;,5;
2026/03/23;0700 UTC;0;898,5;898,7;898,4;;18,3;17,6;18,6;18,1;17,9;17,4;96;95;96;50;2;,7;
2026/03/23;0800 UTC;0;898,6;898,7;898,4;;17,6;16,9;18,3;17,6;17,6;16,9;96;95;95;75;1,7;,6;
2026/03/23;0900 UTC;0;899;899,1;898,6;;17,2;16,5;17,6;17,2;16,9;16,5;96;95;96;27;1,4;,6;
2026/03/23;1000 UTC;0;899,3;899,3;899;68,2;19,7;19;19,7;17,2;19;16,6;96;96;96;154;1,3;,3;
2026/03/23;1100 UTC;0;899,5;899,6;899,3;442,7;20,4;19,6;20,4;19,7;19,7;19,1;96;96;96;45;1,7;,8;
2026/03/23;1200 UTC;,2;899,6;899,7;899,5;1442;24,3;19,9;24,6;20,4;22,1;19,7;96;76;76;56;1,8;,7;
2026/03/23;1300 UTC;0;899,5;899,7;899,5;2686,6;26,4;20,9;27,4;24,3;20,9;19,2;78;65;72;298;3;1,3;
2026/03/23;1400 UTC;0;899,3;899,6;899,3;3193,2;28;19,2;28;26,1;21,7;18,9;73;59;59;301;3,6;1,5;
2026/03/23;1500 UTC;0;898,3;899,3;898,3;3139,8;28,1;17;29,2;27,5;20,6;17;64;51;51;109;4;1,7;
2026/03/23;1600 UTC;0;897,3;898,3;897,3;1629;28,2;17,6;30,1;27,7;20,4;16,4;65;46;53;118;3,8;1,4;
2026/03/23;1700 UTC;0;896,3;897,3;896,3;3179,8;30,8;17,5;31,1;28;18,6;15,7;57;40;45;126;3,8;1,2;
2026/03/23;1800 UTC;0;895,5;896,3;895,5;1602,1;29,8;15,9;30,8;28,2;19,2;15,8;57;43;43;303;2,9;1,1;
2026/03/23;1900 UTC;0;894,9;895,5;894,9;2373,4;30,9;15,6;31;29,8;18,8;14,7;51;37;40;176;2,8;1,1;
2026/03/23;2000 UTC;0;894,8;894,9;894,8;900,2;27,6;19,8;30,9;27;20,4;14,8;64;38;63;91;3,3;,5;
2026/03/23;2100 UTC;0;895,6;895,6;894,8;341,8;25,7;19,6;28,8;25,7;20,3;17,5;72;51;69;276;2,1;,6;
2026/03/23;2200 UTC;0;896,1;896,1;895,5;;22,5;16,8;25,8;22,4;20;16,8;73;66;70;101;7,8;1;
2026/03/23;2300 UTC;0;896,8;896,8;896,1;;22,3;17,6;22,7;22,2;17,8;16,7;76;69;75;64;2,5;1,1;
2026/03/24;0000 UTC;1,4;897,4;897,4;896,8;;20,5;18,2;22,3;20,5;18,5;17,4;87;74;87;21;8,6;2,3;
2026/03/24;0100 UTC;6,2;898,9;898,9;897,4;;19,7;18,5;21;19,7;18,8;18,1;92;86;92;223;6,5;1,8;
2026/03/24;0200 UTC;17,6;898,5;898,9;898,5;;19,2;18,2;19,7;19;18,4;18,1;95;92;94;26;5;1,9;
2026/03/24;0300 UTC;,2;898,9;898,9;898,5;;19,4;18,6;19,4;19;18,6;18,1;95;94;95;321;5,6;2;
2026/03/24;0400 UTC;0;898,7;899;898,7;;19,4;18,6;19,4;19,3;18,6;18,5;95;95;95;25;3,9;1;
2026/03/24;0500 UTC;0;898,7;898,8;898,6;;19,1;18,4;19,4;18,9;18,6;18,1;95;95;95;358;2,5;1,3;
2026/03/24;0600 UTC;0;898,9;899,1;898,7;;19;18,3;19,2;18,9;18,4;18,2;95;95;95;344;4,4;2,1;
2026/03/24;0700 UTC;0;898,4;898,9;898,4;;18,9;18,1;19,2;18,9;18,4;18,1;95;95;95;337;6,6;2,5;
2026/03/24;0800 UTC;0;898,7;898,7;898,3;;17,4;16,5;18,9;17,4;18,1;16,5;95;94;95;350;6,2;1,4;
2026/03/24;0900 UTC;,2;899,1;899,1;898,7;;16,7;15,9;17,4;16,6;16,5;15,8;95;95;95;13;3,8;,8;
2026/03/24;1000 UTC;0;899,3;899,4;899;53,1;16,8;16,1;16,8;16,4;16,1;15,6;96;95;96;34;2,1;1,1;
2026/03/24;1100 UTC;0;900,1;900,1;899,3;708,2;19,9;17,6;20;16,7;18,2;16;96;87;87;36;4;2,2;
2026/03/24;1200 UTC;0;900,3;900,3;900,1;1940,6;23;17,7;23,3;19,9;18,4;16,9;88;71;72;9;4,7;1,5;
2026/03/24;1300 UTC;0;900,3;900,5;900,3;2294,8;24,1;17,6;24,6;22,9;17,9;16,6;73;62;67;7;4,2;1,1;
2026/03/24;1400 UTC;0;900;900,3;900;2932,5;26,5;17,2;26,5;23,9;18,6;16,1;67;56;57;319;5,7;1,8;
2026/03/24;1500 UTC;0;899,6;900;899,6;2720,3;26,2;17,6;26,5;24,6;18,8;14,6;67;51;59;325;5,7;2,4;
2026/03/24;1600 UTC;0;899,2;899,7;899,2;3079,4;26,6;17,4;27;25,8;18,7;16,6;62;56;57;326;5,5;1,6;
2026/03/24;1700 UTC;0;897,8;899,2;897,8;2179;26,8;18,6;27,8;25,9;19;16,3;62;53;61;323;4,9;1,5;
2026/03/24;1800 UTC;0;896,6;897,8;896,6;1204,4;25,3;18,9;27;24,5;19,6;17,3;71;58;68;39;5,8;2,8;
2026/03/24;1900 UTC;0;896,5;896,9;896,5;633,8;24,4;18,3;25,3;24,2;19,2;18,2;73;68;69;19;5,8;2,3;
2026/03/24;2000 UTC;0;896,8;896,8;895,9;305,6;23,3;19,3;24,5;23,3;19,6;18,4;78;69;78;266;4,2;1;
2026/03/24;2100 UTC;0;897,3;897,3;896,8;16,7;22;19,2;23,3;22;19,5;18,6;85;75;84;322;2,1;,7;
2026/03/24;2200 UTC;0;898,1;898,1;897,3;;21,5;19,6;22;21,5;19,8;19,2;89;84;89;178;3,2;1,2;
2026/03/24;2300 UTC;0;898,7;898,7;898;;20,6;17,8;21,5;20,5;19,6;17,8;89;84;84;185;4,1;1,7;
2026/03/25;0000 UTC;0;899,2;899,2;898,7;;19,6;17,8;20,6;19,6;17,8;17,5;90;84;90;108;4,9;,7;
2026/03/25;0100 UTC;0;899,6;899,6;899,2;;19,5;18,1;19,6;19,4;18,1;17,7;91;89;91;73;2,3;,2;
2026/03/25;0200 UTC;0;899,8;899,8;899,6;;19,4;18,1;19,5;19,2;18,1;17,8;92;91;92;28;1,6;,8;
2026/03/25;0300 UTC;0;899,9;900;899,7;;19,4;18,1;19,7;19,4;18,4;18,1;92;92;92;19;1,9;,5;
2026/03/25;0400 UTC;0;899,7;899,9;899,6;;18,8;17,7;19,4;18,8;18,2;17,7;93;92;93;96;1,9;,4;
2026/03/25;0500 UTC;0;899;899,8;899;;18,7;17,7;18,9;18,7;17,9;17,7;94;93;94;172;1,4;,5;
2026/03/25;0600 UTC;0;899;899,1;898,7;;18,4;17,5;19;18,4;18,1;17,5;95;94;94;331;1,8;1,2;
2026/03/25;0700 UTC;0;899,1;899,1;898,7;;18,5;17,3;18,6;18,4;17,7;17,3;94;93;93;45;2,5;,8;
2026/03/25;0800 UTC;3,4;899,7;899,7;899,1;;18,3;17,5;18,5;18,3;17,5;17,3;95;93;95;7;3,8;1,7;
2026/03/25;0900 UTC;2,6;900,5;900,5;899,7;;18,1;17,3;18,4;18,1;17,6;17,3;95;95;95;275;3,5;1,1;
2026/03/25;1000 UTC;1,8;900,6;900,6;900,5;8,8;18,2;17,5;18,2;18,1;17,5;17,3;95;95;95;191;2,1;,5;
2026/03/25;1100 UTC;,6;901,6;901,6;900,6;227,1;18,8;18;18,8;18,2;18;17,5;95;95;95;44;2,9;1,4;
2026/03/25;1200 UTC;0;902,4;902,4;901,6;805;20;18,7;20;18,7;18,7;18;95;92;92;15;4,5;1,9;
2026/03/25;1300 UTC;,2;902,8;902,8;902,4;1079,6;20,9;18,1;21,2;20;19,2;17,8;92;82;84;10;6,9;3,2;
2026/03/25;1400 UTC;0;902,8;902,8;902,7;902,1;21;18,2;21,2;20,8;18,7;18;86;84;84;24;9;4,1;
2026/03/25;1500 UTC;0;902,2;902,8;902,2;1109,2;21,9;18,1;22;20,6;18,6;17,5;85;79;79;31;9;2,7;
2026/03/25;1600 UTC;0;901,1;902,2;901,1;2572,1;22,1;17,1;22,9;21,6;18,3;16,8;79;71;73;10;7,5;2,8;
2026/03/25;1700 UTC;0;900,2;901,1;900,1;2249;23,7;16,9;24,3;21,9;17,9;16,3;75;63;66;27;6,6;2,7;
2026/03/25;1800 UTC;0;899,7;900,2;899,7;2441,3;23,6;17,5;24,4;23;17,8;16,2;69;62;69;37;6,8;4;
2026/03/25;1900 UTC;0;899,7;899,8;899,7;2122,8;23,1;16,5;24,1;22,6;17,9;16;71;64;66;22;6,8;2,7;
2026/03/25;2000 UTC;0;899,7;899,8;899,7;1348,3;22,8;16,7;23,5;22,4;17,4;16,1;72;64;69;24;6;2,9;
2026/03/25;2100 UTC;0;899,8;899,8;899,5;261;20,8;15,8;22,8;20,8;16,8;15,8;74;69;73;36;5,7;2,7;
2026/03/25;2200 UTC;0;900;900,1;899,8;1,2;18,5;16,1;20,8;18,5;16,2;15,8;86;73;86;44;5,2;1,2;
2026/03/25;2300 UTC;0;900,7;900,7;900;;17,2;15,8;18,5;17,2;16;15,6;91;86;91;37;2,9;1,7;
2026/03/26;0000 UTC;0;901,1;901,1;900,7;;17;15,6;17,2;16,9;15,8;15,5;92;91;91;35;3,8;1,2;
2026/03/26;0100 UTC;0;901,6;901,6;901,1;;16,4;15;17;16,3;15,6;15;93;91;91;53;2,6;1,6;
2026/03/26;0200 UTC;0;901,5;901,7;901,5;;16,6;15,3;16,7;16,4;15,4;15;92;91;92;55;2,8;1,4;
2026/03/26;0300 UTC;0;901,4;901,5;901,3;;16;15;16,9;16;15,7;14,9;93;92;93;83;2,8;,6;
2026/03/26;0400 UTC;0;901;901,4;901;;16;15;16,9;15,5;16,1;14,5;95;93;94;89;2,2;,9;
2026/03/26;0500 UTC;0;900,9;901;900,9;;16,5;15,7;16,5;15,6;15,7;14,7;95;94;95;142;2,1;,8;
2026/03/26;0600 UTC;0;900,7;900,9;900,5;;17,7;16,8;17,8;16,5;17;15,8;95;95;95;346;4,3;,6;
2026/03/26;0700 UTC;0;900,5;900,7;900,5;;18,4;17,5;18,5;17,7;17,6;16,8;95;94;94;94;5,1;1,8;
2026/03/26;0800 UTC;0;900,5;900,6;900,4;;18,3;17,3;18,5;18,3;17,5;17,3;94;94;94;87;4,1;1,7;
2026/03/26;0900 UTC;0;901;901;900,5;;18,3;17,2;18,3;18;17,3;17;94;93;94;76;4,1;,9;
2026/03/26;1000 UTC;0;901,6;901,6;900,9;46,1;18,5;17,4;18,5;18,2;17,5;17,1;94;93;94;54;2,8;,5;
2026/03/26;1100 UTC;0;902;902;901,6;388,9;20,1;18,1;20,1;18,5;18,3;17,4;94;89;89;82;2,7;1,2;
2026/03/26;1200 UTC;0;902,5;902,6;902;1250,9;21,9;17,8;22,2;20,1;18,3;17,3;89;75;78;61;5,4;2,3;
2026/03/26;1300 UTC;0;902,4;902,5;902,4;1880,1;23,2;17,5;23,9;21,6;18,4;17,2;78;68;70;55;7,1;3;
2026/03/26;1400 UTC;0;902,2;902,5;902,2;2022,2;24,2;18,2;24,2;22,8;18,2;16,9;72;66;69;64;6,9;2,5;
2026/03/26;1500 UTC;0;901,6;902,2;901,6;2244,5;25,2;17,8;25,7;24,1;18,2;16,7;69;59;64;29;7,7;2,3;
2026/03/26;1600 UTC;0;900,5;901,6;900,5;2825,1;26,2;17,7;27;24,8;17,9;16,3;64;54;60;30;6,6;2,9;
2026/03/26;1700 UTC;0;899,7;900,5;899,7;2896,5;26,5;18,9;27,2;25,5;19,5;16,2;66;53;63;90;6,7;2,6;
2026/03/26;1800 UTC;5,2;899,4;899,9;899,4;1702;22,6;20,1;26,5;19,6;20,6;17,2;93;59;86;103;10;2,7;
2026/03/26;1900 UTC;0;899;899,4;899;2770,7;25,1;18,8;25,4;22,7;20,1;17,8;86;64;68;78;8;2,3;
2026/03/26;2000 UTC;0;899,2;899,2;898,8;824,5;24;18,3;25,2;23,3;18,7;17,7;73;66;71;102;6,4;2,7;
2026/03/26;2100 UTC;0;899,7;899,7;899,2;133,9;22,6;18,1;24;22,6;18,8;17,8;78;71;76;63;5,2;1;
2026/03/26;2200 UTC;0;899,9;899,9;899,7;1,5;21;18,5;22,5;21;18,7;18,2;86;76;86;26;4,7;,6;
2026/03/26;2300 UTC;0;901;901;899,9;;20,7;18,4;21,1;20,7;18,8;18,3;88;85;87;62;3,4;,6;
2026/03/27;0000 UTC;0;901,4;901,6;901;;20,1;18,5;20,7;20,1;18,6;18,3;90;87;90;141;2,9;1,6;
2026/03/27;0100 UTC;0;901,7;901,7;901,4;;19,9;18,6;20,3;19,9;18,6;18,4;92;90;92;123;3,9;1,3;
2026/03/27;0200 UTC;0;901,5;901,7;901,5;;19,7;18,4;20;19,7;18,6;18,4;92;92;92;95;2,4;,8;
2026/03/27;0300 UTC;0;901,2;901,6;901,2;;19,8;18,6;19,8;19,6;18,6;18,3;93;92;93;98;4,3;1,8;
2026/03/27;0400 UTC;0;900,9;901,2;900,9;;20,2;19;20,3;19,8;19,1;18,6;93;93;93;94;6,7;2,2;
2026/03/27;0500 UTC;0;900,8;900,9;900,8;;20,3;18,9;20,3;20,2;19;18,9;93;92;92;90;5,2;1,9;
2026/03/27;0600 UTC;0;900,4;900,8;900,3;;20;18,6;20,3;20;18,9;18,6;92;91;92;87;6,3;2,2;
2026/03/27;0700 UTC;0;900,6;900,6;900,3;;19,5;18,2;20;19,5;18,6;18,2;92;92;92;43;5;,5;
2026/03/27;0800 UTC;0;900,7;900,7;900,5;;19,2;18,1;19,5;19,2;18,3;18,1;93;92;93;81;4,4;1,7;
2026/03/27;0900 UTC;0;900,9;900,9;900,6;;19,1;17,9;19,2;19,1;18,2;17,9;94;93;93;86;6,8;2,6;
2026/03/27;1000 UTC;0;901,6;901,6;900,9;70,8;19,4;17,9;19,4;19;17,9;17,7;93;91;91;88;6,8;3,1;
2026/03/27;1100 UTC;0;902,4;902,4;901,6;431,1;20,4;18;20,4;19,4;18,3;17,9;91;86;87;79;8;3,4;
2026/03/27;1200 UTC;0;902,9;902,9;902,4;1188;22,8;18,7;22,8;20,4;18,8;18,1;87;78;78;91;8,7;3,7;
2026/03/27;1300 UTC;0;903,2;903,2;902,9;1825,3;24;18,5;24;22,1;19,2;17,9;79;70;71;78;8,7;3,9;
2026/03/27;1400 UTC;0;902,9;903,3;902,9;2180,9;24,6;18,3;24,6;22,8;18,7;17,4;74;68;68;90;8,5;3,3;
2026/03/27;1500 UTC;0;902,4;902,9;902,4;3007,5;25,4;17,9;26,2;24,6;18,6;17,3;68;59;63;93;8,8;3,3;
2026/03/27;1600 UTC;0;901;902,4;901;3776,9;27;17,4;27,4;25,4;18,8;16,8;64;55;56;85;9,5;3,2;
2026/03/27;1700 UTC;0;900,2;901;900,2;3525,6;27,3;16,9;27,8;26,6;18,4;16,2;60;51;53;79;8,5;3,9;
2026/03/27;1800 UTC;0;899,8;900,3;899,8;2500,5;27,2;17,5;27,7;26,2;17,5;16;56;50;55;110;8,2;3,6;
2026/03/27;1900 UTC;0;899,7;899,9;899,7;2142,5;27,2;16;27,5;25,8;17,2;15,1;55;47;50;105;8,5;3,1;
2026/03/27;2000 UTC;0;899,5;899,7;899,4;1416;26,2;15,4;27,3;26,1;16,5;15;53;49;51;87;7,6;3,5;
2026/03/27;2100 UTC;0;899,5;899,5;899,4;270,6;24;16,3;26,2;24;16,3;15,1;62;51;62;95;7,9;3;
2026/03/27;2200 UTC;0;900,1;900,1;899,5;1,9;21,6;17;24;21,6;17,1;16;75;61;75;104;5,9;2,5;
2026/03/27;2300 UTC;0;900,5;900,5;900,1;;21;17,1;21,6;20,9;17,2;17;79;75;78;103;6;2,9;
2026/03/28;0000 UTC;0;901;901;900,5;;20,4;16,9;21,1;20,4;17,1;16,9;80;78;80;98;6,6;3,3;
2026/03/28;0100 UTC;0;901,1;901,2;901;;20;16,7;20,4;20;16,9;16,7;81;80;81;98;6,9;3,4;
2026/03/28;0200 UTC;0;901,6;901,6;901,1;;19,4;16,4;20,1;19,4;16,7;16,4;83;81;82;89;7,2;2,9;
2026/03/28;0300 UTC;0;901,6;901,7;901,6;;18,3;16;19,4;18,3;16,3;16;86;82;86;91;6,8;1,9;
2026/03/28;0400 UTC;0;901,2;901,6;901,2;;18,2;15,9;18,5;18,2;16,1;15,9;87;85;86;88;4,6;2,3;
2026/03/28;0500 UTC;0;900,8;901,2;900,8;;17,8;15,8;18,2;17,7;15,9;15,7;88;86;88;91;4,4;1,7;
2026/03/28;0600 UTC;0;900,6;900,8;900,6;;17;15;18,2;17;15,8;15;88;86;88;81;3,5;,6;
2026/03/28;0700 UTC;0;900,2;900,6;900,1;;17,2;16;17,2;16,4;16;14,9;93;88;93;114;4,5;1,5;
2026/03/28;0800 UTC;0;900,5;900,5;900,2;;17,7;16;17,7;17;16,1;15,6;93;89;90;119;4,6;1,8;
2026/03/28;0900 UTC;0;901,1;901,1;900,5;;17,7;16;18;17,7;16,1;15,9;90;89;89;110;5,6;2,5;
2026/03/28;1000 UTC;0;901,9;901,9;901,1;121,2;18,5;16,3;18,5;17,6;16,4;15,9;91;87;87;99;6,2;2,6;
2026/03/28;1100 UTC;0;902,4;902,4;901,8;937,4;21;16,8;21;18,5;17;16,4;88;77;77;94;9,8;4,2;
2026/03/28;1200 UTC;0;903,1;903,1;902,4;1794,5;22,6;17,3;22,6;21;17,5;16,8;78;72;72;95;9,8;4;
2026/03/28;1300 UTC;0;903,4;903,4;903,1;2548;23,9;17,2;24,3;22,6;18,2;16,8;73;64;66;101;9,4;4,1;
2026/03/28;1400 UTC;0;903,3;903,5;903,3;2834,6;25,2;16,9;25,8;23,6;17,7;16,5;66;59;60;103;9,7;3,6;
2026/03/28;1500 UTC;0;902,6;903,4;902,6;2611,5;26,1;17,7;26,6;24,9;18,1;16,4;63;57;60;81;7,7;3,5;
2026/03/28;1600 UTC;0;902,2;902,7;902,2;3088,3;26,7;16,8;27,4;25,6;18,1;16,5;60;54;55;90;8,1;3,8;
2026/03/28;1700 UTC;0;901,5;902,2;901,5;2670,3;26,4;17;27,5;25,3;17,8;15,9;59;52;56;81;8,1;3,5;
2026/03/28;1800 UTC;0;900,8;901,5;900,8;2038,5;26,7;16,2;27,8;25,2;17,9;15,5;61;48;52;95;7,4;3,3;
2026/03/28;1900 UTC;0;900,6;900,8;900,6;2289,7;27;15,8;27,4;26,6;16,8;14,9;54;48;50;77;7,5;3;
2026/03/28;2000 UTC;0;900,6;900,7;900,5;1406;26,4;15,1;27,6;26,4;16,5;15;54;47;50;97;6,9;3,1;
2026/03/28;2100 UTC;0;900,8;900,8;900,5;260,5;24;16;26,4;24;16,3;15;62;50;61;115;6,7;2,6;
2026/03/28;2200 UTC;0;901,1;901,1;900,8;1,7;21,5;16,5;24;21,5;16,5;15,8;73;61;73;122;5,6;2;
2026/03/28;2300 UTC;0;901,3;901,3;901,1;;20,1;16,9;21,5;20;17,2;16,4;83;73;82;126;4,1;1,7;
2026/03/29;0000 UTC;0;901,7;901,8;901,3;;18,6;16,3;20,1;18,6;16,9;16,3;86;81;86;244;3,7;,7;
2026/03/29;0100 UTC;0;902;902;901,7;;18,6;16,9;18,6;18,1;16,9;16,2;90;87;90;207;2,5;1,3;
2026/03/29;0200 UTC;0;902;902,1;902;;19,9;17;20;18,3;17,3;16,5;90;83;83;97;5,8;2,8;
2026/03/29;0300 UTC;0;901,8;902;901,8;;20;17;20,1;19,8;17,2;17;84;83;83;106;7,2;3,1;
2026/03/29;0400 UTC;0;901,9;901,9;901,8;;19,4;16,9;20;19,4;17;16,9;86;83;86;116;7;1,2;
2026/03/29;0500 UTC;0;901,5;901,9;901,5;;19,7;17,3;19,7;18,4;17,5;16,4;90;86;86;103;5,5;2,2;
2026/03/29;0600 UTC;0;901,3;901,5;901,2;;20;17,2;20;19,3;17,3;17;87;84;84;113;6,8;3,5;
2026/03/29;0700 UTC;0;901,5;901,5;901,3;;18,4;16,8;20;18,4;17,2;16,8;90;84;90;135;7;1,6;
2026/03/29;0800 UTC;0;901,7;901,7;901,4;;18,4;17;18,5;18,1;17;16,7;92;90;92;130;4,9;1,9;
2026/03/29;0900 UTC;0;902,3;902,3;901,7;;17,6;16,2;18,4;17,6;17;16,2;92;90;91;168;4,9;,3;
2026/03/29;1000 UTC;0;902,8;902,8;902,3;46,6;17,6;16,4;17,9;17,4;16,6;16,1;93;91;93;284;3,6;1,2;
2026/03/29;1100 UTC;0;903;903;902,8;784;21,1;17;21,1;17,6;17,6;16,4;93;76;77;99;8;3,7;
2026/03/29;1200 UTC;0;903,2;903,2;903;1852,2;23,1;16;23,3;21,1;16,9;15,9;77;64;64;95;9,5;2,6;
2026/03/29;1300 UTC;0;903,5;903,5;903,2;2653,1;24;16,5;24;22,9;16,6;15,6;66;61;63;94;8,5;2,9;
2026/03/29;1400 UTC;0;903,2;903,6;903,2;3102,2;25,9;15,8;25,9;23,6;17,1;14,8;65;52;54;88;7,6;3,5;
2026/03/29;1500 UTC;0;902,4;903,2;902,4;3575,3;26,5;16,3;27;25,7;16,9;15;56;51;53;79;7,6;3,3;
2026/03/29;1600 UTC;0;901,6;902,4;901,5;3694,8;28,1;16,7;28,2;26,4;17,3;15,8;55;49;50;90;7,8;2,7;
2026/03/29;1700 UTC;0;900,5;901,6;900,5;3274;28,2;15,5;28,7;26,2;17;14,5;55;43;46;75;6,6;2,6;
2026/03/29;1800 UTC;0;899,9;900,5;899,9;1954,3;26,6;15,1;28,5;26,5;16,7;14,5;52;45;49;94;6,2;3,4;
2026/03/29;1900 UTC;0;899,6;899,9;899,5;1291,3;25,6;15,8;28,6;25,6;16,3;14,6;55;45;55;106;6,4;2,6;
2026/03/29;2000 UTC;0;899,7;899,7;899,5;1054,9;25,1;15,6;27,9;25;16,5;15,1;57;47;55;98;8,3;2,9;
2026/03/29;2100 UTC;0;900;900;899,7;262,2;23,6;16,9;25,6;23,6;17,1;14,1;66;50;66;96;6,2;1,5;
2026/03/29;2200 UTC;0;900,4;900,4;900;,4;21,4;16,4;23,6;21,4;17,1;16,4;74;66;74;107;3,5;1,7;
2026/03/29;2300 UTC;0;901;901;900,4;;20,4;16,7;21,8;20,4;17,1;16,4;79;73;79;95;7,1;1,1;
2026/03/30;0000 UTC;0;901,1;901,1;900,9;;20,8;16,3;20,8;20,2;16,8;16,3;80;75;75;119;6,1;3,2;
2026/03/30;0100 UTC;0;901,3;901,4;901,1;;20,4;16,2;21;20,4;16,4;15,9;77;73;77;104;6,7;2,9;
2026/03/30;0200 UTC;0;901,7;901,7;901,4;;19,7;16,2;20,4;19,6;16,3;16,1;80;77;80;112;6,2;1,6;
2026/03/30;0300 UTC;0;901,6;901,7;901,6;;17,7;15,7;19,8;17,7;16,2;15,5;88;80;88;248;4,6;1;
2026/03/30;0400 UTC;0;901,3;901,6;901,3;;17;15,6;18,1;16,8;16,2;15,2;91;88;91;268;2,8;1,4;
2026/03/30;0500 UTC;0;901,2;901,3;901,2;;16,2;14,9;17,2;16,2;15,8;14,9;92;91;92;214;2,8;,8;
2026/03/30;0600 UTC;0;900,8;901,2;900,8;;15,7;14,7;16,3;15,7;15,2;14,7;94;92;94;188;2,1;,5;
2026/03/30;0700 UTC;0;900,4;900,8;900,4;;15,3;14,1;16,4;15,3;15,5;14,1;94;92;93;93;3,6;1,3;
2026/03/30;0800 UTC;0;900,4;900,4;900,3;;15;13,8;16,9;14,8;16;13,4;95;91;93;114;4;1;
2026/03/30;0900 UTC;0;900,7;900,7;900,3;;15,4;14,5;15,4;14,8;14,5;13,8;95;93;95;123;2,8;2;
2026/03/30;1000 UTC;0;900,9;900,9;900,7;119,4;17,4;16,3;17,4;15,4;16,3;14,5;95;93;93;174;2,6;1,3;
2026/03/30;1100 UTC;0;901,3;901,3;900,9;909,8;21,8;16,6;21,8;17,5;17;16,2;93;71;73;153;2,5;,7;
2026/03/30;1200 UTC;0;901,8;901,8;901,3;1823,2;24,6;16,3;24,6;21,7;17,2;16;73;60;60;102;6,3;2,6;
2026/03/30;1300 UTC;0;901,6;901,8;901,6;2589,9;25,4;16,5;25,5;24,3;16,9;15,7;62;56;58;108;7,1;3;
2026/03/30;1400 UTC;0;901,3;901,7;901,3;3072;26,2;15,5;26,6;24,7;17;15;59;51;52;99;6,5;2,4;
2026/03/30;1500 UTC;0;900,6;901,3;900,6;2945,8;26,2;15,2;27,7;25,2;17,3;14,8;60;48;51;117;5,8;2,2;
2026/03/30;1600 UTC;0;899,8;900,6;899,8;1476,1;25,8;15,5;27,1;25,7;16,5;14,3;55;47;53;58;4,4;1,5;
2026/03/30;1700 UTC;0;898,8;899,8;898,8;2488,6;28,2;15,4;28,4;25,8;16,7;14,1;55;44;46;52;4,1;2,5;
2026/03/30;1800 UTC;0;898,2;898,8;898,2;2638;28,7;15,6;29,1;26,7;15,9;13,7;49;42;45;93;4,8;,8;
2026/03/30;1900 UTC;0;897,4;898,2;897,4;1942,8;26,5;15,1;29,5;26,5;16,7;13,7;49;40;49;88;4,3;1,8;
2026/03/30;2000 UTC;0;897,2;897,4;897,1;565,1;24,9;16,5;27,4;24,8;17,3;14,3;63;45;59;99;4,2;1,2;
2026/03/30;2100 UTC;0;897,5;897,5;897,2;73,4;23,2;17,3;24,9;22,9;18,3;15,9;72;58;70;45;2,4;1;
2026/03/30;2200 UTC;0;897,8;897,8;897,4;3,5;20,7;17,3;23,2;20,7;17,8;16,6;81;67;81;129;1,9;,7;
2026/03/30;2300 UTC;0;898;898;897,8;;20,1;16,4;20,8;19,7;17,6;16,3;83;78;79;30;2,3;1,4;
2026/03/31;0000 UTC;0;898,7;898,7;898;;19,3;16,3;21,1;19,3;16,5;16,1;83;74;83;60;4,3;1;
2026/03/31;0100 UTC;0;899,4;899,4;898,7;;18,1;16,2;19,3;18,1;16,8;16;89;83;89;105;2,1;,6;
2026/03/31;0200 UTC;0;899,7;899,7;899,4;;18,3;16,7;18,5;18,1;16,9;16,2;91;89;90;141;1,6;,7;
2026/03/31;0300 UTC;0;899,3;899,8;899,3;;18;16,3;18,4;18;16,8;16,3;91;90;90;104;2;,6;
2026/03/31;0400 UTC;0;899,1;899,3;899,1;;17,2;16;17,9;17,1;16,3;15,9;93;90;93;330;1,7;,9;
2026/03/31;0500 UTC;0;898,5;899,1;898,5;;17,2;16,1;17,2;17;16,1;15,9;93;93;93;294;2,1;,6;
2026/03/31;0600 UTC;0;898,2;898,6;898,2;;16,7;15,5;17,2;16,5;16;15,3;93;92;93;50;1,8;,9;
2026/03/31;0700 UTC;0;898,1;898,2;898;;16,7;15,6;16,7;16,5;15,7;15,4;94;93;94;211;2;,5;
2026/03/31;0800 UTC;0;898,1;898,1;898;;16,3;15,3;16,7;16,3;15,7;15,3;94;93;94;35;1,3;,2;
2026/03/31;0900 UTC;0;898,2;898,2;898,1;;15,6;14,6;16,3;15,6;15,3;14,6;94;93;94;30;2,2;,8;
2026/03/31;1000 UTC;0;898,5;898,6;898,1;117,6;17;15,7;17;15,3;16;14,4;95;92;92;99;1,2;,5;
2026/03/31;1100 UTC;0;899,2;899,2;898,6;928,1;22,9;16,4;23;17;17,7;15,7;92;67;67;63;1,7;,6;
2026/03/31;1200 UTC;0;899,8;899,8;899,2;1784,5;23,8;17;23,9;22,6;17,3;15,8;69;64;66;20;5,9;2,4;
2026/03/31;1300 UTC;0;900;900,1;899,8;2317,1;25,1;17,7;25,7;23,5;18,2;16,6;67;60;63;350;7,3;2,3;
2026/03/31;1400 UTC;0;899,7;900;899,7;3171,6;26,4;15,9;26,9;25,2;17,9;15,9;64;52;53;17;6,4;2,2;
2026/03/31;1500 UTC;1,6;899,3;899,7;899,3;983,1;21,2;18,9;27,2;21,2;18,9;16;87;52;87;342;6,4;2,5;
2026/03/31;1600 UTC;1;898,2;899,3;898,2;2288;24,7;18,7;25,4;21,1;20;17,8;87;65;69;354;7,3;2,8;
2026/03/31;1700 UTC;0;897,3;898,2;897,3;2863,8;26,3;17,6;27,1;24,7;19;16,4;71;54;59;319;7,8;2,6;
2026/03/31;1800 UTC;0;896,5;897,3;896,5;2691,8;27,6;17,6;27,7;26,2;17,8;15,2;59;46;54;335;5,6;2,3;
2026/03/31;1900 UTC;0;896;896,5;895,9;2354,6;27;16,1;28,1;26,6;17,8;15,4;55;49;51;358;6,7;2,9;
2026/03/31;2000 UTC;0;896;896,1;895,8;928;25;16,8;27,3;24,9;17,5;15,8;61;50;61;20;6,7;1,7;
2026/03/31;2100 UTC;0;896,1;896,3;896;152,5;23;18,1;25;23;18,3;16,8;75;60;74;22;4,3;1;
2026/03/31;2200 UTC;0;897,3;897,3;896,1;;20,8;17,9;23;20,8;18,5;17,3;84;73;84;211;2,5;,5;
2026/03/31;2300 UTC;0;898;898;897,3;;20,5;18,1;21,1;20,5;18,4;17,8;87;83;86;62;1,9;,8;
2026/04/01;0000 UTC;0;898,8;898,8;898;;19,2;17,1;20,5;19,2;17,8;17,1;88;84;87;58;1,5;,7;
2026/04/01;0100 UTC;0;899,5;899,6;898,8;;19,8;17,9;19,9;19,2;18;17;89;86;89;321;5,6;1,5;
2026/04/01;0200 UTC;0;899,5;899,6;899,3;;19,2;17,5;19,8;19,2;17,9;17,5;91;88;90;48;2,8;1;
2026/04/01;0300 UTC;0;899,1;899,5;899,1;;18,9;17,1;19,2;18,9;17,5;17,1;91;90;90;48;2,5;,9;
2026/04/01;0400 UTC;0;898,7;899,1;898,7;;18,1;16,8;18,9;18,1;17,3;16,8;92;90;92;61;2;1,2;
2026/04/01;0500 UTC;0;898,6;898,8;898,6;;17,3;16,2;18,1;17,3;16,9;16,2;93;92;93;92;2,1;,8;
2026/04/01;0600 UTC;0;898,3;898,7;898,3;;16,8;15,8;17,3;16,8;16,2;15,8;94;93;94;136;1,5;,6;
2026/04/01;0700 UTC;0;898,1;898,3;898,1;;16,9;16;16,9;16,4;16;15,5;95;94;95;175;3,8;1,3;
2026/04/01;0800 UTC;0;898,5;898,5;898,1;;18;17,1;18;16,9;17,2;16,1;95;95;95;110;3,8;,6;
2026/04/01;0900 UTC;0;898,8;898,8;898,5;;17,5;16,7;18;17,5;17,2;16,7;95;95;95;68;1,5;,9;
2026/04/01;1000 UTC;0;899,5;899,5;898,8;55;18;17,2;18,1;17,4;17,2;16,6;95;95;95;103;1,5;,5;
2026/04/01;1100 UTC;0;900,1;900,1;899,5;306,6;20,3;19;20,3;17,9;19;17,1;95;92;92;139;1,8;,6;
2026/04/01;1200 UTC;0;900,5;900,5;900,2;802,9;22,9;19,1;22,9;20,3;19,2;18;92;79;79;169;4,2;2,1;
2026/04/01;1300 UTC;0;901;901;900,5;1013,7;22,5;18,3;24,6;22,4;19,8;17,9;79;69;77;68;4,2;1,9;
2026/04/01;1400 UTC;1,6;900,4;901,1;900,4;954,6;22,9;20,7;22,9;21,1;20,8;18,3;92;77;87;91;4,8;2,3;
2026/04/01;1500 UTC;0;900,2;900,4;900;1947;22,2;19,2;25,2;22,2;20,6;18,8;87;71;83;27;5,6;1,8;
2026/04/01;1600 UTC;5;899,6;900,3;899,6;439,6;21,4;20,2;22,1;20,4;20,4;18;93;83;93;293;6,3;1,2;
2026/04/01;1700 UTC;,8;898,9;899,7;898,9;1013,3;22,4;20,4;22,4;21,2;20,4;19,7;93;88;88;206;4,1;1,4;
2026/04/01;1800 UTC;,2;898,7;898,9;898,5;943,1;21,6;18,8;23;21,6;20,9;18,8;89;82;84;138;5,3;2,6;
2026/04/01;1900 UTC;,2;897,9;898,7;897,9;1980,4;22,8;18,8;23,6;21,3;20,2;18,5;89;76;78;103;6,3;2,1;
2026/04/01;2000 UTC;0;898;898;897,9;750,7;21,8;19,3;22,8;21,7;19,3;18,3;86;77;85;95;5,1;1,1;
2026/04/01;2100 UTC;0;898,1;898,1;897,9;140,8;21;18,9;22;21;19,4;18,7;88;83;88;171;2,7;,8;
2026/04/01;2200 UTC;0;898,6;898,6;898,1;;20,3;18,9;21;20,3;19,2;18,8;92;88;92;135;2,2;1,3;
2026/04/01;2300 UTC;0;899,4;899,4;898,6;;19,9;18,1;20,3;19,7;18,9;18,1;92;89;89;31;2,5;1,1;
2026/04/02;0000 UTC;0;900,1;900,1;899,4;;19,6;18,1;19,9;19,6;18,2;18,1;92;89;91;50;3,5;1,8;
2026/04/02;0100 UTC;0;900,7;900,9;900,1;;19,1;17,8;19,7;19,1;18,1;17,7;92;90;92;205;3,9;,6;
2026/04/02;0200 UTC;0;901,1;901,1;900,7;;18,9;17,8;19,2;18,5;17,9;17,3;93;92;93;59;2,4;1;
2026/04/02;0300 UTC;0;901;901,2;901;;19;17,8;19,1;18,5;18,1;17,3;94;92;93;41;4,1;1,1;
2026/04/02;0400 UTC;0;900,2;901;900,2;;18,4;17,4;19;18,4;17,8;17,4;94;93;94;99;2,8;,8;
2026/04/02;0500 UTC;0;900;900,2;899,7;;18,1;17,2;18,7;18,1;17,7;17,2;94;94;94;235;2,3;,6;
2026/04/02;0600 UTC;0;899,1;900;899,1;;17,4;16,6;18,1;17,4;17,2;16,5;95;94;95;165;2,5;1,2;
2026/04/02;0700 UTC;0;898,9;899,1;898,8;;17,5;16,7;17,7;17,4;16,9;16,6;95;95;95;155;2,5;,8;
2026/04/02;0800 UTC;0;899,1;899,1;898,9;;16,9;16,2;17,5;16,9;16,7;16,2;96;95;96;155;1,6;,3;
2026/04/02;0900 UTC;0;899,3;899,3;899,1;;18,2;17,5;18,2;16,9;17,5;16,2;96;96;96;71;2,7;1,1;
2026/04/02;1000 UTC;0;900,1;900,1;899,3;78,8;18,6;17,9;18,6;17,9;17,9;17,2;96;95;96;90;2,7;,9;
2026/04/02;1100 UTC;0;901;901;900,1;734,4;21,1;18,9;21,1;18,6;19,3;17,9;96;86;87;95;2,6;1,3;
2026/04/02;1200 UTC;0;901,8;901,8;901;1460,6;22,1;17,6;22,9;21,2;18,8;17,6;87;73;76;47;3,4;1,8;
2026/04/02;1300 UTC;0;902,3;902,3;901,8;1316,9;23,5;18,4;23,7;22,1;18,9;17,8;79;72;73;39;4,5;2,1;
2026/04/02;1400 UTC;0;902,3;902,5;902,3;1749,8;24,8;18,6;24,8;23;19,2;18,1;75;68;68;61;5,3;2,4;
2026/04/02;1500 UTC;0;901,9;902,3;901,9;1969;24,7;19;25,1;24,2;19,3;18;72;66;70;38;5,7;2,3;
2026/04/02;1600 UTC;0;900,8;901,9;900,8;3087,8;26,2;17,3;27,1;24,7;19,6;17,3;70;57;58;3;6,5;2,3;
2026/04/02;1700 UTC;0;899,8;900,8;899,8;2497,9;26,4;17,4;27,7;25,9;18,5;16,9;62;55;58;43;6;2;
2026/04/02;1800 UTC;0;899,2;899,8;899,2;915,1;24,2;19,2;26,7;24,2;19,7;17,2;74;57;74;88;6,6;3,1;
2026/04/02;1900 UTC;,4;899,2;899,2;899;628,4;22,9;18,9;24,3;22,9;20;18,6;83;74;78;88;6,8;2,5;
2026/04/02;2000 UTC;0;899,3;899,3;899;594,4;23;18,7;23,1;22,8;19;18,3;79;76;77;89;6,8;3,1;
2026/04/02;2100 UTC;0;900;900;899,3;217,5;21,8;18,4;23;21,8;19;18,3;81;77;81;53;6,1;1,5;
2026/04/02;2200 UTC;0;900,6;900,6;900;;21,2;18,7;21,8;21,1;18,7;18,3;86;81;86;87;4,3;1,6;
2026/04/02;2300 UTC;0;901;901;900,5;;21,1;18,9;21,2;21;18,9;18,7;87;86;87;76;4,2;,9;
2026/04/03;0000 UTC;0;902,3;902,3;901;;20,8;18,9;21,2;20,8;19;18,8;89;87;89;271;2,3;1,2;
2026/04/03;0100 UTC;0;902,8;902,8;902,3;;20,4;18,9;20,9;20,4;19;18,9;91;89;91;297;1,9;,4;
2026/04/03;0200 UTC;2;903,2;903,2;902,8;;20,2;19;20,4;20,2;19,1;18,8;93;91;93;352;1,4;,8;
2026/04/03;0300 UTC;3,6;902,9;903,2;902,9;;19,8;18,9;20,2;19,8;19;18,9;94;93;94;33;2,8;1,2;
2026/04/03;0400 UTC;,4;902,4;902,9;902,4;;19,7;18,8;19,9;19,6;19;18,8;95;94;95;14;2,4;1;
2026/04/03;0500 UTC;1;902;902,4;902;;19,3;18,4;19,7;19,3;18,8;18,4;95;95;95;26;3;,7;
2026/04/03;0600 UTC;0;901,4;902;901,4;;18,9;18,1;19,3;18,9;18,4;18,1;95;95;95;163;1,8;,8;
2026/04/03;0700 UTC;,2;900,9;901,4;900,9;;18,8;18;19;18,8;18,1;18;95;95;95;131;1,5;,6;
2026/04/03;0800 UTC;0;900,6;900,9;900,6;;18,7;17,9;18,8;18,7;18;17,9;95;95;95;180;2,7;1,5;
2026/04/03;0900 UTC;0;900,6;900,7;900,6;;18,4;17,7;18,7;18,4;17,9;17,7;95;95;95;182;3,3;1,3;
2026/04/03;1000 UTC;0;901,5;901,5;900,6;69,7;19,1;18,4;19,1;18,3;18,4;17,6;96;95;96;194;2,5;,8;
2026/04/03;1100 UTC;0;902,6;902,6;901,5;561,7;20,8;19,8;20,8;19,1;20;18,4;96;94;94;161;2,5;1,2;
2026/04/03;1200 UTC;0;903,4;903,4;902,6;643;21,9;19,4;21,9;20,8;20,1;19,4;94;86;86;92;3,3;1,6;
2026/04/03;1300 UTC;0;903,7;903,8;903,4;934,2;22,2;19;22,6;21,9;19,6;18,6;86;80;82;84;4,3;2,2;
2026/04/03;1400 UTC;0;903,9;904;903,7;968,7;22,9;19,1;23,3;22,2;19,5;18,8;83;77;79;92;4,6;1,6;
2026/04/03;1500 UTC;0;903,3;903,9;903,3;1422,4;24,2;19;24,3;22,9;19,8;18,5;81;71;73;82;5,3;2,5;
2026/04/03;1600 UTC;0;902,3;903,3;902,3;2005,5;24,3;18,6;25,2;24,2;19,4;18;74;67;71;45;5,9;2,3;
2026/04/03;1700 UTC;0;901,5;902,3;901,5;1203,3;24,7;18,3;24,7;24;19,3;18,1;73;68;68;68;4,6;1,4;
2026/04/03;1800 UTC;0;901;901,5;901;1778,5;25,9;18,3;26,2;24,6;19,4;17,6;71;61;63;114;4,3;1,7;
2026/04/03;1900 UTC;0;900,6;901;900,5;1049,7;25,6;18,5;25,9;25;18,6;17,7;67;61;65;116;4,8;2,2;
2026/04/03;2000 UTC;0;900,4;900,6;900,4;720,2;24,7;18,8;26;24,6;19,3;18,2;71;63;70;123;4,6;2;
2026/04/03;2100 UTC;0;900,3;900,4;900,1;104,5;23,1;19,3;24,7;23,1;19,7;18,7;80;70;79;104;4;1;
2026/04/03;2200 UTC;0;900,5;900,6;900,3;,8;21,7;19,7;23,1;21,7;19,9;19,2;88;79;88;132;2,4;,9;
2026/04/03;2300 UTC;0;900,8;900,8;900,5;;21,6;19,5;21,7;21,4;19,8;19,5;90;88;88;144;3,9;2;
2026/04/04;0000 UTC;0;901,4;901,4;900,8;;21,1;19,5;21,6;21,1;19,6;19,3;91;88;90;127;4,3;1,9;
2026/04/04;0100 UTC;0;902;902,1;901,4;;20,8;19,6;21,1;20,8;19,6;19,4;93;90;93;146;3,6;1,7;
2026/04/04;0200 UTC;0;902,5;902,5;902;;20,7;19,6;20,9;20,5;19,7;19,4;94;93;94;157;3,8;1,7;
2026/04/04;0300 UTC;0;902,1;902,5;902,1;;20,5;19,4;20,7;20,4;19,6;19,3;94;93;94;140;5,3;2,2;
2026/04/04;0400 UTC;0;901,4;902,2;901,4;;20,5;19,3;20,7;20,5;19,5;19,3;94;92;92;121;5,4;2,8;
2026/04/04;0500 UTC;0;901,1;901,5;901,1;;20,1;18,9;20,6;20,1;19,2;18,8;93;92;93;129;5,2;1,7;
2026/04/04;0600 UTC;0;901,1;901,1;901;;20,1;18,9;20,2;20;19;18,8;93;93;93;122;4,8;2,2;
2026/04/04;0700 UTC;0;900,9;901,1;900,9;;19,2;18,1;20,2;19,2;18,9;18,1;93;92;93;130;5,2;1;
2026/04/04;0800 UTC;0;900,9;900,9;900,7;;19,4;18,4;19,4;19,2;18,4;18,1;94;93;94;120;4,1;1,6;
2026/04/04;0900 UTC;0;901,3;901,3;900,8;;19,4;18,2;19,5;19,4;18,5;18,2;94;93;93;110;4,5;1,7;
2026/04/04;1000 UTC;0;902,2;902,2;901,3;88,2;19,6;18,6;19,6;19,4;18,6;18,2;94;93;94;239;3,9;1,1;
2026/04/04;1100 UTC;0;902,6;902,6;902,2;1217;23;19,4;23;19,6;19,8;18,6;94;78;81;89;4,8;2;
2026/04/04;1200 UTC;0;903,1;903,1;902,6;1802,8;24,2;18,6;24,2;22,8;19,5;18,4;81;71;71;90;7,6;3,1;
2026/04/04;1300 UTC;0;903,4;903,4;903,1;2639,4;26,2;18,9;26,3;24;19,8;18,4;73;64;64;76;6,6;2,6;
2026/04/04;1400 UTC;0;903,3;903,4;903,3;2906,3;26,6;17,6;27;24,9;19,3;17,6;68;57;58;46;6,8;2,6;
2026/04/04;1500 UTC;0;902,6;903,3;902,6;2427,8;27,2;17,7;27,6;25,7;18,9;16,9;63;54;56;59;6,4;2,2;
2026/04/04;1600 UTC;0;901,9;902,6;901,9;3276;28,8;17,4;28,9;26,5;18,3;16,3;59;50;50;32;5,9;1,8;
2026/04/04;1700 UTC;0;901,1;901,9;901,1;1571,2;27,1;17;28,8;26,9;18,4;15,9;58;47;54;31;6,5;1,5;
2026/04/04;1800 UTC;0;900,3;901,1;900,3;2110,4;28,3;17,2;29,1;26,8;18,1;15,4;57;45;51;43;4,4;1,1;
2026/04/04;1900 UTC;0;899,5;900,3;899,5;1257,5;28;16,8;28,3;26,7;18;16,1;59;49;51;79;5,1;2,2;
2026/04/04;2000 UTC;0;899,1;899,5;899;875,8;26,9;16,5;28,6;25,9;17,9;16,3;61;48;53;78;4,7;1,6;
2026/04/04;2100 UTC;0;899,1;899,3;899,1;160;24,7;17,4;26,9;24,7;17,8;16,7;64;53;64;73;3,4;1,4;
2026/04/04;2200 UTC;0;899,5;899,5;899,1;;21,3;18,7;24,7;21,3;18,7;17,4;85;64;85;44;2,4;,6;
2026/04/04;2300 UTC;0;900;900;899,5;;20,1;17,7;21,3;20,1;18,7;17,7;87;83;86;75;2;,8;
2026/04/05;0000 UTC;0;900,8;900,8;900;;19,2;17,7;20,1;18,9;17,9;17,2;91;86;91;171;3,3;1,1;
2026/04/05;0100 UTC;0;901,2;901,3;900,8;;18,8;17,3;19,5;18,8;17,9;17,3;92;90;91;67;3,3;1;
2026/04/05;0200 UTC;0;901,4;901,4;901,2;;18,6;17;19,1;18,5;17,5;16,9;91;90;90;20;2;,8;
2026/04/05;0300 UTC;0;901,3;901,5;901,3;;18,8;16,4;20,2;18,6;17,7;16,4;91;82;86;68;2,6;1,3;
2026/04/05;0400 UTC;0;901,1;901,3;901,1;;19;16,9;19,7;18,8;17,1;16,5;88;85;88;28;3,1;1,4;
2026/04/05;0500 UTC;0;901;901,1;901;;17,8;16,5;19,2;17,8;17,2;16,5;92;88;92;15;2,1;,6;
2026/04/05;0600 UTC;0;900,8;901;900,7;;17,7;16,6;18,2;17,7;17,1;16,5;94;92;93;317;2,5;,6;
2026/04/05;0700 UTC;0;900,5;900,8;900,4;;17;15,9;18;16,9;17;15,8;94;92;93;25;2,2;1,1;
2026/04/05;0800 UTC;0;900,8;900,8;900,4;;16,7;15,7;17,1;16,7;16;15,7;94;93;94;82;2,2;,7;
2026/04/05;0900 UTC;0;901;901;900,7;;16;15,2;16,7;15,9;15,7;14,9;95;94;95;273;1,5;,3;
2026/04/05;1000 UTC;0;901,3;901,3;901;108,8;17,3;16,3;17,3;15,9;16,4;15;95;94;94;127;1,6;,5;
2026/04/05;1100 UTC;0;902,3;902,3;901,3;840,2;23,7;19;23,7;17,3;19,3;16,4;94;74;75;66;3,3;1,3;
2026/04/05;1200 UTC;0;902,6;902,6;902,3;1682,7;24,9;18,7;25,3;23,7;19,3;18,4;75;67;69;75;6,5;2,9;
2026/04/05;1300 UTC;0;902,7;902,7;902,5;2410,8;25,8;18,5;26;24,9;19,6;18,2;70;63;64;53;6,7;3;
2026/04/05;1400 UTC;0;902,2;902,7;902,2;2956,1;26,9;19,3;27,6;25,7;19,3;17,6;65;57;63;71;6,5;2,9;
2026/04/05;1500 UTC;0;901,9;902,2;901,9;2798;27,7;17,8;28,4;25,9;19,1;16,6;63;51;55;59;6,7;2,3;
2026/04/05;1600 UTC;0;901,4;901,9;901,4;1954,9;26,6;17,9;28,7;26,3;18,6;17,3;61;52;59;84;6,7;1,8;
2026/04/05;1700 UTC;0;900,5;901,4;900,5;1400,4;27,8;17,8;28,2;26,3;18,4;16,9;62;51;55;81;5,3;1,6;
2026/04/05;1800 UTC;0;899,4;900,5;899,4;2302,9;29,2;15,7;29,5;27,6;18,6;15,3;55;43;44;6;4,7;1,4;
2026/04/05;1900 UTC;0;898,7;899,5;898,7;1178,2;27,8;18,1;29,6;26,5;18,3;16;58;44;55;81;7;2,4;
2026/04/05;2000 UTC;0;898,4;898,7;898,4;1240,1;27,2;17,6;28,2;27,1;18,1;16,4;56;51;56;59;6,7;2,5;
2026/04/05;2100 UTC;0;898,6;898,7;898,3;230;25,3;17,5;27,2;25,3;17,8;17;62;55;62;57;5,3;1,7;
2026/04/05;2200 UTC;0;899,1;899,1;898,6;;22,4;18,9;25,3;22,4;18,9;17,5;81;62;81;103;3,3;1,2;
2026/04/05;2300 UTC;0;900,1;900,1;899,1;;20,6;18,4;22,4;20,5;19;18,4;88;80;88;37;1,8;1;
2026/04/06;0000 UTC;0;900,8;900,8;900,1;;20;18,3;20,7;19,9;18,5;18;90;87;90;108;2,2;1,1;
2026/04/06;0100 UTC;0;901,5;901,5;900,8;;19,4;17,9;20,2;19,4;18,4;17,7;91;88;91;236;2,7;1,2;
2026/04/06;0200 UTC;0;901,6;901,7;901,5;;19,2;17,9;19,5;19,1;18;17,7;92;91;92;100;1,9;1,3;
2026/04/06;0300 UTC;0;901,5;901,6;901,5;;19,7;17,8;20,2;19,1;18,5;17,8;93;88;89;101;3;1,1;
2026/04/06;0400 UTC;0;901;901,5;901;;20,7;18;20,7;19,1;18,2;17,4;91;85;85;87;5,1;2,2;
2026/04/06;0500 UTC;0;900,7;901;900,7;;20,7;17,9;20,8;20,6;18,1;17,9;85;84;84;79;5,1;2,3;
2026/04/06;0600 UTC;0;900,3;900,7;900,3;;19,6;17,4;20,7;19,6;17,9;17,3;87;84;87;84;4,5;1;
2026/04/06;0700 UTC;0;900,4;900,4;900,3;;20,4;17,7;20,4;19,5;18;17,4;88;85;85;79;4,4;1,8;
2026/04/06;0800 UTC;0;900,3;900,4;900,2;;20,4;17,6;20,5;20,3;17,7;17,6;85;83;84;81;6;2,2;
2026/04/06;0900 UTC;0;900,5;900,5;900,2;;20,2;17,6;20,5;20,2;17,7;17,5;85;84;85;86;5,7;2,6;
2026/04/06;1000 UTC;0;901;901;900,5;92,1;20,8;18;20,8;20,1;18;17,6;86;84;84;83;5,6;2,7;
2026/04/06;1100 UTC;0;902;902;901;882,8;22,1;18,5;23,2;20,8;18,7;18;84;75;80;79;6,8;3,1;
2026/04/06;1200 UTC;0;902,7;902,7;902;1053,8;23,9;19,2;23,9;22;19,4;18,4;81;75;75;77;8,3;3;
2026/04/06;1300 UTC;0;903,3;903,3;902,7;1918,4;25,8;19,2;25,8;23,9;19,8;18,8;76;67;67;78;7,9;3,5;
2026/04/06;1400 UTC;0;903,1;903,3;903,1;2993,7;27,6;18,8;27,6;25,7;19,7;17,8;67;57;59;53;7,7;3,1;
2026/04/06;1500 UTC;0;902,5;903,1;902,5;2525,4;26,8;18,1;28,4;26,7;19,2;17,4;61;52;59;54;6,8;2,4;
2026/04/06;1600 UTC;0;901,6;902,5;901,6;2919,7;28,7;17,1;29,4;26,4;19;15,7;62;46;49;73;6,3;2,7;
2026/04/06;1700 UTC;0;900,5;901,6;900,5;2838,9;29,5;15,5;29,9;27,9;18;15,2;52;42;43;28;5,8;2,1;
2026/04/06;1800 UTC;0;900;900,5;899,9;2829;28,3;17;30,5;27,4;18,8;15,1;58;40;50;67;8,1;3,5;
2026/04/06;1900 UTC;0;899,8;900;899,7;1961,4;28,4;16,5;28,9;28;17,3;15,6;52;45;49;66;7,3;2,6;
2026/04/06;2000 UTC;0;900,1;900,1;899,7;741,6;26;17,6;28,6;26;17,8;16,4;60;48;60;59;6;2,3;
2026/04/06;2100 UTC;0;900,2;900,2;900,1;114,1;23,6;17,2;26;23,6;18,6;16,5;67;60;67;76;5,5;1;
2026/04/06;2200 UTC;0;900,3;900,3;900,2;;22,2;18;23,6;22,1;18;17;77;67;77;72;3,8;,7;
2026/04/06;2300 UTC;0;901,1;901,1;900,3;;21,4;17,7;22,2;21,4;18,2;17,6;81;77;79;44;2,3;1,2;
2026/04/07;0000 UTC;0;902;902;901,1;;21,9;18,1;21,9;21,1;18,2;17,6;83;79;79;65;4;1,9;
2026/04/07;0100 UTC;0;903,1;903,1;902,1;;20,9;17,9;22,7;20,9;18,4;17,9;83;76;83;28;12;5,1;
2026/04/07;0200 UTC;0;902,5;903,1;902,4;;19,7;17,2;20,9;19,7;17,9;17,1;85;82;85;355;10,5;1;
2026/04/07;0300 UTC;0;901,7;902,5;901,7;;18,3;16,8;19,7;18,3;17,1;16,7;91;85;91;200;2,9;,9;
2026/04/07;0400 UTC;0;900,9;901,7;900,9;;18,6;17,3;18,7;18,2;17,4;16,7;93;91;92;140;3,1;,7;
2026/04/07;0500 UTC;0;900,9;901;900,8;;18,6;17,2;18,8;18,5;17,5;17,2;93;91;92;146;2,6;,7;
2026/04/07;0600 UTC;0;901,1;901,1;900,9;;18,3;17,1;18,6;18,3;17,2;17;93;92;93;291;2;,7;
2026/04/07;0700 UTC;0;901;901,1;901;;18;16,9;18,3;18;17,1;16,9;93;92;93;111;1,5;,6;
2026/04/07;0800 UTC;0;901,2;901,2;901;;17,7;16,6;18;17,6;16,9;16,5;94;93;94;169;2,7;,5;
2026/04/07;0900 UTC;0;901,6;901,6;901,2;;17,3;16,3;17,7;17,3;16,6;16,3;94;93;94;180;2,6;,4;
2026/04/07;1000 UTC;0;902,2;902,2;901,6;123;19,1;18;19,1;17,1;18;16,1;95;93;93;236;1,4;,7;
2026/04/07;1100 UTC;0;903,1;903,1;902,2;664,9;22,8;18,6;22,8;19,1;18,6;17,2;93;74;77;213;2,3;,9;
2026/04/07;1200 UTC;0;903,4;903,4;903,1;1426,3;24;18,7;25,3;22,8;19,5;17,9;77;67;72;79;6,5;2,8;
2026/04/07;1300 UTC;0;903,5;903,6;903,4;2676;26,3;18,6;26,5;24;19,5;18,2;73;62;63;54;8,5;3,2;
2026/04/07;1400 UTC;0;903,2;903,5;903,1;3080;27,3;18,8;27,8;25,8;19,7;18,1;66;59;60;62;7,4;2,9;
2026/04/07;1500 UTC;0;902,5;903,2;902,5;2985,5;27,7;17,9;27,9;26,4;19,3;17,6;62;54;55;45;7,7;2,7;
2026/04/07;1600 UTC;0;901,8;902,5;901,8;2820,7;28,6;18,7;29,2;26,6;19,1;17,1;61;50;55;65;6,5;2,8;
2026/04/07;1700 UTC;0;901,1;901,8;901,1;2468,7;28,5;18;29;27,2;19,1;17,1;58;49;53;49;6,5;2,3;
2026/04/07;1800 UTC;0;900,6;901,1;900,5;1704,6;28,4;17,8;29,4;27,1;18,2;16,8;56;48;53;88;6,6;1,6;
2026/04/07;1900 UTC;0;900,1;900,6;900,1;543,3;24,9;18;28,4;24,9;18,7;17,3;66;52;66;77;5,5;2,2;
2026/04/07;2000 UTC;0;900,6;900,6;899,9;438,2;25,4;19,6;26,5;24,9;19,8;17,7;70;62;70;53;4,6;1,2;
2026/04/07;2100 UTC;0;900,6;900,8;900,4;113,9;23,7;19,2;25,4;23,7;20;19,2;78;70;76;46;3,9;1,8;
2026/04/07;2200 UTC;0;900,9;901;900,6;;22,3;17,8;23,7;22,3;19,3;17,7;78;74;76;30;5,2;1,3;
2026/04/07;2300 UTC;0;901,5;901,6;900,9;;20,8;18,1;22,3;20,8;18,4;17,5;85;74;85;82;2,8;,6;
2026/04/08;0000 UTC;0;902;902,1;901,5;;19,3;17,2;20,8;19,3;18,1;17,2;88;84;88;339;1,3;,9;
2026/04/08;0100 UTC;0;902,3;902,4;902;;18,9;17,3;19,3;18,9;17,4;17;90;87;90;88;1,7;,5;
2026/04/08;0200 UTC;0;902,3;902,4;902,2;;18,5;17,3;18,9;18,4;17,3;17;92;90;92;167;2,8;1,2;
2026/04/08;0300 UTC;0;902,1;902,3;902,1;;18,6;17,2;19,1;18,4;17,8;17,1;93;91;91;164;3,3;,7;
2026/04/08;0400 UTC;0;901,6;902,1;901,6;;17,8;16,6;18,6;17,8;17,2;16,6;93;91;93;49;1,7;,6;
2026/04/08;0500 UTC;0;901,4;901,6;901,4;;17,3;16,2;17,8;17,3;16,6;16,2;93;93;93;141;1;,6;
2026/04/08;0600 UTC;0;901,1;901,4;901;;17,9;17;17,9;17;17;16;95;93;95;134;3,2;,5;
2026/04/08;0700 UTC;0;901,1;901,2;901;;17,7;16,8;18;17,7;17,1;16,8;95;94;94;191;1,9;1;
2026/04/08;0800 UTC;0;901,2;901,3;901,1;;17,3;16,3;17,9;17,3;17;16,3;95;94;94;89;2;1,1;
2026/04/08;0900 UTC;0;901,7;901,7;901,2;;16,8;15,9;17,2;16,8;16,3;15,9;95;94;95;190;1,5;,4;
2026/04/08;1000 UTC;0;902,1;902,1;901,7;80,8;18,1;17,3;18,1;16,2;17,3;15,4;95;95;95;117;1,3;,4;
2026/04/08;1100 UTC;0;902,9;902,9;902,1;845;22,4;18;23,1;18,1;19,3;17,3;95;75;76;201;3,6;1,8;
2026/04/08;1200 UTC;0;903;903;902,9;1695,3;26;17,8;26;22,4;19,2;17,6;78;61;61;72;3,6;1,6;
2026/04/08;1300 UTC;0;903,2;903,2;902,9;2368,8;26,9;17,8;27,8;25,4;18,8;17,4;64;56;57;85;4,9;1,8;
2026/04/08;1400 UTC;0;902,8;903,3;902,8;1620,7;25,9;18,1;27,5;25,9;19;17,4;63;56;62;85;5,2;1,6;
2026/04/08;1500 UTC;0;902;902,8;902;1272,9;26,3;17,7;27,6;25,9;19,2;17,3;65;55;59;338;3,1;1,2;
2026/04/08;1600 UTC;0;901;902;901;2876,2;28,1;17,7;29,1;26,1;18,9;17,1;61;49;53;77;4;1,9;
2026/04/08;1700 UTC;1,6;900,2;901;900,2;642,2;24,1;20,5;28,1;24,1;21,6;17,5;85;54;80;65;3,5;1,3;
2026/04/08;1800 UTC;,2;899,5;900,2;899,3;414,1;23;20,1;24,8;23;20,9;19,2;84;76;84;336;3,9;1,2;
2026/04/08;1900 UTC;0;899,3;899,7;899,3;345,9;22,4;19,7;23,1;22,4;20;19;85;80;85;27;7,3;1,5;
2026/04/08;2000 UTC;0;899,3;899,5;899,2;161,6;20,7;18,8;22,4;20,7;19,5;18,2;89;82;89;60;3,1;1,4;
2026/04/08;2100 UTC;0;898,8;899,3;898,8;59;20,3;18,7;20,8;20,3;18,8;18,5;91;87;91;96;2,8;1,2;
2026/04/08;2200 UTC;0;899,8;899,8;898,8;;19,7;18,5;20,3;19,5;18,7;18,2;93;90;93;232;2,2;1,1;
2026/04/08;2300 UTC;0;900,4;900,4;899,8;;20,4;19,2;20,4;19,7;19,3;18,5;93;93;93;180;3,8;1,3;
2026/04/09;0000 UTC;0;901,4;901,4;900,4;;20,5;19;20,7;20,4;19,4;19;93;91;91;171;5,6;2,4;
2026/04/09;0100 UTC;,2;902;902;901,4;;19,6;18,2;20,5;19,6;19;18,2;92;89;92;176;6,9;3;
2026/04/09;0200 UTC;1,2;901,7;902;901,7;;18,8;17,5;19,6;18,7;18,2;17,4;93;91;93;189;6,8;1,1;
2026/04/09;0300 UTC;,2;901,5;901,7;901,5;;18,7;17,8;18,8;18,5;17,8;17,4;94;93;94;54;2,3;,5;
2026/04/09;0400 UTC;0;900,8;901,5;900,8;;18,7;17,8;18,8;18,5;18;17,6;95;94;95;160;1,5;,5;
2026/04/09;0500 UTC;0;900,2;900,8;900,2;;18,9;18,1;18,9;18,7;18,1;17,8;95;95;95;205;1,9;,8;
2026/04/09;0600 UTC;0;900,2;900,3;900,2;;19;18,2;19;18,8;18,3;18;95;95;95;158;2,4;,7;
2026/04/09;0700 UTC;0;900,1;900,3;900,1;;18,9;18,1;19;18,9;18,2;18,1;95;95;95;171;2,4;,3;
2026/04/09;0800 UTC;0;900,1;900,1;899,7;;19,1;18,2;19,8;18,9;19;18,1;95;95;95;284;3,4;1;
2026/04/09;0900 UTC;0;900,6;900,6;900,1;;18,9;18,1;19,1;18,9;18,2;18;95;95;95;196;1,8;,5;
2026/04/09;1000 UTC;0;901,3;901,3;900,6;53,4;19,4;18,6;19,4;18,8;18,6;18;95;95;95;184;2;,9;
2026/04/09;1100 UTC;0;901,7;901,7;901,3;555,2;21,5;20;21,5;19,4;20,4;18,7;95;91;91;179;2,4;,8;
2026/04/09;1200 UTC;0;902,1;902,1;901,7;897,8;24;20,2;24;21,5;20,2;19,3;91;79;80;146;3,4;1,6;
2026/04/09;1300 UTC;0;902,4;902,4;902,1;1364,7;25;19,4;25,3;23,9;20,6;18,7;79;69;71;117;4,5;1,1;
2026/04/09;1400 UTC;0;902;902,4;902;2072,1;26,2;19,2;26,4;24,7;19,8;18,4;72;61;65;42;5,5;2,1;
2026/04/09;1500 UTC;0;900,9;902;900,9;2843,8;28;18,3;28;25,9;19,3;16;66;51;56;62;5,5;1,6;
2026/04/09;1600 UTC;0;899,9;900,9;899,9;2632,1;27;17;29,6;27;19,1;16,8;57;47;54;76;4,3;1;
2026/04/09;1700 UTC;0;898,8;899,9;898,8;2394,7;29,6;17,7;30;27;18,9;16,5;59;48;49;127;4;1,2;
2026/04/09;1800 UTC;0;898,4;898,8;898,4;1036,2;26,3;18,5;29,6;25,9;19,5;17,4;64;49;62;38;4,8;2,4;
2026/04/09;1900 UTC;0;898,1;898,4;897,9;1333,7;26,7;18,1;27,7;26,2;19,7;17,7;64;57;60;166;4,8;2,2;
2026/04/09;2000 UTC;0;898,9;898,9;898,1;1071,5;25,5;19;27,8;25,4;19;16;67;49;67;60;4,8;1,9;
2026/04/09;2100 UTC;0;899,8;899,8;898,9;110,2;22,6;18,4;25,5;22,6;19,3;18,4;78;67;78;76;6,6;2,3;
2026/04/09;2200 UTC;0;899,9;899,9;899,4;;21,7;18,3;22,6;21,7;18,4;18,2;81;77;81;47;6,6;1,2;
2026/04/09;2300 UTC;0;900,3;900,3;899,9;;21;18,4;21,7;21;18,6;18,2;85;81;85;327;2,4;,8;
2026/04/10;0000 UTC;0;901;901;900,3;;20,1;18,4;21;20,1;18,6;18,3;90;85;90;22;2,8;,5;
2026/04/10;0100 UTC;0;901,1;901,1;900,9;;19,1;17,7;20,1;19,1;18,4;17,7;92;90;92;65;1,7;,7;
2026/04/10;0200 UTC;0;901,3;901,3;901,1;;18,3;17,1;19,1;18,3;17,7;17,1;93;92;93;60;1,4;,6;
2026/04/10;0300 UTC;0;901,4;901,6;901,3;;17,5;16,5;18,3;17,5;17,1;16,5;94;93;94;158;1,1;,5;
2026/04/10;0400 UTC;0;900,7;901,4;900,7;;17,2;16,4;17,5;16,8;16,5;15,9;95;94;95;45;1,8;1;
2026/04/10;0500 UTC;0;900,1;900,7;900,1;;16,4;15,6;17,3;16,4;16,5;15,6;95;95;95;39;2,2;,9;
2026/04/10;0600 UTC;0;900,2;900,3;900,1;;16,7;15,9;16,8;16,4;16,1;15,5;95;95;95;22;1,9;,8;
2026/04/10;0700 UTC;0;899,8;900,2;899,8;;16,6;15,8;16,7;16,4;16;15,7;95;95;95;31;1,8;1,1;
2026/04/10;0800 UTC;0;900;900;899,7;;16,5;15,7;17;16,5;16,3;15,7;95;95;95;129;1,8;,9;
2026/04/10;0900 UTC;0;900,3;900,3;900;;16,6;15,9;16,6;16,4;15,9;15,6;95;95;95;95;1,2;,4;
2026/04/10;1000 UTC;0;900,8;900,8;900,3;51;17,1;16,4;17,3;16,6;16,6;15,9;96;95;95;255;2;,6;
2026/04/10;1100 UTC;0;901,7;901,7;900,8;921,1;22,5;18,9;23;17,1;20,1;16,4;96;79;80;171;3,6;1,8;
2026/04/10;1200 UTC;0;902,5;902,5;901,7;817,6;23,5;19,3;23,6;22;19,6;18,9;85;77;77;141;3,6;1,1;
2026/04/10;1300 UTC;0;902,5;902,5;902,3;2368,9;26,2;18,7;26,8;23,5;19,7;18,3;77;63;63;68;5,3;2,5;
2026/04/10;1400 UTC;0;902;902,5;902;2521;27,4;18,7;27,7;25,7;19,4;18;64;58;59;83;6,7;2,5;
2026/04/10;1500 UTC;0;901,4;902,1;901,4;1856,8;26,4;19;27,4;25,8;19,3;17,5;67;57;64;91;6,6;2,7;
2026/04/10;1600 UTC;0;900,4;901,4;900,4;2555,2;26,7;18,3;28,5;26,4;19,8;17,8;64;54;60;83;6,1;2,1;
2026/04/10;1700 UTC;0;899,5;900,4;899,5;1579,2;27,2;18,7;28,7;26,6;18,9;16,5;60;49;60;134;6;1,9;
2026/04/10;1800 UTC;0;898,8;899,5;898,8;1125,1;27;19,3;27,6;25,8;20;16,8;68;53;63;305;5,2;2,3;
2026/04/10;1900 UTC;0;898,5;898,8;898,4;1729;28,9;19,1;29;25,6;20,4;18,1;70;54;55;48;4,8;1;
2026/04/10;2000 UTC;0;898,8;898,8;898,4;614,7;23,4;18,8;29,3;23,4;19,3;18,3;75;52;75;41;5,8;1,9;
2026/04/10;2100 UTC;0;899;899,1;898,8;91,1;22,8;19,3;24,2;22,8;19,4;18,8;81;74;81;68;4,5;1,1;
2026/04/10;2200 UTC;0;899,9;899,9;899;;21,1;18,8;22,8;21,1;19,3;18,7;87;81;87;42;2,7;1,3;
2026/04/10;2300 UTC;0;900,6;900,6;899,8;;19,9;18,3;21,1;19,9;18,8;18,2;91;87;91;37;2,7;,7;
2026/04/11;0000 UTC;0;901,3;901,3;900,6;;19,8;18,5;20;19,5;18,8;18,1;93;91;92;96;2,7;1,3;
2026/04/11;0100 UTC;0;901,6;901,6;901,2;;19,5;18;20,8;19,5;19,3;18;93;89;92;75;3,6;,3;
2026/04/11;0200 UTC;0;901,4;901,8;901,4;;18,6;17,5;19,5;18,6;18,1;17,5;93;92;93;79;1,8;1;
2026/04/11;0300 UTC;0;901,2;901,4;901,2;;19,3;18,2;19,3;18,6;18,2;17,4;94;93;93;55;2,1;1,2;
2026/04/11;0400 UTC;0;900,6;901,2;900,6;;17,7;16,6;19,3;17,7;18,2;16,6;94;93;94;117;1,9;,6;
2026/04/11;0500 UTC;0;900,3;900,7;900,3;;17,5;16,6;18,1;17,4;17,2;16,4;95;94;95;134;1,6;,5;
2026/04/11;0600 UTC;0;900,2;900,4;900,2;;18,5;17,7;19;17,5;18,2;16,6;95;95;95;194;2,5;1,2;
2026/04/11;0700 UTC;0;900,1;900,2;900;;18;17,2;18,5;18;17,7;17,2;95;95;95;221;2,3;,7;
2026/04/11;0800 UTC;0;900;900,1;900;;18,3;17,6;18,3;17,5;17,6;16,7;96;95;96;120;3,8;1,6;
2026/04/11;0900 UTC;0;900,6;900,6;900;;19,4;18,3;19,5;18,3;18,7;17,7;96;93;93;109;4,5;1,6;
2026/04/11;1000 UTC;0;901,3;901,3;900,6;75,4;20,3;19,1;20,3;18,8;19,2;17,7;94;93;93;114;4,5;1,5;
2026/04/11;1100 UTC;0;902;902;901,3;849,9;22,3;19;22,3;20,3;19,2;18,7;93;81;82;114;7,3;4;
2026/04/11;1200 UTC;0;902,6;902,6;902;1717,4;23,9;19,1;23,9;22,3;19,3;18,5;82;74;75;106;8,5;3,5;
2026/04/11;1300 UTC;0;903;903;902,6;1519,5;23,4;19,2;24,5;22,8;19,9;18,7;80;73;77;100;8;2,8;
2026/04/11;1400 UTC;0;902,5;903;902,5;2920,4;25,6;19,9;25,9;23,4;20,4;18,8;79;68;71;74;7;3,3;
2026/04/11;1500 UTC;0;901,9;902,5;901,9;3331,6;26,7;18,5;27,3;25,1;19,7;18,3;71;60;61;85;7,8;4,1;
2026/04/11;1600 UTC;0;901,2;901,9;901,2;3339,8;28,4;18,7;28,5;26,7;19,2;17,5;62;53;56;67;8;2,6;
2026/04/11;1700 UTC;0;900,1;901,2;900,1;3277,4;29,2;18,6;29,5;27,6;19,2;17,3;57;49;53;71;6,9;2,8;
2026/04/11;1800 UTC;0;899,4;900,1;899,4;2221,3;29;18,4;29,8;27,2;18,9;17,4;56;50;53;78;7,2;2,6;
2026/04/11;1900 UTC;0;899,1;899,4;899,1;1804,9;29,2;17,5;29,5;28;18,4;16,7;53;48;49;109;7,3;2,6;
2026/04/11;2000 UTC;0;899,2;899,2;899;1027,2;28;17,3;29,2;28;17,9;16,8;54;49;52;101;7,7;2,8;
2026/04/11;2100 UTC;0;899,8;899,8;899,2;147,1;25,1;18,3;28;25,1;18,4;16,9;66;51;66;113;6,5;2,5;
2026/04/11;2200 UTC;0;900,2;900,2;899,8;;23,2;18,7;25,1;23,2;18,8;18,2;76;66;76;96;5,6;1,6;
2026/04/11;2300 UTC;0;901,1;901,1;900,2;;21,6;18,5;23,2;21,6;18,8;18,4;82;76;82;90;3,1;1,4;
2026/04/12;0000 UTC;0;901,7;901,7;901,1;;20,5;18,4;21,6;20,4;18,8;18,1;88;83;88;113;3,1;1,1;
2026/04/12;0100 UTC;0;902,3;902,3;901,7;;20,8;18,3;21,3;20,5;18,7;18,2;88;85;86;77;4,1;1,1;
2026/04/12;0200 UTC;0;902,3;902,4;902,2;;21;18,3;21,5;20,8;18,6;18,3;87;83;85;90;5;1,4;
2026/04/12;0300 UTC;0;902,2;902,3;902,2;;20,6;18,5;21;20,6;18,5;18,3;88;85;88;110;4,2;2,2;
2026/04/12;0400 UTC;0;902;902,2;902;;20,5;18,4;20,7;20,5;18,5;18,4;88;87;88;89;5,2;2,3;
2026/04/12;0500 UTC;0;901,7;902;901,7;;20,1;18,4;20,5;20,1;18,5;18,3;90;88;90;101;5;2,2;
2026/04/12;0600 UTC;0;901,5;901,7;901,3;;19,9;18,3;20,1;19,9;18,5;18,3;91;90;91;108;5,7;2;
2026/04/12;0700 UTC;0;901,5;901,5;901,3;;19,7;18,2;19,9;19,7;18,3;18,1;91;90;91;102;6;2,6;
2026/04/12;0800 UTC;0;901,6;901,6;901,4;;19,5;18;19,7;19,4;18,2;18;92;91;91;97;7,7;3,3;
2026/04/12;0900 UTC;0;902,3;902,4;901,6;;19,3;17,7;19,5;19,3;18;17,7;91;91;91;91;9,1;3,7;
2026/04/12;1000 UTC;0;902,9;902,9;902,3;61,7;19,5;17,7;19,5;19,2;17,8;17,6;91;89;89;86;9,2;3,5;
2026/04/12;1100 UTC;0;903,4;903,4;902,9;751,2;21,6;17,9;21,8;19,5;18,2;17,7;89;79;79;94;7,9;3,4;
2026/04/12;1200 UTC;0;903,7;903,8;903,4;1184,9;22;17,7;22,2;21,3;18,3;17,6;81;77;77;79;8,8;3,9;
2026/04/12;1300 UTC;0;903,8;903,9;903,7;1342,4;23,3;18,1;23,4;21,8;18,3;17,6;78;73;73;79;9,5;3,4;
2026/04/12;1400 UTC;0;903,5;903,8;903,5;1872,8;24,3;18,2;24,5;22,8;18,7;17,7;74;68;69;84;7,5;2,8;
2026/04/12;1500 UTC;0;902,8;903,5;902,8;2135,9;25,5;17,7;26;23,9;18,7;17,5;70;62;62;91;7,8;3;
2026/04/12;1600 UTC;0;902,1;902,8;902,1;2149;25,5;17,5;26,8;24,9;18,8;16,7;66;56;61;90;7,1;2,8;
2026/04/12;1700 UTC;0;901,3;902,1;901,3;2797,9;27,4;17,7;27,6;25,2;18,2;16,5;62;53;55;92;6,7;3,7;
2026/04/12;1800 UTC;0;900,4;901,3;900,4;2272,6;28;16,5;28,1;25,9;18;16;58;49;50;94;7,3;3,1;
2026/04/12;1900 UTC;0;900,1;900,4;900;1270,5;27,4;16,5;28;25,3;17,6;15,8;59;50;52;106;8,6;3,1;
2026/04/12;2000 UTC;0;900,1;900,1;900;1092,2;26,2;16,7;27,6;26,2;16,8;15,7;56;50;56;109;7,4;3,2;
2026/04/12;2100 UTC;0;900,5;900,5;900,1;89,2;23,2;17,4;26,3;23,2;17,5;16,4;70;56;70;128;7,4;1,4;
2026/04/12;2200 UTC;0;900,9;900,9;900,5;;21,3;17,2;23,2;21,3;17,6;17,2;78;70;77;106;3,9;1,9;
2026/04/12;2300 UTC;0;901,4;901,4;900,9;;20,2;17,1;21,3;20,2;17,2;17;82;77;82;92;3,9;1,9;
2026/04/13;0000 UTC;0;901,9;901,9;901,4;;19,9;17,3;20,2;19,8;17,5;17,1;86;82;85;74;4,3;1,8;
2026/04/13;0100 UTC;0;901,9;902,1;901,9;;19,9;17,6;19,9;19,1;17,6;17,1;89;85;86;108;6,2;3,3;
2026/04/13;0200 UTC;0;902;902;901,8;;19,3;17,2;20;19,2;17,5;17;88;85;88;103;8,1;1,6;
2026/04/13;0300 UTC;0;901,4;902;901,4;;18,4;16,8;19,3;18,4;17,2;16,8;91;87;91;95;4;2;
2026/04/13;0400 UTC;0;901,2;901,4;901,2;;18;16,6;18,4;17,9;16,9;16,5;92;91;92;104;3,8;1,1;
2026/04/13;0500 UTC;0;900,7;901,2;900,7;;18;16,4;18,2;18;16,8;16,4;92;90;90;98;3,3;,9;
2026/04/13;0600 UTC;0;900,3;900,7;900,3;;18,6;16,8;18,6;17,6;16,9;16;92;90;90;112;5,7;2,5;
2026/04/13;0700 UTC;0;900,1;900,4;900,1;;18,4;16,6;18,6;18,4;16,8;16,6;90;89;89;107;7,2;3;
2026/04/13;0800 UTC;0;900,5;900,5;900,1;;18,2;16,5;18,5;18,2;16,7;16,5;90;89;90;94;7,5;1,9;
2026/04/13;0900 UTC;0;901;901;900,5;;17,8;16,5;18,2;17,8;16,7;16,5;92;90;92;101;5,9;1,9;
2026/04/13;1000 UTC;0;902;902;901;55,5;18,8;17,2;18,8;17,8;17,3;16,5;93;90;90;98;5,6;2,2;
2026/04/13;1100 UTC;0;902,6;902,6;902;766,1;21,1;17,5;21,5;18,8;18;17,1;90;78;80;92;6,7;1,8;
2026/04/13;1200 UTC;0;903,2;903,2;902,6;1056,2;20,7;17,3;21,4;20,5;17,8;17;82;78;81;87;6,9;2,8;
2026/04/13;1300 UTC;0;903,8;903,8;903,2;808,6;21,5;17,5;21,5;20,7;17,6;17,1;81;78;78;104;6,6;2;
2026/04/13;1400 UTC;0;903,4;903,8;903,3;1008,5;22,6;17,6;22,6;21,4;17,9;17,3;79;74;74;104;5,4;2;
2026/04/13;1500 UTC;0;902,6;903,4;902,6;2302,4;24,5;18;25;22,1;18,4;17;75;63;67;92;5,9;2,5;
2026/04/13;1600 UTC;0;901,5;902,6;901,5;2677,4;26;17,1;26,4;23,7;18,8;16,9;69;57;58;94;6;2,5;
2026/04/13;1700 UTC;0;900,4;901,5;900,4;1944;26,9;17,2;26,9;24,2;18,4;16,7;67;55;55;104;5,7;2,7;
2026/04/13;1800 UTC;0;899,5;900,4;899,5;2104,9;27;17,8;27,1;25,1;18;16,7;63;55;57;103;6,1;1,9;
2026/04/13;1900 UTC;0;899,2;899,5;899,2;1740,8;25,8;17,2;27,1;25,3;17,6;16,5;60;53;59;95;6,6;2,3;
2026/04/13;2000 UTC;0;899,2;899,3;899,2;933,4;25,6;17,5;26,6;25,1;17,8;16,5;62;55;61;102;5;1,6;
2026/04/13;2100 UTC;0;899,2;899,3;899,1;81,2;22,4;17,2;25,6;22,4;17,5;16,8;72;59;72;126;4,3;1,5;
2026/04/13;2200 UTC;0;899,5;899,5;899,2;;19,9;17;22,4;19,9;17,5;16,8;84;72;84;52;2,7;,8;
2026/04/13;2300 UTC;0;899,8;899,8;899,5;;18,6;16,6;19,9;18,6;16,8;16,5;88;83;88;33;1,9;1,1;
2026/04/14;0000 UTC;0;900,1;900,1;899,8;;20,5;16,8;20,9;17,9;17,6;16,2;91;79;79;42;3,1;1,5;
2026/04/14;0100 UTC;0;900,3;900,3;900,1;;18,7;16,3;20,5;18,7;17,3;16,2;86;79;86;83;3,1;,6;
2026/04/14;0200 UTC;0;900,3;900,4;900,2;;18;16,1;19,1;18;17,2;16,1;90;86;89;51;2,4;,5;
2026/04/14;0300 UTC;0;900,3;900,4;900,2;;17;15,8;18;17;16,4;15,8;93;89;93;15;1,9;,5;
2026/04/14;0400 UTC;0;899,8;900,3;899,8;;17,7;16,8;17,7;16,6;16,9;15,5;95;93;95;75;2,1;,8;
2026/04/14;0500 UTC;0;899,7;900;899,7;;17;16;18,4;16,9;17,4;15,8;95;92;94;135;4,8;1,4;
2026/04/14;0600 UTC;0;899,3;899,7;899,3;;16;15,1;17,1;15,3;16,1;14,3;95;93;95;97;2,6;1,5;
2026/04/14;0700 UTC;0;898,9;899,3;898,9;;18;16,9;18,1;16;17,1;15,2;95;93;93;77;3,9;1,6;
2026/04/14;0800 UTC;0;899,2;899,2;898,9;;17,1;16,1;18;16,7;16,8;15,6;94;93;94;59;3,4;1,1;
2026/04/14;0900 UTC;0;899,8;899,8;899,2;;17,1;16,3;17,4;16,9;16,6;15,9;95;94;95;165;2,5;,9;
2026/04/14;1000 UTC;0;900,1;900,1;899,8;42,4;18,4;17,4;18,4;17,1;17,5;16,3;95;94;94;94;4,4;1,9;
2026/04/14;1100 UTC;0;900,7;900,7;900,1;872,9;21,5;17,9;21,6;18,4;18,3;17,5;94;80;80;91;6;2,7;
2026/04/14;1200 UTC;0;901;901;900,7;1549,7;22,2;17,7;22,5;20,7;18,1;17,3;83;74;76;78;6,7;2,9;
2026/04/14;1300 UTC;0;901;901,2;901;2001,3;23,1;17,7;24;21,8;18,5;17,1;77;67;71;78;7,4;2,7;
2026/04/14;1400 UTC;0;900,6;901;900,6;2039,7;23,8;17,2;25,4;22,8;18,3;16,9;71;62;67;46;6,7;3;
2026/04/14;1500 UTC;0;899,6;900,6;899,6;2910,3;25,3;16,9;27,1;23,6;18,3;16,2;69;54;60;49;6,3;2,5;
2026/04/14;1600 UTC;0;898,7;899,6;898,7;3096,7;27,8;15,3;28,2;25,3;18,2;15,3;60;46;46;38;6,4;2,4;
2026/04/14;1700 UTC;0;897,7;898,7;897,7;1729,6;26,2;16,9;28,5;25,9;17,1;14,5;57;43;56;82;5,3;2,2;
2026/04/14;1800 UTC;0;897,2;897,7;897,2;456,8;25,6;17,4;26,2;25,5;17,4;15,9;61;55;61;79;4,7;1,6;
2026/04/14;1900 UTC;0;897,1;897,3;897,1;1106,3;25,1;16,7;27,5;25,1;18,4;16,7;64;54;60;77;6,2;2,4;
2026/04/14;2000 UTC;0;897,3;897,3;897;186,6;23,9;18,1;25,1;23,9;18,4;16,7;71;60;70;39;5,4;,9;
2026/04/14;2100 UTC;0;897,7;897,8;897,3;30,7;21,6;19;23,9;21,5;19,2;17,7;86;69;86;314;3,9;1,2;
2026/04/14;2200 UTC;0;897,9;897,9;897,7;;21,4;18,9;21,7;21,2;19,5;18,9;89;85;85;143;3,6;1,6;
2026/04/14;2300 UTC;0;898,3;898,3;897,9;;21,5;18;21,8;21,4;18,9;17,9;86;79;81;89;6,3;2,8;
2026/04/15;0000 UTC;0;898,8;898,8;898,3;;21,2;17,5;21,4;21,1;18;17,5;81;80;80;92;5,9;2,3;
2026/04/15;0100 UTC;0;898,9;899,1;898,8;;20,8;16,6;21,2;20,8;17,5;16,6;80;77;77;75;5,6;2,2;
2026/04/15;0200 UTC;0;898,8;899;898,7;;20,4;16,3;20,8;20,4;16,7;16,3;79;77;78;92;5,9;2,2;
2026/04/15;0300 UTC;0;898,7;898,8;898,7;;19,8;16,4;20,4;19,8;16,4;16,1;80;78;80;94;6;2;
2026/04/15;0400 UTC;0;898,7;899;898,6;;19,6;16,4;19,8;19,5;16,5;16,3;82;80;82;81;4,8;1,9;
2026/04/15;0500 UTC;0;898,3;898,7;898,3;;19,5;16,6;19,6;19,4;16,6;16,4;83;82;83;82;5,4;2,5;
2026/04/15;0600 UTC;0;898,2;898,3;898,1;;19,6;16,6;19,8;19,5;16,7;16,6;83;82;83;78;5,7;2;
2026/04/15;0700 UTC;0;897,9;898,2;897,9;;18,5;16,2;19,6;18,5;16,7;16,2;87;83;87;20;5,6;,8;
2026/04/15;0800 UTC;0;898,2;898,2;897,9;;18,2;16,6;18,5;17,5;16,7;16;92;87;91;71;2,8;1,1;
2026/04/15;0900 UTC;0;898,6;898,6;898,1;;17,9;16,7;18,2;17,3;16,7;15,9;93;89;93;16;3,9;1,3;
2026/04/15;1000 UTC;0;899,4;899,4;898,6;49,6;19,2;16,5;19,2;17,7;16,8;16;93;85;85;63;4;1,4;
2026/04/15;1100 UTC;0;900,4;900,4;899,4;822,8;22;16,7;22,2;19,2;17,2;16,4;85;72;72;63;4,9;1,9;
2026/04/15;1200 UTC;0;900,9;900,9;900,4;1490,8;23,9;17,4;24,1;22;18;16,8;73;66;67;67;5,4;2,3;
2026/04/15;1300 UTC;0;901;901,1;900,8;2412,7;25,4;16,7;25,5;23,6;17,9;16,1;68;58;59;30;6,6;3,3;
2026/04/15;1400 UTC;0;900,6;901;900,6;3020,5;26,5;16,6;27;25,1;17,6;16,2;60;55;55;68;7,7;3,1;
2026/04/15;1500 UTC;0;900;900,6;900;2565,1;27;17,4;27,3;25,5;17,7;16,2;60;53;56;67;7,7;3,1;
2026/04/15;1600 UTC;0;899,5;900;899,5;1968,7;25,9;18,4;27,7;25,6;18,4;16,1;65;52;63;30;6,3;2,7;
2026/04/15;1700 UTC;,2;899,3;899,7;899,3;789,4;22,1;19,3;27;22,1;19,4;16,2;84;55;84;163;7,9;2,3;
2026/04/15;1800 UTC;,6;898,6;899,3;898,5;1041,5;24,4;19,2;24,4;21,6;20;18,7;86;72;73;105;6,1;1,9;
2026/04/15;1900 UTC;0;898,2;898,5;898,1;826;24,7;19;25,2;24,2;20;17,8;76;64;71;171;3,9;1,6;
2026/04/15;2000 UTC;0;897,9;898,3;897,9;470,2;24,2;19,4;25;24,1;19,7;18,3;75;67;75;161;3,7;1;
2026/04/15;2100 UTC;0;898,2;898,2;897,9;98;21,7;18,6;24,2;21,7;19,5;18,3;83;73;83;309;3,4;,8;
2026/04/15;2200 UTC;0;898,6;898,6;898,2;;21,4;18,6;22;21,3;18,9;18,4;85;81;84;130;3,7;,9;
2026/04/15;2300 UTC;0;898,9;898,9;898,6;;20,8;18,4;21,4;20,7;18,8;18,3;87;85;87;134;2,1;,9;
2026/04/16;0000 UTC;0;899,4;899,4;898,9;;20;18,3;20,8;19,9;18,4;17,9;90;86;90;216;2,5;,8;
2026/04/16;0100 UTC;0;899,5;899,6;899,4;;19,9;18,4;20,1;19,9;18,5;18,2;91;90;91;133;2;,8;
2026/04/16;0200 UTC;0;899,8;899,8;899,4;;19,7;18,4;19,9;19,6;18,6;18,1;92;91;92;200;5,2;2;
2026/04/16;0300 UTC;0;899,7;899,9;899,7;;19,5;18,4;19,7;19,5;18,4;18,2;93;92;93;190;4,7;1,9;
2026/04/16;0400 UTC;0;899,3;899,8;899,3;;19,4;18,4;19,5;19,4;18,5;18,4;94;93;94;161;3,7;1;
2026/04/16;0500 UTC;0;898,7;899,3;898,7;;19,1;18,2;19,4;19,1;18,4;18,1;94;94;94;1;2,5;,4;
2026/04/16;0600 UTC;0;898,5;898,7;898,5;;18,9;17,9;19,1;18,8;18,2;17,9;94;94;94;55;1,7;,3;
2026/04/16;0700 UTC;0;898,5;898,6;898,5;;19,1;18,1;19,1;18,8;18,1;17,9;94;94;94;170;2,3;,6;
2026/04/16;0800 UTC;0;898,4;898,6;898,4;;19,6;17,6;19,8;19;18,3;17,6;94;88;88;36;2,8;1;
2026/04/16;0900 UTC;0;898,7;898,8;898,4;;19,5;17,4;19,9;19,1;17,6;17,1;88;86;88;46;3,3;1;
2026/04/16;1000 UTC;0;898,9;899;898,6;47,4;20,3;17,2;20,3;18,8;17,3;16,8;89;82;82;94;3;1,2;
2026/04/16;1100 UTC;0;899,7;899,7;898,9;814,9;22,8;16,7;22,9;20,3;17,4;16,5;82;69;69;87;5,3;2,4;
2026/04/16;1200 UTC;0;900,2;900,2;899,7;1677,4;23,9;16,8;24;22,6;17,4;16,4;70;64;65;65;6,2;3,2;
2026/04/16;1300 UTC;0;900,4;900,5;900,2;2381,3;25,1;17,3;25,4;23,7;17,6;16;66;59;62;62;7,5;2,8;
2026/04/16;1400 UTC;0;899,9;900,4;899,9;1824,4;24,7;17,1;25,6;24,6;17,8;16,6;64;59;63;38;6,5;2,7;
2026/04/16;1500 UTC;0;899,1;899,9;899,1;1025;24,9;17,2;25;24,4;17,3;16,3;63;60;62;46;5,6;2,6;
2026/04/16;1600 UTC;0;898,2;899,1;898,2;1584,4;25,9;16,3;26,8;24,9;17,9;16,3;63;55;56;22;5,8;2,6;
2026/04/16;1700 UTC;0;897,3;898,2;897,3;2344,2;26,8;17;27,6;25,7;17,6;15,7;58;52;55;36;5,3;2;
2026/04/16;1800 UTC;0;896,7;897,3;896,7;1629,5;26,6;16,7;28,2;25,9;18;16,1;58;52;54;56;4,5;1,8;
2026/04/16;1900 UTC;0;896,2;896,7;896,2;763,3;25,9;18,4;27,2;25,7;18,4;15,9;64;51;63;140;5,4;2,7;
2026/04/16;2000 UTC;0;896,5;896,5;896,2;408,7;24,6;17,9;25,9;24,6;18,3;17,8;67;61;66;79;5,4;1,5;
2026/04/16;2100 UTC;0;896,7;896,7;896,5;92;22,6;18;24,7;22,6;18,2;17,6;75;66;75;86;3,9;1,4;
2026/04/16;2200 UTC;0;897;897;896,7;;20,9;17,9;22,6;20,9;18,2;17,9;83;75;83;57;2,9;1,1;
2026/04/16;2300 UTC;0;897,4;897,4;897;;21,8;18,2;21,8;20,7;18,4;17,9;85;80;80;95;4;1,9;
2026/04/17;0000 UTC;0;898,4;898,4;897,4;;20,6;18,2;21,8;20,3;18,2;17,7;87;80;86;197;4;1;
2026/04/17;0100 UTC;0;898,6;898,6;898,4;;20,1;17,7;20,6;19,8;18,2;17,5;87;85;86;91;2,8;1,4;
2026/04/17;0200 UTC;0;898,4;898,6;898,4;;19,5;17,1;20,6;19,5;17,7;17,1;86;83;86;28;4;,7;
2026/04/17;0300 UTC;0;898,1;898,4;898,1;;18,7;16,9;19,5;18,7;17,3;16,9;89;86;89;185;2,4;1,2;
2026/04/17;0400 UTC;0;897,8;898,1;897,7;;18,2;16,9;18,7;18;17;16,6;92;89;92;260;2,4;,3;
2026/04/17;0500 UTC;0;897,4;897,8;897,4;;18,7;17,5;18,7;18,2;17,5;16,9;93;92;92;216;1,3;,6;
2026/04/17;0600 UTC;0;897,1;897,4;897;;18,9;17,6;18,9;18,6;17,6;17,3;93;92;92;299;1,3;,3;
2026/04/17;0700 UTC;0;896,8;897,1;896,7;;18,8;17,5;19;18,8;17,7;17,5;92;92;92;99;1,4;,4;
2026/04/17;0800 UTC;0;896,9;896,9;896,7;;18,6;17,4;18,8;18,6;17,5;17,3;93;92;93;28;1,9;,4;
2026/04/17;0900 UTC;0;897,1;897,1;896,8;;18,2;17;18,6;18;17,4;16,8;93;92;93;151;1,2;,4;
2026/04/17;1000 UTC;0;898;898;897,1;57,7;19,5;18,2;19,5;18,2;18,2;17;94;92;92;97;1,5;,5;
2026/04/17;1100 UTC;0;898,8;898,8;898;344;21;17,6;21;19,5;18,3;17,5;92;81;81;63;1,6;,9;
2026/04/17;1200 UTC;0;899,6;899,6;898,8;863,6;23,6;17,9;23,6;21;18,4;17,1;82;68;70;344;2,3;,9;
2026/04/17;1300 UTC;0;899,8;899,8;899,6;907,7;23,3;17,7;23,8;23,2;18,4;16,9;72;66;71;301;3,1;1,4;
2026/04/17;1400 UTC;0;899,5;899,8;899,5;1394,4;23,9;17,7;24,6;22,9;18,5;17;74;64;68;335;4,2;1,6;
2026/04/17;1500 UTC;0;898,8;899,5;898,8;826,3;24,4;18,1;24,8;23,3;19;17,3;74;67;68;233;3,8;1,3;
2026/04/17;1600 UTC;0;897,8;898,8;897,8;1206,9;24,8;18,6;25,4;24,3;19,4;17,9;72;66;68;131;3,5;1,2;
2026/04/17;1700 UTC;0;896,6;897,8;896,6;2892;27;17,2;27,4;24,8;19,5;16,3;69;52;55;16;4;1,9;
2026/04/17;1800 UTC;0;895,9;896,6;895,9;1982,3;27,3;16,5;27,7;26,4;17,9;16,3;58;51;52;336;3,4;,9;
2026/04/17;1900 UTC;0;895,4;895,9;895,4;1620,4;27;17;28,5;26,9;18;16,2;58;50;54;292;4,4;1,4;
2026/04/17;2000 UTC;0;896,1;896,1;895,4;654,6;24,9;18,6;27,8;24,9;18,6;16,5;68;52;68;66;3,4;1,7;
2026/04/17;2100 UTC;0;896,3;896,3;896,1;132,9;23,2;18,7;24,9;23,2;19,1;18,6;76;68;76;35;3,4;1,3;
2026/04/17;2200 UTC;0;896,8;896,8;896,2;;20,9;18,3;23,2;20,9;18,8;18,3;85;76;85;42;2,6;1,1;
2026/04/17;2300 UTC;0;897;897;896,8;;20;18;21;20;18,4;18;88;85;88;73;2,3;1,1;
2026/04/18;0000 UTC;0;897,6;897,6;897;;18,7;17,2;20;18,7;18,1;17,1;91;88;91;100;2,7;1;
2026/04/18;0100 UTC;0;897,9;898;897,6;;17,6;16,3;18,7;17,6;17,1;16,3;92;91;92;137;2,7;,5;
2026/04/18;0200 UTC;0;898,1;898,1;897,9;;16,6;15,5;17,6;16,6;16,4;15,5;93;92;93;86;2;1,4;
2026/04/18;0300 UTC;0;898,1;898,1;898;;16;14,9;16,7;16;15,6;14,9;94;93;93;43;1,9;,9;
2026/04/18;0400 UTC;0;897,7;898,1;897,7;;15,4;14,4;16;15,4;15;14,4;94;93;94;50;1,3;,7;
2026/04/18;0500 UTC;0;897,5;897,7;897,5;;15;14,1;15,4;15;14,4;14,1;94;94;94;49;1,3;,5;
2026/04/18;0600 UTC;0;897;897,5;897;;15,1;14,2;15,3;15;14,5;14,1;95;94;95;58;1,5;,8;
2026/04/18;0700 UTC;0;896,8;897,1;896,8;;15,6;14,7;15,6;15,1;14,8;14,3;95;95;95;158;1,4;,7;
2026/04/18;0800 UTC;0;896,8;896,8;896,6;;15,2;14,3;15,7;15;14,8;14,1;95;94;95;64;1,5;,6;
2026/04/18;0900 UTC;0;896,9;896,9;896,7;;15,3;14,5;15,3;14,7;14,5;13,9;95;95;95;44;2,2;1,3;
2026/04/18;1000 UTC;0;897,5;897,5;896,9;37,7;15,4;14,7;15,4;14,9;14,7;14,1;95;95;95;172;2,2;,8;
2026/04/18;1100 UTC;0;898,3;898,3;897,5;455,4;20,4;19,2;20,4;15,4;19,2;14,7;96;93;93;265;1,5;,4;
2026/04/18;1200 UTC;0;898,6;898,6;898,3;1647;25,7;17,7;25,7;20,4;20,2;17,3;93;60;61;104;4,1;1,8;
2026/04/18;1300 UTC;0;899,1;899,1;898,6;2255,7;26,4;17,4;26,7;25,4;18,2;16,9;63;58;58;92;5,2;1,9;
2026/04/18;1400 UTC;0;898,9;899,1;898,9;3050,8;28,3;17,2;28,3;26,4;17,9;16,1;58;49;51;90;6,1;2,2;
2026/04/18;1500 UTC;0;898,1;898,9;898,1;2862,2;29;13,8;29,1;27,2;17,3;13,8;53;39;39;136;5,7;2,2;
2026/04/18;1600 UTC;0;897,1;898,1;897,1;2558,8;29,7;13,8;29,8;27,4;15,5;11,8;48;36;38;107;5,3;2;
2026/04/18;1700 UTC;0;896,1;897,1;896,1;2892,3;29,3;14;30,5;28,5;15,7;12,6;44;36;39;155;6,3;1,6;
2026/04/18;1800 UTC;0;895,2;896,1;895,2;2311,8;29,2;15,6;30,1;27,9;16,1;13,2;46;36;44;133;6,2;2,8;
2026/04/18;1900 UTC;0;895;895,2;894,9;1667,7;28,7;15,3;29,7;28,3;15,9;13,8;46;38;44;113;6,2;2,3;
2026/04/18;2000 UTC;0;894,9;895;894,9;835,8;27,7;14,9;28,8;27,7;15,6;13,9;47;42;46;109;5;2,2;
2026/04/18;2100 UTC;0;895,2;895,3;894,9;73,5;23,8;15,7;27,7;23,8;15,9;14,3;61;45;61;129;4,3;2;
2026/04/18;2200 UTC;0;895,8;895,8;895,2;;21;15,8;23,8;21;16,2;15,6;72;61;72;44;3,4;1,5;
2026/04/18;2300 UTC;0;897;897;895,8;;19,3;15,6;21,1;19,3;16,4;15,5;80;71;79;30;2,8;1,2;
2026/04/19;0000 UTC;0;897,7;897,7;897;;18,5;14,9;19,3;18,5;15,5;14,6;80;76;79;353;2,1;,7;
2026/04/19;0100 UTC;0;897,6;897,8;897,5;;17,6;14,9;18,5;17,6;15,2;14,8;85;79;84;78;2;,7;
2026/04/19;0200 UTC;0;898;898;897,6;;17,3;15;18,8;17,1;15,7;14,8;86;81;86;315;3,4;1;
2026/04/19;0300 UTC;0;898;898,1;897,9;;16,9;14,8;18,1;16,9;15,3;14,7;88;82;87;113;3;,9;
2026/04/19;0400 UTC;0;897,9;898;897,8;;15,8;14,4;16,9;15,8;14,9;14,3;91;87;91;149;1,7;1;
2026/04/19;0500 UTC;0;897,6;897,9;897,6;;15,1;13,9;16;14,7;14,6;13,1;93;89;92;211;2,3;,8;
2026/04/19;0600 UTC;0;897,5;897,6;897,5;;14,4;13,1;15,1;14,4;13,9;13,1;93;92;92;40;1,8;,9;
2026/04/19;0700 UTC;0;897,3;897,5;897,3;;13,7;12,6;14,4;13,7;13,2;12,6;93;92;93;88;1,7;,5;
2026/04/19;0800 UTC;0;897,6;897,6;897,2;;13,1;12,1;13,7;13,1;12,6;12;94;93;94;51;1,6;1;
2026/04/19;0900 UTC;0;898,1;898,2;897,6;;12,4;11,4;13,1;12,4;12,1;11,4;94;93;94;89;1,6;,9;
2026/04/19;1000 UTC;0;898,8;898,8;898,1;46,2;14,7;13,5;14,7;12;13,5;10,9;95;93;93;48;1,7;,9;
2026/04/19;1100 UTC;0;899,1;899,1;898,8;812,8;21,9;15,7;21,9;14,7;15,7;12,3;93;65;68;65;1,4;,7;
2026/04/19;1200 UTC;0;899,7;899,7;899,1;1683;26,1;14,9;26,4;21,9;16,3;14,2;68;50;50;351;1,9;,8;
2026/04/19;1300 UTC;0;900;900;899,7;2417,6;27,3;13,1;27,7;26,1;15,2;11,6;50;37;42;39;4,6;1,9;
2026/04/19;1400 UTC;0;899,7;900;899,7;2985,1;28,3;12,3;28,4;27,3;14,2;11,3;43;34;37;25;4,6;2,2;
2026/04/19;1500 UTC;0;899,1;899,7;899,1;3263,8;29,2;10,7;30,1;28,3;13;10,5;39;31;32;140;6,2;2,8;
2026/04/19;1600 UTC;0;898,5;899,1;898,5;3003,8;29,3;12,5;30,6;28,5;12,7;10,2;37;31;36;87;5,7;2;
2026/04/19;1700 UTC;0;897,9;898,5;897,9;2669,7;30,2;10,4;31;28,1;13;10,1;37;29;29;143;5,6;2,6;
2026/04/19;1800 UTC;0;897,3;897,9;897,3;2676,9;29,3;11,9;31,2;29,3;12,6;9,3;34;26;34;120;5,2;2,5;
2026/04/19;1900 UTC;0;897,2;897,3;897;1926,1;29,9;12;30,8;28,8;13;10,6;37;30;33;150;5,2;2,2;
2026/04/19;2000 UTC;0;897;897,2;897;967,9;28,4;13,1;30,1;28,4;13,3;11,1;39;32;39;112;4,7;2,1;
2026/04/19;2100 UTC;0;897,2;897,2;897;97,7;24;15,4;28,4;24;15,6;12,5;60;38;59;128;4,7;1,4;
2026/04/19;2200 UTC;0;897,6;897,6;897,2;;21,5;16,3;24,1;21,5;17;15,5;73;59;73;101;2,4;,7;
2026/04/19;2300 UTC;0;898,5;898,5;897,6;;19,3;16;21,5;19,3;16,7;15,5;81;72;81;58;1,8;1;
2026/04/20;0000 UTC;0;899,3;899,3;898,5;;18,3;15,2;19,4;18,3;16,1;15,2;82;79;82;60;1,8;,9;
2026/04/20;0100 UTC;0;899,6;899,6;899,3;;18,6;14,9;18,9;18,1;15,6;14,9;85;79;79;60;2,5;1,3;
2026/04/20;0200 UTC;0;900;900;899,6;;19;14,3;19,9;18,2;15,2;14,2;82;70;74;46;2,7;1,4;
2026/04/20;0300 UTC;0;900;900,2;900;;17,2;14,7;20,1;17,2;14,7;14,3;86;70;86;323;2,7;,5;
2026/04/20;0400 UTC;0;899,7;900;899,7;;15,4;13,7;17,2;15,4;14,8;13,6;89;86;89;87;1,7;,6;
2026/04/20;0500 UTC;0;899,3;899,7;899,3;;14,7;13,3;15,4;14,7;13,9;13,3;91;89;91;154;1,7;,5;
2026/04/20;0600 UTC;0;899,3;899,3;899,2;;14,1;12,8;14,7;14,1;13,3;12,8;92;91;92;105;1,5;,9;
2026/04/20;0700 UTC;0;899,4;899,5;899,3;;13,8;12,7;14,1;13,7;12,8;12,6;93;92;93;59;1,6;,7;
2026/04/20;0800 UTC;0;899,4;899,4;899,3;;13,4;12,4;13,8;13,4;12,7;12,4;93;93;93;92;1,2;,7;
2026/04/20;0900 UTC;0;899,8;899,8;899,4;;12,9;11,9;13,4;12,9;12,4;11,9;94;93;94;71;1,9;1,2;
2026/04/20;1000 UTC;0;900,4;900,4;899,8;57,4;15,3;14,3;15,3;12,9;14,3;11,9;95;94;94;50;2,2;1;
2026/04/20;1100 UTC;0;901;901;900,4;759,1;21,4;15,6;21,5;15,3;16,1;14,5;94;70;70;54;1,9;,9;
2026/04/20;1200 UTC;0;901,1;901,2;901;1598,5;25,4;16,2;25,4;21,3;16,6;15,6;70;56;57;355;3,2;1,4;
2026/04/20;1300 UTC;0;901,3;901,4;901,2;2341,5;27,6;14,6;27,7;25,4;16,9;14,6;57;45;45;32;5;1,2;
2026/04/20;1400 UTC;0;901,1;901,3;901,1;1576,6;26;16,7;28,2;26;17,1;14,6;58;45;57;287;3,8;1,6;
2026/04/20;1500 UTC;0;900,6;901,2;900,6;1301,3;26,8;16,1;27,8;25,7;18,1;15,5;60;49;52;243;3,4;1,5;
2026/04/20;1600 UTC;0;900;900,6;900;1534,8;29,1;14;29,1;26,7;17,7;14;56;40;40;267;4,4;,6;
2026/04/20;1700 UTC;0;899,2;900;899,2;2440,2;30;14;30,5;27,1;16,7;13,1;53;36;38;40;4,4;1,7;
2026/04/20;1800 UTC;0;898,6;899,2;898,6;2102,9;27,7;15,2;30,7;27,7;15,2;13,2;47;36;46;107;4,7;1,9;
2026/04/20;1900 UTC;0;898,5;898,6;898,4;1466,2;29,6;15,2;29,9;27;16,7;14;53;38;42;69;4,5;1,3;
2026/04/20;2000 UTC;0;898,6;898,7;898,5;465,6;26,2;16,1;29,6;26,2;17,6;13,5;58;38;54;77;3,8;1,4;
2026/04/20;2100 UTC;0;898,6;898,6;898,5;62,9;22,2;17,7;26,2;22,2;17,9;16,3;76;54;76;78;2,3;,8;
2026/04/20;2200 UTC;0;898,8;898,9;898,5;;19,8;16,6;22,2;19,8;17,8;16,6;82;76;82;54;1,6;,9;
2026/04/20;2300 UTC;0;899;899,1;898,8;;19,3;15,8;19,8;19;16,7;15,8;84;80;80;59;2,5;1,3;
2026/04/21;0000 UTC;0;899,4;899,4;898,9;;17,9;15,4;19,3;17,9;15,8;15,4;85;80;85;36;2,2;,9;
2026/04/21;0100 UTC;0;899,6;899,8;899,4;;16,5;14,8;17,9;16,5;15,4;14,8;90;85;90;68;1,5;,9;
2026/04/21;0200 UTC;0;899,8;899,9;899,6;;17;15,3;17,2;16,5;15,5;14,9;91;90;90;42;2,2;,8;
2026/04/21;0300 UTC;0;900;900,1;899,8;;16,3;14,6;17;15,8;15,2;14,1;92;89;90;100;2,7;1,1;
2026/04/21;0400 UTC;0;899,6;900;899,6;;16;14,6;16,3;15,6;14,9;14,2;93;89;92;244;2,6;,5;
2026/04/21;0500 UTC;0;899,4;899,6;899,3;;15,7;14,5;16;15,7;14,7;14,4;93;91;93;133;2;,4;
2026/04/21;0600 UTC;0;899,4;899,4;899,3;;16,2;14,9;16,3;15,6;15,3;14,3;94;92;92;45;3,1;,4;
2026/04/21;0700 UTC;0;899,6;899,7;899,4;;17;15,6;17;15,9;15,6;14,5;93;89;92;110;4,8;,5;
2026/04/21;0800 UTC;0;899,5;899,6;899,4;;16,9;15,6;17,2;16,8;15,8;15,2;92;90;92;144;1,5;,6;
2026/04/21;0900 UTC;0;900,1;900,1;899,5;;16,5;15,2;16,9;16,5;15,6;15,2;93;92;92;192;2,6;,9;
2026/04/21;1000 UTC;0;900,8;900,8;900,1;54,3;16,5;15,2;16,6;16,2;15,4;14,8;93;92;92;79;2,1;,9;
2026/04/21;1100 UTC;0;901,4;901,4;900,8;713,1;23,3;16,5;23,3;16,5;17,2;15,2;93;65;65;58;5,8;2,6;
2026/04/21;1200 UTC;0;902;902;901,4;1628,6;25,4;15,9;25,4;23,3;16,7;15,3;65;56;56;59;7,7;2,9;
2026/04/21;1300 UTC;0;902,3;902,4;902;2368,3;26,6;15,3;26,7;25,2;16,7;15,2;57;50;50;25;6,9;3,1;
2026/04/21;1400 UTC;0;901,8;902,3;901,8;2913,1;27,7;15;28,2;26,6;16,2;14,8;51;45;46;25;6,8;2,6;
2026/04/21;1500 UTC;0;901,2;901,9;901,2;3344,8;28,1;15,1;28,6;27,2;15,9;14;48;42;45;5;6,5;3,2;
2026/04/21;1600 UTC;0;900,4;901,2;900,4;3576,9;29,4;14,4;30,1;28;16;13,8;46;39;40;10;6,5;1,9;
2026/04/21;1700 UTC;0;899,8;900,4;899,8;2369,4;28,3;14,8;29,6;28;16;13,7;46;39;44;50;5,1;2,3;
2026/04/21;1800 UTC;0;899,1;899,8;899,1;2338,1;28,3;14,7;29,6;27,8;15,4;13,9;46;39;43;69;6,3;2,4;
2026/04/21;1900 UTC;0;899;899,1;898,9;1796,8;28,9;13,5;29,6;28,2;14,7;12,3;44;36;39;16;5,6;1,3;
2026/04/21;2000 UTC;0;899;899;898,8;847,2;27,4;14,2;29,1;27,4;14,9;13;46;37;45;95;4,6;1,4;
2026/04/21;2100 UTC;0;899,2;899,2;899;91,6;24,3;16,2;27,4;24,3;16,3;14;61;44;61;97;3,5;1,4;
2026/04/21;2200 UTC;0;899,3;899,3;899,2;;21,1;17;24,3;21,1;17,2;16,2;78;61;78;80;2,2;1,1;
2026/04/21;2300 UTC;0;900,1;900,1;899,3;;19,3;16,4;21,1;19,3;17,1;16,3;83;77;83;53;1,7;1,2;
2026/04/22;0000 UTC;0;900,5;900,5;900,1;;18,1;16;19,3;18;16,5;15,8;88;83;88;57;1,7;1;
2026/04/22;0100 UTC;0;900,9;900,9;900,5;;17,4;15,7;18,1;17,4;16;15,6;90;87;90;67;1,5;,7;
2026/04/22;0200 UTC;0;901,2;901,2;900,9;;18;16,2;18,1;17,2;16,4;15,6;91;89;89;38;1,7;1;
2026/04/22;0300 UTC;0;901,2;901,3;901,1;;17,4;15,9;18;17,4;16,2;15,6;91;88;91;254;2;,9;
2026/04/22;0400 UTC;0;901,1;901,2;901;;17,9;16,7;17,9;17,2;16,7;15,9;93;91;93;335;1,7;,8;
2026/04/22;0500 UTC;0;900,7;901,1;900,7;;18,1;15,9;18,6;17,7;16,9;15,4;93;86;87;60;3,9;1,8;
2026/04/22;0600 UTC;0;900,4;900,7;900,4;;18,3;16,7;18,3;17,4;16,7;15,4;91;87;90;38;3,2;1,3;
2026/04/22;0700 UTC;0;900,4;900,4;900,3;;17,9;16,5;18,7;17,4;16,8;15,8;92;88;92;38;2,2;1,3;
2026/04/22;0800 UTC;0;900,5;900,5;900,3;;16,9;15,8;18,1;16,7;16,6;15,3;93;89;93;79;2,1;1;
2026/04/22;0900 UTC;0;900,7;900,7;900,5;;16,2;15,1;17,1;16,2;16;15,1;94;92;94;211;2,2;,3;
2026/04/22;1000 UTC;0;901,6;901,6;900,7;53;17,5;16,6;17,5;15,8;16,6;14,8;95;93;94;279;1,4;,5;
2026/04/22;1100 UTC;0;902;902;901,6;785,1;23,2;17,3;23,6;17,5;18,2;16,5;94;69;70;57;2,9;1,1;
2026/04/22;1200 UTC;0;902,4;902,4;902;1632,5;25;16;25,4;23,2;17,7;15,9;70;57;57;61;6,7;2,8;
2026/04/22;1300 UTC;0;902,5;902,6;902,4;2366,6;26,7;15,4;27;24,7;16,5;14,7;59;48;50;47;7,1;3,2;
2026/04/22;1400 UTC;0;902,1;902,5;902,1;2925,8;27,3;14,9;27,9;26,4;16;14,7;51;46;47;37;7,7;3,1;
2026/04/22;1500 UTC;0;901,2;902,1;901,2;2488,8;28,2;15,4;28,3;26,8;15,8;14,3;50;45;46;65;7,9;2,6;
2026/04/22;1600 UTC;0;900,8;901,2;900,7;3000,3;28,3;15,6;29;27,2;16,3;14,1;49;41;46;43;5,9;3;
2026/04/22;1700 UTC;0;900,1;900,8;900,1;3294,5;28,6;13,6;29,5;28,2;16,4;13,6;47;40;40;50;6,4;2,4;
2026/04/22;1800 UTC;0;899,3;900,1;899,3;2515,1;29;14,3;29,8;28,5;15,9;12,5;44;36;41;75;6,5;2,5;
2026/04/22;1900 UTC;0;899,1;899,3;899;1180,4;27,6;16,7;30;26,3;17;13,6;55;39;52;86;6,2;3;
2026/04/22;2000 UTC;0;899,4;899,4;899,1;874,7;27;15,5;28;27;16,9;14,9;52;45;49;95;5,7;2,6;
2026/04/22;2100 UTC;0;899,6;899,6;899,4;79,6;23,7;16,2;27;23,7;16,5;14,6;63;47;63;86;5,1;1,4;
2026/04/22;2200 UTC;0;899,9;899,9;899,6;;21,1;16,4;23,7;21;17,1;16,2;75;63;75;80;2,6;1,3;
2026/04/22;2300 UTC;0;900,6;900,6;899,9;;21;15,5;21,5;20,9;16,4;15,5;75;69;71;83;4,3;1,7;
2026/04/23;0000 UTC;0;901,1;901,1;900,6;;20,7;15,4;21;20,7;15,5;15,3;72;71;71;92;4,4;2,2;
2026/04/23;0100 UTC;0;901,4;901,4;901,1;;20,5;15,5;20,7;20,4;15,5;15,3;73;71;73;92;4,8;1,7;
2026/04/23;0200 UTC;0;901,4;901,4;901,3;;19,5;15,6;20,5;19,5;15,6;15,5;78;73;78;87;4,4;1,8;
2026/04/23;0300 UTC;0;901,3;901,4;901,3;;19,2;15,7;19,5;19;15,7;15,6;81;78;80;94;4,4;2,1;
2026/04/23;0400 UTC;0;901,2;901,3;901,2;;19,2;15,5;19,3;19;15,7;15,5;80;79;79;96;4,7;2,1;
2026/04/23;0500 UTC;0;900,7;901,2;900,7;;19;15,4;19,5;19;15,5;15,3;80;77;80;93;4,8;2,2;
2026/04/23;0600 UTC;0;900,4;900,7;900,4;;19,1;15,5;19,4;19;15,6;15,4;80;78;79;87;4,5;1,9;
2026/04/23;0700 UTC;0;900,5;900,5;900,4;;18,8;15,5;19,2;18,8;15,6;15,5;82;79;82;88;4;1,1;
2026/04/23;0800 UTC;0;900,7;900,7;900,5;;17,2;15,2;18,8;17,2;15,7;15,2;88;82;88;106;3,1;1,4;
2026/04/23;0900 UTC;0;900,8;900,8;900,7;;15,9;14,6;17,2;15,9;15,3;14,5;92;88;92;146;3,1;,9;
2026/04/23;1000 UTC;0;901,5;901,5;900,8;46,5;17,5;15;18;15,3;16,4;14;93;85;85;120;3,4;1,3;
2026/04/23;1100 UTC;0;902,1;902,1;901,5;784,6;22,4;16,1;22,4;17,5;16,6;15,1;86;67;67;92;3,7;1;
2026/04/23;1200 UTC;0;902,7;902,7;902,1;1645,8;24,1;16,5;24,1;22,3;16,6;15,7;68;62;63;74;6,4;2,5;
2026/04/23;1300 UTC;0;902,9;902,9;902,7;2371,6;25;15,9;25,4;23,9;16,9;15,5;63;55;57;55;6,9;3,1;
2026/04/23;1400 UTC;0;902,5;903;902,5;2902;27;15,8;27;24,9;16,7;15,3;58;51;51;109;7,4;2,9;
2026/04/23;1500 UTC;0;901,9;902,6;901,9;3167,6;27,7;15,5;28,1;26,2;16,7;14,4;54;45;47;93;7,5;2,9;
2026/04/23;1600 UTC;0;901;901,9;901;2918,8;27,9;14,9;28,8;26,3;15,8;13,8;49;43;45;83;8,2;3,2;
2026/04/23;1700 UTC;0;900,3;901;900,3;3101,4;28,2;11,4;29,1;27,5;15,2;11,4;46;35;35;85;8,5;3,1;
2026/04/23;1800 UTC;0;899,8;900,3;899,8;2620,5;28,5;12;28,8;27,6;13,3;11,6;40;35;36;102;7,2;2,9;
2026/04/23;1900 UTC;0;899,5;899,8;899,5;1717,9;28,1;13,3;29,2;26,4;13,7;12;43;35;40;115;7,1;2,7;
2026/04/23;2000 UTC;0;899,8;899,8;899,4;962,3;26,4;14;28,1;26,4;14;12,6;46;39;46;93;5,9;2,3;
2026/04/23;2100 UTC;0;899,9;899,9;899,8;101,5;22,9;14,7;26,4;22,9;14,8;13,7;60;46;60;94;5,3;1,8;
2026/04/23;2200 UTC;0;900,1;900,1;899,8;;21;14,7;22,9;21;14,9;14,6;67;60;67;93;3,8;2;
2026/04/23;2300 UTC;0;900,6;900,6;900,1;;20;14,1;21;20;14,7;14,1;70;67;69;88;4,7;2,6;
2026/04/24;0000 UTC;0;901,2;901,2;900,6;;19,4;13,7;20,2;19,4;14,1;13,7;70;67;70;88;5,8;2,8;
2026/04/24;0100 UTC;0;901,3;901,3;901,2;;19,4;13,9;19,6;19,1;14,1;13,7;71;70;71;88;6,9;2,7;
2026/04/24;0200 UTC;0;901,7;901,7;901,3;;18,9;13,3;19,4;18,8;13,9;13,3;72;70;70;93;5,9;2,5;
2026/04/24;0300 UTC;0;901,6;901,7;901,6;;18,3;13,3;19;18,3;13,4;13,3;73;70;73;93;5;2,2;
2026/04/24;0400 UTC;0;901,3;901,6;901,3;;17,2;13,2;18,5;17,2;13,4;13,2;77;72;77;93;4,5;1,4;
2026/04/24;0500 UTC;0;901,1;901,3;901;;15,1;13,1;17,3;15;13,4;12,7;88;77;88;262;3;,9;
2026/04/24;0600 UTC;0;900,9;901,1;900,9;;14,9;13,1;15,1;14,8;13,4;12,9;90;88;89;311;2,7;,8;
2026/04/24;0700 UTC;0;901;901;900,9;;14,7;12,7;16,1;14,4;14,2;12,7;92;85;88;183;2,7;1;
2026/04/24;0800 UTC;0;901;901,1;900,8;;15,3;13,7;15,4;14,7;13,8;12,8;91;88;90;228;2,8;1,2;
2026/04/24;0900 UTC;0;901,6;901,6;901;;15,5;13,5;16;15,2;14,3;13,5;91;88;88;206;3,5;1,2;
2026/04/24;1000 UTC;0;902,4;902,4;901,6;54,8;17;14,4;17,1;15,3;14,8;13,5;90;83;85;4;4,2;,9;
2026/04/24;1100 UTC;0;903;903;902,4;769,7;21,3;15,2;21,3;17;15,6;14,3;85;68;68;74;3,8;1,1;
2026/04/24;1200 UTC;0;903,3;903,3;903;1632,7;23,1;15,5;23,2;21,2;16,2;15,3;70;62;62;68;7,6;3,1;
2026/04/24;1300 UTC;0;903,5;903,5;903,3;2349,3;24,4;16;24,5;23;16,4;15,3;64;58;59;57;9,3;4,1;
2026/04/24;1400 UTC;0;903;903,5;903;2771,7;25,8;15,2;26,2;24,1;16,7;15,1;60;51;52;52;8,6;3,7;
2026/04/24;1500 UTC;0;902,1;903;902,1;2718,1;25,7;14,9;27,3;25,5;15,9;14,4;54;47;52;28;7,1;2,6;
2026/04/24;1600 UTC;0;901,2;902,1;901,2;2722;27,1;15,2;27,3;25,6;16,2;14,4;53;46;48;8;6,3;2,7;
2026/04/24;1700 UTC;0;900,4;901,2;900,4;2003,9;26,9;15,4;28;26,2;16,2;14,4;52;46;49;59;6,4;2,4;
2026/04/24;1800 UTC;0;900;900,4;899,9;1957,9;28,5;15,2;28,5;26,7;15,7;14,4;51;42;44;330;5,3;1,3;
2026/04/24;1900 UTC;0;899,8;900;899,8;1864,8;28,5;14,4;29,1;27,9;15,3;13,2;45;39;42;351;4,8;,7;
2026/04/24;2000 UTC;0;900;900;899,8;912,5;26,6;15,5;28,6;26,6;15,9;13,9;50;41;50;26;3,5;1,5;
2026/04/24;2100 UTC;0;900,2;900,2;900;62,9;23,2;16,8;26,6;23,2;17,2;15,3;68;50;68;50;3,5;,9;
2026/04/24;2200 UTC;0;900,4;900,4;900,1;;20,2;16,4;23,1;20,2;17,3;16,4;79;67;79;46;2;1;
2026/04/24;2300 UTC;0;900,9;900,9;900,4;;18,7;16;20,2;18,7;16,5;16;84;79;84;73;2,3;,8;
2026/04/25;0000 UTC;0;901,5;901,5;900,9;;18,6;16,1;18,7;18,2;16,2;15,9;87;84;86;46;2,2;1,4;
2026/04/25;0100 UTC;0;901,5;901,6;901,5;;17,4;15,5;18,6;17,4;16,1;15,3;88;85;88;20;2,2;,8;
2026/04/25;0200 UTC;0;901,6;901,6;901,5;;17,1;15,7;17,4;16,7;15,7;15,2;91;88;91;198;2,2;1,1;
2026/04/25;0300 UTC;0;901,5;901,6;901,5;;17,1;15,7;17,3;16,7;15,8;15,1;92;90;92;62;2,6;,5;
2026/04/25;0400 UTC;0;901,2;901,5;901,2;;17,5;16,2;17,6;16,8;16,3;15,5;93;92;92;199;3;1,1;
2026/04/25;0500 UTC;0;900,8;901,2;900,8;;16,9;15,5;17,5;16,5;16,2;14,9;93;90;92;173;3;1;
2026/04/25;0600 UTC;0;900,6;900,8;900,6;;16,9;15,9;16,9;16,5;15,9;15,3;94;92;94;190;2,8;1,4;
2026/04/25;0700 UTC;0;900,5;900,6;900,5;;16,6;15,5;17;16,6;16;15,5;94;93;93;176;3;1,3;
2026/04/25;0800 UTC;0;900,3;900,5;900,3;;16,8;15,9;16,8;16,2;15,9;15,1;94;93;94;191;3;1,2;
2026/04/25;0900 UTC;0;900,9;900,9;900,4;;16,7;15,8;16,9;16,3;16;15,2;94;93;94;197;2,5;,9;
2026/04/25;1000 UTC;0;901,7;901,7;900,9;48,3;19,4;16,7;19,5;16,5;17;15,4;94;84;84;115;3,5;1,3;
2026/04/25;1100 UTC;0;901,9;901,9;901,7;610,7;22,5;17,8;22,5;19,4;17,8;16,5;85;74;75;60;4,3;1,8;
2026/04/25;1200 UTC;0;902,2;902,3;901,8;1595,9;24,5;17,2;24,6;22,5;18;16,6;75;64;64;24;6,8;2,8;
2026/04/25;1300 UTC;0;902,5;902,5;902,2;2240,2;25,6;16,6;26,2;24,2;17,9;16,4;65;56;58;34;5,8;1,8;
2026/04/25;1400 UTC;0;901,8;902,5;901,8;2449,3;27,3;17,5;27,3;25,3;17,5;15,9;60;53;55;349;5,5;2,3;
2026/04/25;1500 UTC;0;900,9;901,8;900,8;2434,1;28,7;16;29;25,9;17,9;15,8;58;46;46;17;5,7;1,5;
2026/04/25;1600 UTC;0;900;900,9;900;1843,3;28,7;16;28,8;26,8;17,3;15,7;55;46;46;111;4,5;1,6;
2026/04/25;1700 UTC;0;899,3;900;899,2;3525,6;30,2;16,2;31,3;28,6;17;12,3;49;33;43;122;12,3;1,7;
2026/04/25;1800 UTC;0;898,8;899,3;898,8;1089,2;27,3;17,4;30,2;27,3;17,7;14;55;40;55;139;4,8;2,4;
2026/04/25;1900 UTC;0;898,7;898,8;898,7;870,4;26,7;17,4;28,3;25,8;18,1;16,7;61;52;57;81;5,8;2,2;
2026/04/25;2000 UTC;0;898,9;899;898,7;284,2;24,8;17,7;26,8;24,8;17,9;17;65;56;65;54;4,7;1,3;
2026/04/25;2100 UTC;0;899,1;899,1;898,9;68;23,3;18;24,7;23,3;18,2;17,6;72;65;72;62;2,5;1,3;
2026/04/25;2200 UTC;0;899;899,1;899;;21,4;18;23,3;21,4;18,1;17,9;81;72;81;111;2,1;1;
2026/04/25;2300 UTC;0;899,6;899,6;899;;20;17,3;21,4;20;18;17,2;85;81;84;42;1,6;1;
2026/04/26;0000 UTC;0;900;900;899,6;;19;16,9;20,1;19;17,2;16,9;88;83;88;114;1,7;,9;
2026/04/26;0100 UTC;0;900,4;900,4;900;;18,7;16,8;19;18,7;16,9;16,5;89;87;89;149;2,3;,6;
2026/04/26;0200 UTC;0;900,6;900,6;900,4;;18,1;16,3;18,7;18,1;16,8;16,2;90;88;89;34;1,4;,7;
2026/04/26;0300 UTC;0;900,7;900,8;900,6;;18,9;17,3;18,9;18,1;17,3;16,3;91;89;90;172;2,9;1;
2026/04/26;0400 UTC;0;900,3;900,7;900,3;;18,9;17;19,2;18,9;17,5;17;91;88;88;46;2;,9;
2026/04/26;0500 UTC;0;900,1;900,3;900;;18,6;17;18,9;18,6;17,3;16,9;91;88;90;283;2,9;1,1;
2026/04/26;0600 UTC;0;899,9;900,1;899,9;;18,1;16,6;19;18,1;17,2;16,6;91;90;91;91;2,9;,5;
2026/04/26;0700 UTC;0;900,2;900,2;899,9;;17,3;16;18,1;17,3;16,6;16;92;91;92;36;1,2;,8;
2026/04/26;0800 UTC;0;900,2;900,3;900,2;;17,7;16,6;17,8;17,3;16,7;16,1;93;92;93;84;1,8;,3;
2026/04/26;0900 UTC;0;900,6;900,6;900,2;;18,2;17,1;18,2;17,7;17,1;16,5;94;93;94;70;2,2;,9;
2026/04/26;1000 UTC;0;901,1;901,1;900,6;19,6;19,7;18;19,7;18,2;18,1;17,2;94;90;90;74;2,7;1,1;
2026/04/26;1100 UTC;1,8;901,7;901,7;901,1;78,2;19,6;18,2;20,3;19,6;18,2;17,9;91;86;91;102;5,8;1,9;
2026/04/26;1200 UTC;,4;902,1;902,1;901,7;343,3;20,5;19,1;20,5;19,6;19,1;18,2;93;91;91;88;5,2;1,3;
2026/04/26;1300 UTC;0;902,3;902,4;902,1;1313,5;24,1;19,9;24,1;20,5;19,9;18,9;91;75;77;110;4,7;1,6;
2026/04/26;1400 UTC;0;901,9;902,3;901,9;2276,8;26;18,6;26,6;23,8;20,1;18,3;77;61;64;153;4,7;2,3;
2026/04/26;1500 UTC;0;900,7;901,9;900,7;1251,3;25,8;18,6;26;24,7;19,1;17,9;70;64;65;118;4,2;1,8;
2026/04/26;1600 UTC;0;900;900,7;900;1082,1;25,9;19,1;26,4;25,6;19,4;18,4;68;62;66;130;4,3;1,8;
2026/04/26;1700 UTC;0;899;900;899;1385,6;27,3;17,8;28;25,9;19,5;17,6;67;54;56;325;3,4;1;
2026/04/26;1800 UTC;0;898,3;899;898,3;1804,2;28,5;18,1;28,6;26,9;18,7;17;58;52;53;89;3,9;1,1;
2026/04/26;1900 UTC;0;898,2;898,3;898,1;1601,9;27,8;15,5;29;27,2;18,4;14,8;57;44;47;105;3,4;1,3;
2026/04/26;2000 UTC;0;898,5;898,5;898,2;586,6;24,6;18,1;28,4;24,5;18,7;15,2;70;46;67;311;2,9;1,1;
2026/04/26;2100 UTC;0;898,8;898,8;898,5;91,2;22,6;18,8;24,7;22,6;19,3;17,7;79;65;79;128;1,7;1,2;
2026/04/26;2200 UTC;0;899,2;899,2;898,8;;21,1;18,4;22,6;21,1;19,2;18,4;86;79;85;64;1,6;,9;
2026/04/26;2300 UTC;0;899,5;899,5;899,2;;19,7;17,6;21,1;19,7;18,7;17,6;88;84;88;69;1,8;,9;
2026/04/27;0000 UTC;0;900,1;900,1;899,5;;18,8;16,9;19,8;18,8;17,7;16,9;89;85;88;51;2;1,2;
2026/04/27;0100 UTC;0;900,1;900,1;900,1;;18,2;16,6;19;18,2;17,3;16,5;91;88;90;273;2,5;,9;
2026/04/27;0200 UTC;0;900,3;900,3;900;;19,1;17,8;19,1;18,2;17,9;16,6;93;90;93;182;2,1;1;
2026/04/27;0300 UTC;0;900,4;900,4;900,2;;18,1;16,7;19,1;18,1;17,7;16,6;93;90;92;311;2,4;,5;
2026/04/27;0400 UTC;0;900,3;900,4;900,2;;17,5;16,2;18,1;17,4;16,7;16,2;92;91;92;105;1,9;,6;
2026/04/27;0500 UTC;0;900,2;900,4;900,2;;18;16,7;18;17,5;16,8;16,2;93;92;92;97;1,5;,8;
2026/04/27;0600 UTC;0;900;900,2;900;;17,7;16,6;18;17,6;16,7;16,3;93;92;93;118;1,4;,7;
2026/04/27;0700 UTC;0;899,9;900,1;899,9;;17,5;16,4;17,7;17,4;16,7;16,4;94;93;93;111;1,2;,7;
2026/04/27;0800 UTC;0;900,1;900,1;899,8;;17,9;17;17,9;17,4;17;16,3;94;93;94;176;1,2;,7;
2026/04/27;0900 UTC;0;900,7;900,7;900,1;;16,8;15,9;18;16,8;17,1;15,8;94;93;94;99;2;,6;
2026/04/27;1000 UTC;0;901,4;901,4;900,7;58,9;17,8;16,9;17,8;16,9;16,9;15,9;95;94;95;124;1,6;,2;
2026/04/27;1100 UTC;0;902,2;902,2;901,4;658,8;24;18,3;24;17,8;19,6;17;95;71;71;42;1,5;,6;
2026/04/27;1200 UTC;0;902,5;902,5;902,2;1567;25,1;17,7;25,9;23,7;18,6;17,3;71;62;63;10;4,8;1,7;
2026/04/27;1300 UTC;0;902,8;902,8;902,5;1331,8;25,2;17,1;25,9;24,6;18,4;16,9;67;59;61;63;5,1;2,3;
2026/04/27;1400 UTC;0;902,3;902,8;902,3;1673,3;25,5;16,7;27,3;25,2;17,7;16,3;61;52;58;68;5,5;2,5;
2026/04/27;1500 UTC;0;901,3;902,3;901,3;2444,2;27,6;17,7;28,8;25,5;18,1;15,5;60;50;55;52;4,9;2,1;
2026/04/27;1600 UTC;0;900,2;901,3;900,2;1034,1;27,5;16,8;27,6;26,1;17,9;16,5;59;52;52;26;4,4;1,6;
2026/04/27;1700 UTC;0;899,5;900,2;899,5;2394,4;27,8;16,7;30;26,8;17,5;15,8;55;45;51;132;5,2;1,7;
2026/04/27;1800 UTC;0;899,1;899,5;899,1;1799,6;29;16,7;29,6;27,3;18,7;16;56;47;48;60;4,2;2,1;
2026/04/27;1900 UTC;0;899,1;899,1;898,9;974,9;26,2;18;29,5;26,2;18,4;16,6;61;46;61;59;5,1;1,5;
2026/04/27;2000 UTC;0;899,5;899,5;899,1;268;24,8;19,4;26,4;24,8;19,4;17,7;72;59;72;47;3,4;,9;
2026/04/27;2100 UTC;0;899,5;899,6;899,4;75;23,4;18,3;24,8;23,4;19,9;18,3;77;72;73;76;2,7;1,5;
2026/04/27;2200 UTC;0;900;900;899,4;;20,5;17,9;23,4;20,5;18,5;17,8;85;73;85;81;2,4;1;
2026/04/27;2300 UTC;0;900,8;900,8;900;;19,9;17,9;20,5;19,5;18;17,3;89;85;89;65;2,2;,9;
2026/04/28;0000 UTC;0;901,1;901,2;900,8;;19,3;17,1;20;19,2;17,9;17,1;89;85;87;49;2;1,4;
2026/04/28;0100 UTC;0;901,5;901,5;901,1;;18,1;16,5;19,3;18,1;17,1;16,5;91;87;90;53;2;1;
2026/04/28;0200 UTC;0;901,7;901,7;901,5;;17,5;16,2;18,1;17,5;16,5;16,2;92;90;92;95;1,7;,8;
2026/04/28;0300 UTC;0;901,6;901,7;901,5;;16,8;15,7;17,5;16,8;16,2;15,7;93;92;93;50;1,4;,8;
2026/04/28;0400 UTC;0;901,1;901,6;901,1;;16,8;15,8;16,8;16,3;15,9;15,2;94;93;94;56;1,9;1,2;
2026/04/28;0500 UTC;0;900,6;901,1;900,6;;16,1;15,2;16,9;16,1;16;15,2;94;94;94;61;1,8;,7;
2026/04/28;0600 UTC;0;900;900,7;900;;15,3;14,5;16,1;15,3;15,1;14,4;95;94;95;61;1,8;1,2;
2026/04/28;0700 UTC;0;899,9;900,1;899,8;;14,4;13,6;15,4;14,4;14,6;13,6;95;95;95;62;1,7;1,2;
2026/04/28;0800 UTC;0;900;900;899,9;;14,1;13,4;14,5;14,1;13,7;13,3;95;95;95;82;1,5;,8;
2026/04/28;0900 UTC;0;900,8;900,8;900;;13,7;12,9;14,1;13,7;13,4;12,9;95;95;95;108;1,4;,5;
2026/04/28;1000 UTC;0;901,4;901,4;900,8;56;15,5;14,8;15,5;13,3;14,8;12,5;96;95;96;53;1,8;1,1;
2026/04/28;1100 UTC;0;901,8;901,8;901,5;781,2;23,9;18,3;23,9;15,4;18,5;14,8;96;70;71;40;1,8;,9;
2026/04/28;1200 UTC;0;902,2;902,2;901,8;1603,6;25,9;17,3;26;23,2;18,6;17,3;72;59;59;70;5,1;2,7;
2026/04/28;1300 UTC;0;902,3;902,3;902,2;2327;27,1;16,6;27,2;25,9;17,9;16;61;51;52;54;5,6;2,9;
2026/04/28;1400 UTC;0;901,8;902,3;901,8;2508,2;28,2;15,7;28,2;26,8;17,2;14,9;54;47;47;39;7,1;2,8;
2026/04/28;1500 UTC;0;901,1;901,8;901,1;2928,6;28,1;14,5;29,6;27,7;15,9;14,4;48;41;43;45;6,5;2,4;
2026/04/28;1600 UTC;0;900,4;901,1;900,4;2197,4;27,6;14,5;29,5;27,5;15,5;13,5;46;39;45;49;6,1;1,8;
2026/04/28;1700 UTC;0;899,7;900,3;899,7;1933,9;27,5;16,1;30,3;27,5;16,1;13,8;50;38;50;96;5,5;1,6;
2026/04/28;1800 UTC;0;899,2;899,7;899,2;1871,1;29,7;14,3;29,8;27,3;16,5;14,1;51;39;39;72;5,5;2;
2026/04/28;1900 UTC;0;899,2;899,2;899;1847,8;28,9;12,9;29,8;28,5;14,8;12,9;43;37;37;90;6,8;2,3;
2026/04/28;2000 UTC;0;899,4;899,4;899,2;854,3;27,5;12,9;29,1;27,5;14,1;12,4;42;37;41;101;5,6;2;
2026/04/28;2100 UTC;0;899,7;899,7;899,4;48,6;22,4;15;27,5;22,4;15;12,4;63;41;63;118;4,3;1,7;
2026/04/28;2200 UTC;0;899,8;899,8;899,6;;19,2;15,4;22,5;19,2;15,9;15;79;63;79;90;2,6;1,1;
2026/04/28;2300 UTC;0;900,1;900,1;899,8;;18,6;14,7;19,1;18,4;15,4;14,6;83;78;78;80;2,3;1,5;
2026/04/29;0000 UTC;0;900,6;900,6;900,1;;19,7;14,4;19,7;18,6;14,8;14,3;78;71;71;91;3,6;1,9;
2026/04/29;0100 UTC;0;901;901;900,6;;20;14,7;20;19,6;14,7;14,4;72;71;71;97;4,5;2,2;
2026/04/29;0200 UTC;0;901,2;901,2;901;;20,6;14,7;20,9;20;14,8;14,6;71;68;69;90;6;2,5;
2026/04/29;0300 UTC;0;901,2;901,3;901,1;;19,9;14,5;20,6;19,8;14,8;14,5;71;69;71;92;5,6;1,9;
2026/04/29;0400 UTC;0;901;901,3;901;;17,5;14,2;20;17,5;14,5;14,1;81;71;81;266;4,1;1;
2026/04/29;0500 UTC;0;900,6;901;900,6;;17,2;14,7;17,5;16,9;14,8;14,1;86;81;86;239;2,9;1,5;
2026/04/29;0600 UTC;0;900,1;900,6;900,1;;15,7;13,9;17,4;15,7;14,8;13,9;89;84;89;238;2,9;1,5;
2026/04/29;0700 UTC;0;899,8;900,2;899,8;;15,4;14;15,7;15,2;14,2;13,8;92;89;91;281;2,7;,7;
2026/04/29;0800 UTC;0;899,9;899,9;899,8;;15,3;13,7;15,6;15,1;14,2;13,7;92;90;90;206;2,8;,9;
2026/04/29;0900 UTC;0;900,5;900,5;899,9;;16,4;14,4;16,7;15,2;15;13,6;91;86;88;222;3,7;1;
2026/04/29;1000 UTC;0;901,2;901,2;900,5;51;17;15,1;17;15,2;15,1;13,6;91;87;88;342;3,5;,9;
2026/04/29;1100 UTC;0;901,7;901,7;901,1;775,8;22,2;14,8;22,3;17;15,5;14,7;88;63;63;27;3,3;1,5;
2026/04/29;1200 UTC;0;901,9;901,9;901,7;1628,9;24,2;14,2;24,5;22,2;15,5;14,2;64;54;54;47;7,5;3,2;
2026/04/29;1300 UTC;0;902,2;902,3;901,9;2349,4;25,5;14,2;25,6;24;15,2;13,8;56;49;50;48;7,9;3,7;
2026/04/29;1400 UTC;0;901,8;902,3;901,8;2902,4;26,6;13,3;26,8;25,2;14,9;13,3;51;44;44;63;8,1;3,4;
2026/04/29;1500 UTC;0;900,9;901,8;900,9;3214,6;27,6;13,1;28,2;26,3;14,5;12,6;47;40;41;82;7,1;3;
2026/04/29;1600 UTC;0;900,1;900,9;900,1;2972,8;27,6;12,7;28,6;27;14,8;12,3;45;39;40;109;6,5;2,4;
2026/04/29;1700 UTC;0;899,5;900,1;899,5;2639,5;27,5;13,5;29,3;27,5;13,7;10,2;42;31;42;107;6,7;2,9;
2026/04/29;1800 UTC;0;898,7;899,5;898,7;2085,5;28,5;11,7;29,4;26,4;13,6;10,8;44;32;35;112;6,5;2,2;
2026/04/29;1900 UTC;0;898,6;898,7;898,5;1761,5;28,1;11,7;28,9;27,6;12,8;10,8;38;34;36;99;5,6;2,1;
2026/04/29;2000 UTC;0;898,9;898,9;898,6;853,2;26,3;11,5;28,5;26,3;12,8;10,9;42;34;40;72;5;2;
2026/04/29;2100 UTC;0;899,1;899,1;898,9;53,3;21,4;13,6;26,3;21,4;13,9;11,2;62;39;61;74;4,4;,9;
2026/04/29;2200 UTC;0;899,6;899,6;899,1;;18,8;14,8;21,4;18,8;14,9;13,8;78;61;78;49;1,8;1,2;
2026/04/29;2300 UTC;0;900,1;900,2;899,6;;17;13,6;18,8;17;14,7;13,6;80;76;80;80;1,8;1;
2026/04/30;0000 UTC;0;900,5;900,5;900,1;;18;13,2;18;16,9;13,8;13,2;81;73;73;86;3,4;1,8;
2026/04/30;0100 UTC;0;900,5;900,6;900,4;;18,3;13,3;18,6;18;13,3;13;73;71;73;89;4,2;1,9;
2026/04/30;0200 UTC;0;900,4;900,5;900,4;;17,1;13,4;18,3;17,1;13,5;13,3;79;73;79;94;3,8;1,6;
2026/04/30;0300 UTC;0;900,5;900,6;900,4;;18;13,7;18;17;13,8;13,4;80;76;76;123;4,6;2,4;
2026/04/30;0400 UTC;0;900,4;900,5;900,4;;15,6;12,9;18;15,6;13,7;12,9;84;75;84;234;4,4;,7;
2026/04/30;0500 UTC;0;900,2;900,5;900,2;;14,3;12,7;15,6;14,3;13;12,6;90;84;90;172;2,5;1,1;
2026/04/30;0600 UTC;0;900,1;900,2;900,1;;14,3;12,8;14,5;14,3;13;12,7;91;90;91;156;2,1;1,1;
2026/04/30;0700 UTC;0;900;900,1;899,9;;14;12,8;14,3;13,7;12,8;12,4;93;91;93;182;2;1,1;
2026/04/30;0800 UTC;0;900,2;900,2;900;;13,6;12,5;14;13,6;12,8;12,4;93;92;93;156;2,1;,8;
2026/04/30;0900 UTC;0;900,7;900,7;900,2;;13,3;12,3;13,6;13,3;12,5;12,2;94;93;93;87;1,8;,6;
2026/04/30;1000 UTC;0;901,5;901,5;900,7;49;16,4;14,7;16,4;13,2;14,8;12,2;94;90;90;103;2,7;1,2;
2026/04/30;1100 UTC;0;902;902;901,5;791,3;21,9;14,1;21,9;16,4;14,7;13,9;90;61;61;109;6,7;3;
2026/04/30;1200 UTC;0;902,5;902,5;902;1642,2;23,4;15,2;23,4;21,6;15,2;13,9;62;59;60;95;9,6;3,9;
2026/04/30;1300 UTC;0;902,8;902,8;902,5;2353,5;25,2;15,1;25,7;23,1;15,8;14,5;60;53;54;113;9,4;3,7;
2026/04/30;1400 UTC;0;902,4;902,9;902,4;2920,5;26,2;15,4;26,5;25;16,1;14,9;56;49;51;94;9,1;3,8;
2026/04/30;1500 UTC;0;901,6;902,5;901,6;2885,6;26,8;15,6;26,9;25,1;15,6;13,2;52;45;50;92;7,6;3,2;
2026/04/30;1600 UTC;0;900,8;901,7;900,8;2925,5;27,4;13,5;28,3;25,1;15,2;13,2;52;40;43;97;7,9;2,7;
2026/04/30;1700 UTC;0;900,1;900,8;900,1;2995,3;27,1;12,1;28,3;26,7;14,3;11,9;46;38;40;67;7,8;2,8;
2026/04/30;1800 UTC;0;899,4;900,1;899,4;2447,1;27,5;12,5;28,4;26,3;14;11,8;44;37;40;75;7,3;2,4;
2026/04/30;1900 UTC;0;899,1;899,4;899,1;1818,3;27,2;13,6;28,1;27;14,1;11,9;43;38;43;55;6,4;2,4;
2026/04/30;2000 UTC;0;899;899,1;899;831,9;25,5;13,4;27,2;25,5;13,9;12;47;40;47;95;6,4;2,2;
2026/04/30;2100 UTC;0;899,1;899,1;899;52,3;21,8;13,9;25,5;21,8;13,9;12,7;61;46;61;109;5,2;1,3;
2026/04/30;2200 UTC;0;899,5;899,5;899,1;;19,4;14,7;21,8;19,3;14,7;14;75;61;75;101;2,4;1,6;
2026/04/30;2300 UTC;0;900,1;900,1;899,5;;18,4;14,5;19,4;18,1;14,7;14,4;79;74;78;100;2,8;1,7;
2026/05/01;0000 UTC;0;900,6;900,6;900,1;;19;14,6;19,3;18,3;14,6;14,5;79;74;76;102;4;2,1;
2026/05/01;0100 UTC;0;900,8;900,8;900,6;;18,7;14,9;19,1;18,7;14,9;14,6;79;76;79;105;4,8;2,4;
2026/05/01;0200 UTC;0;901,1;901,1;900,8;;18,3;14,9;18,7;18,3;15,1;14,9;81;79;81;96;5;2,4;
2026/05/01;0300 UTC;0;901,4;901,4;901,1;;17,5;15,2;18,3;16,8;15,2;14,5;88;81;86;111;4,3;1,7;
2026/05/01;0400 UTC;0;901,2;901,5;901,1;;16,1;14,3;17,8;16,1;15,3;14,2;89;84;89;326;3,1;,6;
2026/05/01;0500 UTC;0;900,8;901,2;900,8;;15,2;13,8;16,3;14,9;14,5;13,3;92;89;92;108;3;1,3;
2026/05/01;0600 UTC;0;900,6;900,8;900,6;;16,1;14,2;16,1;15,1;14,4;13,7;92;88;88;100;3,9;2;
2026/05/01;0700 UTC;0;900,6;900,7;900,5;;16,7;14,2;16,7;15,8;14,2;13,9;88;85;85;109;3,8;1,9;
2026/05/01;0800 UTC;0;900,6;900,7;900,6;;16,9;14,5;17;16,6;14,5;14;86;83;86;103;4,5;2,4;
2026/05/01;0900 UTC;0;901,2;901,2;900,6;;17,7;14,5;17,7;16,9;14,6;14,3;86;82;82;92;6,3;3,1;
2026/05/01;1000 UTC;0;902,2;902,2;901,2;45,3;18,6;14,8;18,6;17,7;14,8;14,5;82;79;79;88;7,1;2,9;
2026/05/01;1100 UTC;0;902,5;902,5;902,2;796,1;20,9;15,1;21,1;18,6;15,4;14,8;79;69;69;92;9;3,9;
2026/05/01;1200 UTC;0;903;903;902,5;1640,9;22,9;15,7;23,2;20,9;16,3;15,2;70;63;64;79;10;3,4;
2026/05/01;1300 UTC;0;903,7;903,8;903;2359,8;25;15,9;25,3;22,7;16,6;15,2;65;55;57;79;9,2;3,6;
2026/05/01;1400 UTC;0;903,6;903,8;903,6;2923,1;26;14,5;26,5;25;16;13,8;57;47;49;77;9,3;3,8;
2026/05/01;1500 UTC;0;903,2;903,6;903,2;2895,2;25,2;14,6;27,1;24,9;15;13,2;52;44;52;60;8,2;3,5;
2026/05/01;1600 UTC;0;902,3;903,2;902,3;2367,9;25,6;15,4;27,4;24,9;16,5;13,6;55;45;53;83;9,6;3,8;
2026/05/01;1700 UTC;0;901,6;902,3;901,6;1878,5;25,8;16,3;28,1;25,1;17,1;14,3;57;46;56;78;9,1;3,2;
2026/05/01;1800 UTC;0;901;901,6;901;1901,5;27,4;15,4;28;25,8;16,3;14,3;56;46;48;86;7,8;3,4;
2026/05/01;1900 UTC;0;900,8;901;900,7;1514,7;27,7;15,3;27,9;25,2;16,2;14,1;52;45;47;97;7,8;2,4;
2026/05/01;2000 UTC;0;901;901;900,8;862,8;26,2;15,1;27,9;26,2;15,8;15,1;52;46;51;73;8,1;1,6;
2026/05/01;2100 UTC;0;901,6;901,6;901;75,8;22,3;15,5;26,2;22,3;15,5;14,2;65;48;65;115;5,2;1,3;
2026/05/01;2200 UTC;0;901,9;901,9;901,6;;22,1;16,2;22,3;20,9;16,5;15,4;75;65;69;100;3,2;1,6;
2026/05/01;2300 UTC;0;902,4;902,4;901,8;;21,5;15,9;22,6;21,5;16,2;15,7;70;66;70;90;5,1;2,1;
2026/05/02;0000 UTC;0;902,9;902,9;902,4;;21,1;16;21,5;20,8;16;15,8;73;70;73;98;5,1;2,1;
2026/05/02;0100 UTC;0;902,9;902,9;902,9;;20,7;16;21,2;20,7;16,1;15,8;74;72;74;91;6;2,9;
2026/05/02;0200 UTC;0;902,8;902,9;902,7;;20,4;15,9;20,8;20,3;16;15,9;76;74;75;95;6,6;3;
2026/05/02;0300 UTC;0;902,7;902,8;902,7;;20,3;15,8;20,6;20,3;15,9;15,8;75;75;75;93;6,7;2,7;
2026/05/02;0400 UTC;0;902,5;902,7;902,4;;20,1;15,8;20,3;19,9;15,8;15,7;77;75;76;97;6,5;2,7;
2026/05/02;0500 UTC;0;902,1;902,5;902,1;;19,6;15,9;20,1;19,6;16;15,7;79;76;79;92;6,7;2,3;
2026/05/02;0600 UTC;0;902;902,1;902;;18,6;15,7;19,7;18,6;16,2;15,7;83;79;83;304;5,8;,9;
2026/05/02;0700 UTC;0;901,7;902;901,7;;16,6;15;18,6;16,6;15,7;15;90;83;90;259;3,2;,6;
2026/05/02;0800 UTC;0;901,7;901,8;901,6;;17,3;15,7;18,7;16,6;16,6;15;92;85;90;353;5,5;1;
2026/05/02;0900 UTC;0;902,4;902,4;901,7;;17,9;15,8;18,3;16,9;16,3;15,3;92;87;88;69;6,5;1,9;
2026/05/02;1000 UTC;0;902,9;903;902,4;49,5;18,8;16,4;18,8;17,3;16,4;15,6;91;86;86;89;4;1,2;
2026/05/02;1100 UTC;0;903,6;903,6;902,9;758,4;21,9;17,3;22,1;18,8;17,4;16,2;86;74;75;33;3;1,4;
2026/05/02;1200 UTC;0;904,3;904,3;903,6;1610,6;22,8;17,5;23;21,7;17,8;17,1;76;71;72;59;8,4;3,8;
2026/05/02;1300 UTC;0;904,5;904,5;904,3;2327,2;24,9;17,4;25,2;22,8;18,2;17,3;72;63;63;74;8,6;3,7;
2026/05/02;1400 UTC;0;904,1;904,5;904,1;2894,3;26,2;15,2;27;24,8;18,2;15,2;63;50;51;43;7,3;2,6;
2026/05/02;1500 UTC;0;903,5;904,1;903,5;2636,5;26,9;16,8;27,6;25,6;17,2;15,5;56;49;54;66;6,1;1,8;
2026/05/02;1600 UTC;0;902,7;903,5;902,7;3398;28,9;14,2;28,9;26,9;16,8;11,5;54;35;41;11;5,6;2,7;
2026/05/02;1700 UTC;0;902;902,7;902;2753,8;28,6;12,6;29,6;27,2;14,7;12,2;44;36;37;34;5,5;1,4;
2026/05/02;1800 UTC;0;901,7;902;901,7;2481;29,7;12,5;30,1;27,9;14,8;11,1;41;33;35;82;5,1;2,3;
2026/05/02;1900 UTC;0;901,5;901,7;901,5;1765,7;29,1;13,5;30,1;27,9;14,3;12,3;41;34;38;125;4,7;2,3;
2026/05/02;2000 UTC;0;901,9;901,9;901,5;657,2;26,6;13,8;29,2;26,6;14,6;12,8;48;37;45;121;5,4;1,6;
2026/05/02;2100 UTC;0;902;902;901,9;43,5;22,5;15,4;26,6;22,5;15,6;13,7;64;45;64;113;3,1;1,3;
2026/05/02;2200 UTC;0;902,2;902,2;902;;19,3;15;22,5;19,3;15,9;15;77;64;76;76;2,1;,9;
2026/05/02;2300 UTC;0;902,6;902,6;902,2;;18,1;14,4;19,3;18,1;15,3;14,2;80;76;79;70;1,5;,8;
2026/05/03;0000 UTC;0;903,1;903,1;902,6;;17,8;14,8;18,2;17,8;15,1;14,2;83;79;83;118;2,8;1,1;
2026/05/03;0100 UTC;0;903,2;903,2;903,1;;16,9;14,8;17,8;16,9;14,9;14,6;87;82;87;163;3;1,5;
2026/05/03;0200 UTC;0;903,1;903,3;903;;17,6;15,2;18,2;16,9;15,6;14,8;88;84;86;126;3,2;1,3;
2026/05/03;0300 UTC;0;902,8;903,1;902,8;;18,1;15,9;18,2;17,2;16;15,1;89;86;87;123;3;1,5;
2026/05/03;0400 UTC;0;902,6;902,8;902,6;;16,7;15,2;18,1;16,7;15,7;15;91;86;91;203;2,8;,5;
2026/05/03;0500 UTC;0;902,1;902,6;902,1;;16,7;15,2;17,2;16,6;15,8;15,1;92;91;91;147;2,6;,7;
2026/05/03;0600 UTC;0;901,8;902,1;901,8;;18,6;16,4;18,7;16,6;16,7;15,2;92;88;88;135;3,6;1,6;
2026/05/03;0700 UTC;0;901,8;901,8;901,7;;20,3;16,3;20,3;18,5;16,8;16,3;88;78;78;109;5,5;2,4;
2026/05/03;0800 UTC;0;901,7;901,9;901,7;;19,6;16,4;20,3;19,6;16,5;16,3;81;78;81;142;5,1;1,4;
2026/05/03;0900 UTC;0;902,1;902,1;901,7;;18,2;15,9;19,6;18,2;16,4;15,9;87;81;87;163;3,4;1,4;
2026/05/03;1000 UTC;0;902,5;902,6;902,1;73,3;19,9;16,8;19,9;17,8;16,9;15,7;90;83;83;130;3,9;2;
2026/05/03;1100 UTC;0;902,8;902,8;902,5;732,9;23,4;16,7;23,5;19,9;17,1;16,5;83;66;66;102;7,4;4,1;
2026/05/03;1200 UTC;0;902,7;902,8;902,6;1535,3;24,8;16,4;24,9;23,4;17,4;16,3;67;59;59;90;9,1;3,9;
2026/05/03;1300 UTC;0;902,8;902,8;902,6;2257;26,2;15,8;26,7;24,7;17,2;15,8;60;53;53;90;8,8;3,3;
2026/05/03;1400 UTC;0;902,4;902,8;902,3;2714,7;27,7;15,4;27,7;26,2;16,9;14,6;54;47;47;110;9,3;4,1;
2026/05/03;1500 UTC;0;901,6;902,3;901,6;2916,9;26,7;10,9;28,9;26,7;15,3;10,6;47;34;37;88;9,4;4,4;
2026/05/03;1600 UTC;0;900,7;901,6;900,7;3282,5;28,3;13,4;29,1;26,7;14,1;11,3;42;36;40;72;8,4;3,6;
2026/05/03;1700 UTC;0;899,9;900,7;899,9;2599;28,6;12,9;29,7;27,4;13,9;12,5;43;36;38;85;8,1;2,7;
2026/05/03;1800 UTC;0;899,6;900;899,5;1266,7;26,7;13,3;29,2;26,7;14,2;12,3;45;37;44;86;7,7;2,6;
2026/05/03;1900 UTC;0;899,3;899,6;899,2;1570;28,2;12,2;28,8;25,9;15,1;12,2;49;36;37;59;6,1;1,7;
2026/05/03;2000 UTC;0;899,7;899,7;899,3;750,8;26,9;13,2;28,2;26,8;13,9;12;45;37;43;103;5,5;2,6;
2026/05/03;2100 UTC;0;899,9;899,9;899,7;98,7;24,8;15;26,9;24,8;15;13;55;42;55;103;5,5;1,5;
2026/05/03;2200 UTC;0;900,1;900,2;899,9;;23,5;14,9;24,8;23,5;15,7;14,8;61;55;59;121;3,8;1,8;
2026/05/03;2300 UTC;0;900,6;900,6;900,1;;23,2;15,2;23,6;23,1;15,2;14,7;61;57;61;123;4,4;2,5;
2026/05/04;0000 UTC;0;900,9;900,9;900,6;;23,1;14,9;23,3;23;15,2;14,9;61;60;60;118;6,4;3,4;
2026/05/04;0100 UTC;0;901,1;901,2;900,9;;22,6;14,7;23,1;22,6;15;14,4;62;59;61;136;6,6;3,6;
2026/05/04;0200 UTC;0;901,2;901,2;900,9;;21,3;13,7;22,6;21,3;14,7;13,7;62;60;62;114;7,6;2,3;
2026/05/04;0300 UTC;0;901,4;901,4;901,2;;20,3;14;21,5;20,3;14,3;13,7;67;62;67;65;5,9;,7;
2026/05/04;0400 UTC;0;901,1;901,4;901,1;;21,3;14,2;21,3;19,8;14,2;13,8;70;63;64;88;3,9;1,4;
2026/05/04;0500 UTC;0;900,4;901,1;900,4;;21,5;13,3;21,7;21,3;13,9;13,3;64;59;59;101;5,2;2,4;
2026/05/04;0600 UTC;0;900,3;900,4;900,3;;21,1;13,7;21,7;21;13,7;13,3;63;59;63;104;5,4;1,9;
2026/05/04;0700 UTC;0;900;900,3;899,9;;20,2;13,6;21,2;20,2;13,7;13,4;66;62;66;100;6,2;2,7;
2026/05/04;0800 UTC;0;900,4;900,4;899,9;;19,3;13,7;20,3;19,2;13,7;13,5;70;65;70;86;6,7;2,2;
2026/05/04;0900 UTC;0;901,5;901,5;900,4;;17,8;14;19,4;17,2;14;13,4;80;70;78;36;4,9;2;
2026/05/04;1000 UTC;0;902,4;902,4;901,5;60,7;19,1;14,9;19,1;16,8;14,9;13,5;82;77;77;87;4;1,8;
2026/05/04;1100 UTC;0;903,2;903,2;902,4;311,9;20,4;15,1;20,5;19,1;15,3;14,6;77;71;71;82;4,7;2,2;
2026/05/04;1200 UTC;0;903,9;903,9;903,1;967,7;21,8;15,4;22,8;20,4;16;15,1;72;64;67;74;9,2;3,9;
2026/05/04;1300 UTC;0;904,2;904,3;903,9;1235,1;22,5;15,7;22,9;21,6;16,1;15,4;69;65;66;64;9,1;4,6;
2026/05/04;1400 UTC;0;904,3;904,4;904,2;1708,2;23,8;16,4;24;22,5;16,7;15,7;67;62;63;72;9,5;3,4;
2026/05/04;1500 UTC;0;903,7;904,3;903,7;2233,2;25,1;16,2;25,2;23,7;16,8;15,7;64;57;58;83;8,6;3,7;
2026/05/04;1600 UTC;0;903,2;903,7;903,2;2169,7;25,4;16;26;24,7;16,8;15,8;59;55;56;86;8,6;3,3;
2026/05/04;1700 UTC;0;902,4;903,2;902,4;2495,2;26,1;15,9;27,3;25,3;17,2;15,7;57;51;53;86;7,3;3,3;
2026/05/04;1800 UTC;0;901,9;902,4;901,9;952,2;25,3;16,2;26,7;24,9;16,4;15,6;58;53;57;83;7;2,2;
2026/05/04;1900 UTC;0;901,9;901,9;901,7;1058,4;25,3;16,4;26,3;25;16,7;15,6;59;52;58;84;5,4;2,1;
2026/05/04;2000 UTC;0;902,1;902,1;901,8;449,5;24,1;16,8;25,3;24,1;16,9;16,3;64;58;63;102;5,9;2,2;
2026/05/04;2100 UTC;0;902,5;902,5;902,1;91,4;22,8;16,2;24,2;22,8;16,8;16;67;62;67;108;4,7;1,1;
2026/05/04;2200 UTC;0;902,8;902,8;902,5;;20,6;16,8;22,8;20,5;16,8;16,3;79;67;78;26;2,5;1,4;
2026/05/04;2300 UTC;0;903,3;903,3;902,8;;20,7;16,5;20,8;20;16,8;16,4;80;77;77;81;5,5;2;
2026/05/05;0000 UTC;0;903,7;903,7;903,3;;21,3;16;21,3;20,7;16,5;15,9;77;72;72;101;7,8;3,5;
2026/05/05;0100 UTC;0;903,8;903,9;903,7;;20,7;15,3;21,3;20,7;16;15,3;72;70;71;95;7,8;3;
2026/05/05;0200 UTC;0;903,8;903,9;903,7;;20,7;14,5;20,7;20,5;15,4;14,5;72;68;68;100;7,4;3,1;
2026/05/05;0300 UTC;0;903,7;903,8;903,7;;19,8;14,7;20,7;19,8;14,7;14,2;72;67;72;98;6,9;2,8;
2026/05/05;0400 UTC;0;903,5;903,7;903,5;;19,7;14,2;19,9;19,6;14,8;14,2;73;71;71;98;6,3;2,5;
2026/05/05;0500 UTC;0;903,2;903,5;903,2;;18,8;14,2;19,9;18,5;14,2;14;76;70;74;72;5,6;1,2;
2026/05/05;0600 UTC;0;903,1;903,2;903,1;;19,1;13,8;19,5;18,3;14,2;13,8;75;70;71;86;6,4;2,2;
2026/05/05;0700 UTC;0;903,1;903,2;903,1;;18,3;14,3;19,1;18,2;14,3;13,8;78;71;78;76;6,2;2,5;
2026/05/05;0800 UTC;0;903,1;903,2;902,9;;17,9;14,7;18,3;17,2;14,7;14,1;83;77;82;72;7,6;1,5;
2026/05/05;0900 UTC;0;903,4;903,4;903;;17,8;14,6;18;17,7;14,7;14,5;82;80;82;92;8,5;4,2;
2026/05/05;1000 UTC;0;904,3;904,3;903,4;46,6;17,8;14,6;17,9;17,3;14,8;14,5;84;82;82;279;8,5;1,2;
2026/05/05;1100 UTC;0;904,8;904,9;904,3;738,4;20,3;15,2;20,3;17,7;15,4;14,5;82;72;73;98;4,9;1,3;
2026/05/05;1200 UTC;0;905,4;905,4;904,8;1594;22;15,6;22;20,1;15,7;15;73;66;67;60;7,7;3,1;
2026/05/05;1300 UTC;0;905,6;905,7;905,4;2316,2;23,2;15,6;23,5;22;15,9;15;67;61;62;90;9,3;3,6;
2026/05/05;1400 UTC;0;905,4;905,7;905,4;2863,6;24,9;15,5;24,9;22,8;16,2;15,1;64;56;56;95;9,5;4,1;
2026/05/05;1500 UTC;0;904,7;905,4;904,7;3156,1;25,4;14;25,8;24,7;15,8;13,8;57;48;49;88;10,3;4,7;
2026/05/05;1600 UTC;0;904,2;904,7;904,2;3144,9;26,4;13,1;27,1;25,4;15;12,7;51;42;44;73;8,7;3,4;
2026/05/05;1700 UTC;0;903,4;904,2;903,4;2911;27,5;11,2;27,6;26,3;14;10,7;46;35;36;91;9,8;3,3;
2026/05/05;1800 UTC;0;902,9;903,4;902,9;2354,7;27,6;12,4;27,8;26,5;12,6;10,3;41;35;39;102;7,6;2,6;
2026/05/05;1900 UTC;0;902,8;902,9;902,7;1537,1;26;11,8;28,1;25,3;12,9;10,9;44;36;41;123;6,4;2,4;
2026/05/05;2000 UTC;0;902,9;902,9;902,8;851,8;24,9;11,1;26,8;24,9;12,2;10,3;43;38;42;72;7,4;2,3;
2026/05/05;2100 UTC;0;903,2;903,2;902,9;44,5;21,7;12,9;24,9;21,7;12,9;11;57;42;57;103;5,9;1,4;
2026/05/05;2200 UTC;0;903,4;903,4;903,2;;18,6;13,8;21,7;18,6;13,9;12,9;74;57;73;108;2,9;1,5;
2026/05/05;2300 UTC;0;903,7;903,8;903,4;;19,3;13,3;19,3;18,6;13,9;13,3;74;68;68;107;4,2;2,5;
2026/05/06;0000 UTC;0;904,1;904,1;903,7;;18,6;13,1;19,5;18,6;13,3;13,1;70;67;70;106;4,7;2,1;
2026/05/06;0100 UTC;0;904,2;904,2;904,1;;18,4;13,8;18,7;18,3;13,8;13,1;75;70;75;102;4,7;2;
2026/05/06;0200 UTC;0;904,3;904,4;904,2;;18,3;14,2;18,6;18,2;14,2;13,8;77;75;77;102;5;2,1;
2026/05/06;0300 UTC;0;903,9;904,4;903,9;;17,8;14,4;18,4;17,8;14,5;14,1;81;77;81;108;4,1;1,8;
2026/05/06;0400 UTC;0;903,7;903,9;903,7;;17,9;14,7;18;17,6;14,9;14,4;83;81;81;97;4;1,6;
2026/05/06;0500 UTC;0;903,2;903,7;903,2;;17,8;14,7;17,9;17,4;14,7;14,5;83;81;82;103;5,2;2,2;
2026/05/06;0600 UTC;0;903;903,2;903;;17,6;14,6;18,2;17,6;14,8;14,6;83;80;83;96;8;3,2;
2026/05/06;0700 UTC;0;902,8;903;902,8;;17,3;14,7;17,6;17,2;14,8;14,6;85;83;85;91;6,2;3,1;
2026/05/06;0800 UTC;0;902,9;902,9;902,7;;17;14,8;17,3;17;14,8;14,7;87;85;87;86;6,6;3,1;
2026/05/06;0900 UTC;0;903,4;903,4;902,9;;16,7;14,8;17,1;16,7;14,9;14,7;88;87;88;90;6,2;3;
2026/05/06;1000 UTC;0;904,1;904,1;903,4;35,5;17,3;15,3;17,3;16,7;15,3;14,7;89;88;88;92;5,7;2,5;
2026/05/06;1100 UTC;0;904,6;904,6;904,1;723,6;20,1;15,6;20,5;17,3;15,8;15,3;88;74;75;91;7,1;3,1;
2026/05/06;1200 UTC;0;905;905;904,6;1597,7;20,7;15,1;22,2;20,1;16,2;15;75;67;70;86;10,4;4,7;
2026/05/06;1300 UTC;0;905,1;905,1;904,9;2254,3;22,7;14,8;23,1;20,8;16,1;14,7;71;60;61;70;11,1;4,8;
2026/05/06;1400 UTC;0;904,7;905,3;904,7;2860,4;24,7;14,8;24,9;22,7;15,6;14,6;61;53;54;76;10,3;3,2;
2026/05/06;1500 UTC;0;904;904,7;903,9;2836,8;25;13,9;25,5;23,8;15,3;13,6;58;49;50;39;7,1;3,4;
2026/05/06;1600 UTC;0;903,2;904;903,2;3023,6;26;14,4;26,8;25;14,9;13,3;52;45;49;52;7,7;3,1;
2026/05/06;1700 UTC;0;902,4;903,2;902,3;2585,1;26,5;14;27,6;25,4;14,9;13,4;50;43;46;56;7,7;2,7;
2026/05/06;1800 UTC;0;901,5;902,4;901,5;2367;27,4;14,3;27,9;26,4;14,9;12,7;48;41;45;63;6,9;2,9;
2026/05/06;1900 UTC;0;901,4;901,6;901,3;1593,3;25,5;14;27,8;25,5;14,6;12,8;50;40;49;90;6,9;2,1;
2026/05/06;2000 UTC;0;901,7;901,7;901,4;669,1;25,2;15,1;26,8;24,2;15,4;14;57;47;54;97;6,3;2,2;
2026/05/06;2100 UTC;0;902,1;902,1;901,7;48;21,8;15,1;25,2;21,8;15,3;14,6;66;53;66;121;5,3;1,6;
2026/05/06;2200 UTC;0;902,3;902,3;902,1;;19,5;14,8;21,8;19,5;15,3;14,8;74;66;74;105;3,3;1,6;
2026/05/06;2300 UTC;0;902,7;902,7;902,3;;18,6;14,4;19,5;18,5;14,8;14,4;78;74;77;111;2,8;1,7;
2026/05/07;0000 UTC;0;902,9;902,9;902,6;;18,5;14,7;18,6;18,1;14,7;14,3;79;77;79;105;3,9;2,1;
2026/05/07;0100 UTC;0;902,8;902,9;902,8;;19,9;15,2;19,9;18,5;15,2;14,8;79;74;74;104;5;2,4;
2026/05/07;0200 UTC;0;903;903;902,8;;19,2;15,1;20,1;19,2;15,2;15,1;77;73;77;102;5,2;1,9;
2026/05/07;0300 UTC;0;902,8;903;902,8;;19;15,4;19,5;18,9;15,4;15,1;80;77;80;107;4,3;2,3;
2026/05/07;0400 UTC;0;902,3;902,8;902,3;;18,4;15,2;19,2;18,4;15,5;15,2;82;79;82;80;4,7;1,6;
2026/05/07;0500 UTC;0;901,7;902,3;901,7;;18,5;15,3;18,5;17,9;15,4;15,1;84;82;82;94;5,3;2,4;
2026/05/07;0600 UTC;0;901,3;901,7;901,3;;17,9;15,1;18,5;17,9;15,3;15;83;82;83;92;5;2;
2026/05/07;0700 UTC;0;901,1;901,3;901,1;;17,7;15,1;17,9;17,4;15,3;14,9;86;83;85;80;5,7;2,6;
2026/05/07;0800 UTC;0;901,1;901,1;901;;17,7;15,2;17,8;17,5;15,3;15,1;86;85;86;62;6,5;2,3;
2026/05/07;0900 UTC;0;901,4;901,4;901,1;;16,2;14,5;17,7;16,2;15,3;14,5;90;86;90;334;5,1;,9;
2026/05/07;1000 UTC;0;901,8;901,9;901,4;36,2;18;15,5;18;16;15,5;14,4;92;85;85;45;4,6;2,2;
2026/05/07;1100 UTC;0;902,3;902,3;901,8;704,5;21,4;16,5;21,4;18;16,5;15,5;85;74;74;56;6,8;2,5;
2026/05/07;1200 UTC;0;902,5;902,5;902,3;1571,9;23,4;15,9;23,5;21,2;16,7;15,7;74;62;63;47;7,5;3,4;
2026/05/07;1300 UTC;0;902,8;902,9;902,5;2270,2;24,9;15,3;24,9;23,4;16,1;14,6;63;54;55;56;9,6;3,8;
2026/05/07;1400 UTC;0;902,2;902,8;902,2;2799,2;25,9;15,4;26,1;24,8;16,3;15,1;57;52;53;53;9,5;3,3;
2026/05/07;1500 UTC;0;901,3;902,2;901,3;3088,4;27,1;15,5;27,1;25,5;16,1;14,6;55;48;49;56;8,4;3,6;
2026/05/07;1600 UTC;0;900,5;901,4;900,5;3057,5;27,1;14,9;27,8;26,5;16;14,1;51;44;47;34;8,3;3,4;
2026/05/07;1700 UTC;0;899,7;900,5;899,7;2901,8;27,6;13;28,7;26,9;15,5;13;48;40;41;40;7,5;3,1;
2026/05/07;1800 UTC;0;899,2;899,7;899,2;2367,7;27,9;11,7;28,7;27,3;14,8;11,6;46;36;37;17;7,1;2,9;
2026/05/07;1900 UTC;0;899;899,2;899;1662,5;27,8;12,5;28,4;27,3;13,6;12,1;41;37;39;21;5,6;2,3;
2026/05/07;2000 UTC;0;899,2;899,2;899;806;26,1;13,9;28,3;26,1;14,1;12,2;47;38;47;30;4,8;2;
2026/05/07;2100 UTC;0;899,4;899,4;899,2;39,9;22,1;15,5;26,1;22,1;15,5;13,7;66;47;66;52;3,9;1,1;
2026/05/07;2200 UTC;0;899,4;899,5;899,3;;20;15,2;22,1;20;15,4;15,1;74;66;74;48;2,1;1,4;
2026/05/07;2300 UTC;0;899,9;899,9;899,4;;17,9;14,8;20;17,9;15,2;14,8;82;74;82;88;2,1;1;
2026/05/08;0000 UTC;0;900,5;900,5;899,9;;17,6;15,3;17,9;17,2;15,3;14,7;86;82;86;89;1,4;,5;
2026/05/08;0100 UTC;0;900,7;900,8;900,5;;17,9;15,2;18,2;17,6;15,6;14,9;86;83;85;47;2,5;,9;
2026/05/08;0200 UTC;0;900,9;900,9;900,7;;19,6;15,9;19,6;17,6;16,2;15,1;87;79;79;76;4,6;2,1;
2026/05/08;0300 UTC;0;900,8;900,9;900,7;;19,7;15,7;20;19,6;16;15,7;79;77;78;69;5,3;2;
2026/05/08;0400 UTC;0;900,4;900,8;900,4;;19,6;15,4;19,9;19,6;15,8;15,4;78;76;77;83;5,1;2,1;
2026/05/08;0500 UTC;0;900,4;900,5;900,4;;17,6;15;19,6;17,6;15,4;14,9;84;77;84;290;5,8;1;
2026/05/08;0600 UTC;0;900,2;900,4;900,2;;16,8;15;17,7;16,7;15,1;14,8;89;84;89;339;2,2;,9;
2026/05/08;0700 UTC;0;899,9;900,3;899,9;;17,5;14,8;17,5;16,4;15,1;14,7;90;84;84;29;4,1;1,8;
2026/05/08;0800 UTC;0;900,1;900,1;899,9;;18,3;14,7;18,4;17,4;15;14,7;84;80;80;49;4,4;1,3;
2026/05/08;0900 UTC;0;900,9;900,9;900,1;;18,7;14,6;19;18;14,9;14,5;81;76;77;56;7,4;2,5;
2026/05/08;1000 UTC;0;901,9;901,9;900,9;33,8;19;14,9;19;18,2;14,9;14,5;80;77;77;69;6,1;2,5;
2026/05/08;1100 UTC;0;902,4;902,4;901,9;685,1;22;15,4;22;19;15,5;14,9;77;66;66;57;7,9;3,5;
2026/05/08;1200 UTC;0;903,4;903,4;902,4;1544,6;23,8;15,2;23,9;22;15,8;15;67;59;59;62;8,1;3,6;
2026/05/08;1300 UTC;0;903,5;903,7;903,4;2234,3;25,1;15,3;25,1;23,6;16;14,7;60;54;55;49;9,5;4,1;
2026/05/08;1400 UTC;0;902,9;903,6;902,9;2768,1;26,5;15,2;26,8;24,5;16,4;14,5;55;49;50;62;9,5;3,4;
2026/05/08;1500 UTC;0;902,1;902,9;902,1;3052,3;27,1;15,2;27,5;26,1;15,9;14,7;52;46;48;15;8;3,1;
2026/05/08;1600 UTC;0;901,1;902,1;901,1;3152,4;28,3;14,2;28,7;26,6;15,6;13,1;49;41;42;50;6,2;2,1;
2026/05/08;1700 UTC;0;900,3;901,1;900,3;2402,8;27,2;13,8;29,1;27;15,2;13,1;47;39;44;23;5,4;2,2;
2026/05/08;1800 UTC;0;899,5;900,3;899,5;2297;28,8;13;29,5;27,2;14,2;12,8;44;37;38;42;5,4;2,5;
2026/05/08;1900 UTC;0;899,1;899,5;899,1;1875,5;28,3;12,9;29,1;28,1;14,5;12,6;42;37;39;52;5,4;2,2;
2026/05/08;2000 UTC;0;899,3;899,3;899,1;826,1;26,3;14,5;28,5;26,3;14,5;12,7;48;39;48;51;4,6;1,8;
2026/05/08;2100 UTC;0;899,4;899,4;899,3;43,4;22,6;15,9;26,3;22,6;16,3;14,7;66;48;66;47;4;,9;
2026/05/08;2200 UTC;0;899,7;899,7;899,4;;19,9;15,5;22,6;19,9;15,8;15,5;76;66;76;50;2,3;1,2;
2026/05/08;2300 UTC;0;900,2;900,2;899,7;;18,1;15,2;19,9;18,1;15,6;15,2;83;76;83;74;2;1;
2026/05/09;0000 UTC;0;900,7;900,7;900,2;;17;14,7;18,1;17;15,3;14,5;86;83;86;62;2,8;,9;
2026/05/09;0100 UTC;0;900,9;900,9;900,6;;17,5;14,4;17,6;17;15;14,4;87;82;82;104;2,7;1,3;
2026/05/09;0200 UTC;0;900,9;901;900,8;;18,1;14,9;18,1;16,8;15;14,2;86;82;82;75;3,4;1,2;
2026/05/09;0300 UTC;0;901;901,1;900,9;;19;14,8;19;18,1;15;14,3;82;76;76;76;3,6;1,6;
2026/05/09;0400 UTC;0;900,6;901;900,6;;19,3;14,7;19,4;18,8;14,8;14,6;77;75;75;73;5,6;2,5;
2026/05/09;0500 UTC;0;900,4;900,7;900,4;;19;14,6;19,4;19;14,8;14,6;76;75;76;77;5,6;2,6;
2026/05/09;0600 UTC;0;900,3;900,4;900,2;;18,4;14,3;19,1;18,4;14,7;14,3;77;75;77;61;6,4;2;
2026/05/09;0700 UTC;0;900,2;900,4;900,1;;18,1;14,2;18,4;17,7;14,4;14,2;80;77;78;74;6,1;3;
2026/05/09;0800 UTC;0;900,5;900,5;900,1;;17,5;13,8;18,4;17,5;14,3;13,8;79;76;79;40;6,4;1,8;
2026/05/09;0900 UTC;0;901,1;901,1;900,5;;16,7;13,7;17,8;16,7;14,3;13,7;83;79;83;38;4,3;1,8;
2026/05/09;1000 UTC;0;901,8;901,8;901,1;29,9;18,5;14,8;18,5;16,5;14,8;13,7;84;79;79;52;5,1;1,9;
2026/05/09;1100 UTC;0;902,5;902,6;901,8;680,6;21,8;15,4;21,8;18,5;15,5;14,8;79;67;67;48;5,5;2,6;
2026/05/09;1200 UTC;0;903;903;902,5;1561,3;23,5;15,3;23,6;21,8;15,8;15,1;67;60;60;52;8,7;4,6;
2026/05/09;1300 UTC;0;903,4;903,4;903;2259,2;25,8;15,4;25,8;23,5;15,8;14,9;61;52;53;25;8,7;3,2;
2026/05/09;1400 UTC;0;903;903,5;903;2696,8;26,5;14,5;26,9;25,4;15,8;14,5;54;48;48;19;6,9;2,9;
2026/05/09;1500 UTC;0;902,3;903;902,3;2919,2;27,7;15,4;27,8;26,1;15,5;14,1;50;43;47;23;6,7;2,9;
2026/05/09;1600 UTC;0;901,7;902,4;901,7;3008,1;27,9;13,9;28,8;27,4;15,4;13,2;47;40;42;48;6,7;2,5;
2026/05/09;1700 UTC;0;900,9;901,7;900,9;2785,7;28,8;11,1;29,2;27,6;14,4;10,8;44;33;33;70;5,5;2,5;
2026/05/09;1800 UTC;0;900,4;900,9;900,4;2403,7;28,5;12,9;29,5;28,3;13,5;10,1;40;31;38;40;5,2;2,4;
2026/05/09;1900 UTC;0;900,2;900,4;900,2;1698,5;27,5;13,4;29,3;27,5;14,3;12,6;42;37;42;71;5,9;2,4;
2026/05/09;2000 UTC;0;900,4;900,5;900,2;610,8;26,3;13;27,5;26,1;14,4;12,7;47;41;44;58;4,6;1,9;
2026/05/09;2100 UTC;0;900,6;900,6;900,4;80,6;22,6;15,4;26,3;22,6;15,4;13;64;44;64;58;4,5;1,2;
2026/05/09;2200 UTC;0;900,7;900,7;900,5;;20,1;15,1;22,6;20,1;15,6;15,1;73;64;73;50;2,2;1,5;
2026/05/09;2300 UTC;0;901,2;901,2;900,7;;18,5;14,7;20,1;18,5;15,1;14,7;78;73;78;56;2,1;1,2;
2026/05/10;0000 UTC;0;901,9;901,9;901,2;;16,6;13,9;18,5;16,6;14,8;13,9;84;78;84;69;2;,5;
2026/05/10;0100 UTC;0;902,3;902,3;901,9;;16;14;16,6;16;14,1;13,9;88;84;88;277;2,2;,8;
2026/05/10;0200 UTC;0;902,5;902,5;902,2;;16,7;14,5;17,1;16;14,9;14;89;86;87;65;1,8;1,2;
2026/05/10;0300 UTC;0;902,6;902,6;902,5;;16,7;14,7;16,7;15,6;14,7;13,7;90;87;88;40;2,5;1,3;
2026/05/10;0400 UTC;0;902,2;902,6;902,2;;16;14;17,6;16;14,9;13,9;88;81;88;17;2,8;,8;
2026/05/10;0500 UTC;0;902,1;902,2;902,1;;15,9;13,9;16,6;15,9;14,7;13,9;90;87;88;138;3,5;,6;
2026/05/10;0600 UTC;0;902,1;902,2;902,1;;14,6;13,2;15,9;14,6;13,8;13,2;92;88;92;260;2,6;,6;
2026/05/10;0700 UTC;0;902,1;902,1;902;;13,9;12,7;14,6;13,9;13,2;12,7;92;91;92;239;2,5;,9;
2026/05/10;0800 UTC;0;902,1;902,2;902,1;;13,6;12,4;14,1;13,5;12,9;12,3;93;92;93;309;4,1;,3;
2026/05/10;0900 UTC;0;902,3;902,4;902,1;;15,2;13,7;15,3;12,9;14;11,8;94;90;90;49;3,3;1,9;
2026/05/10;1000 UTC;0;903,2;903,2;902,3;37,9;16,9;14,2;16,9;15;14,2;12,3;90;82;84;21;3,6;1,4;
2026/05/10;1100 UTC;0;903,8;903,8;903,1;743,6;22;15,5;22;16,9;15,6;14;84;67;67;71;5,9;2,9;
2026/05/10;1200 UTC;0;904,1;904,1;903,8;1348,4;23,9;15,7;24;22;15,8;15,2;67;59;60;61;7;3,2;
2026/05/10;1300 UTC;0;904,4;904,5;904,1;2245,9;25,8;15,7;26;23,9;16,2;15,4;60;53;54;61;8,6;3;
2026/05/10;1400 UTC;0;904,1;904,4;904,1;2776,3;27,4;15,2;27,4;25,6;16;14,7;54;47;47;30;6,8;2,7;
2026/05/10;1500 UTC;0;903;904,1;903;3055,4;28,4;13,7;28,4;26,7;15,3;12,2;49;38;41;43;7,4;2,3;
2026/05/10;1600 UTC;0;902;903;902;3028;29,5;10,3;29,5;27,6;13,9;9,7;42;30;30;77;6;1,3;
2026/05/10;1700 UTC;0;901,1;902;901,1;2793,1;29,5;8;30,3;28,9;10,9;7,4;32;25;26;66;4,6;1,3;
2026/05/10;1800 UTC;0;900,4;901,1;900,4;2363,8;30,1;10,7;30,5;29,1;11,3;8;31;26;30;107;6,4;2,4;
2026/05/10;1900 UTC;0;900,2;900,4;900,1;1722,3;29,6;10,8;30,5;29,1;11,2;9,3;33;29;31;144;6,4;2;
2026/05/10;2000 UTC;0;900,6;900,6;900,2;772,9;27,5;11,2;29,8;27,5;11,8;9,7;37;30;36;106;4,9;1,6;
2026/05/10;2100 UTC;0;900,9;900,9;900,6;52,3;22,5;13,6;27,5;22,5;13,8;10,9;58;36;57;115;3,3;1,4;
2026/05/10;2200 UTC;0;901,2;901,2;900,9;;19,6;13,5;22,5;19,6;14,4;13,2;68;57;68;67;2,9;1,2;
2026/05/10;2300 UTC;0;901,7;901,7;901,2;;17,4;13,7;19,6;17,4;14,1;13,5;79;68;79;62;2;1;
2026/05/11;0000 UTC;0;901,9;901,9;901,7;;15,7;13;17,4;15,7;13,7;13;84;79;84;71;1,9;,8;
2026/05/11;0100 UTC;0;902;902,1;901,9;;15;12,7;15,7;15;13,1;12,6;86;84;86;109;2;1,4;
2026/05/11;0200 UTC;0;902,2;902,2;902;;14,1;12,1;15;14,1;12,7;12,1;88;85;88;66;1,8;,8;
2026/05/11;0300 UTC;0;902,4;902,6;902,2;;16,4;14,2;17,2;13,9;15,1;12;91;84;87;171;7,6;2,2;
2026/05/11;0400 UTC;0;902,1;902,4;902,1;;17;15,5;17;16,4;15,5;14,2;91;87;91;185;4,7;2,8;
2026/05/11;0500 UTC;0;901,8;902,1;901,7;;17;15,7;17,1;17;15,8;15,5;92;91;92;177;5,4;2,3;
2026/05/11;0600 UTC;0;901,4;901,8;901,4;;17;15,9;17,1;16,9;16;15,6;93;92;93;176;5,5;2,6;
2026/05/11;0700 UTC;0;901,2;901,4;901,2;;17,2;16,2;17,2;16,9;16,3;15,9;94;93;94;181;5,8;3;
2026/05/11;0800 UTC;0;901,3;901,3;901,2;;17;16;17,2;16,9;16,1;15,9;94;94;94;182;7,2;1,8;
2026/05/11;0900 UTC;0;902;902;901,3;;17,1;16,1;17,1;16,9;16,1;15,9;94;94;94;162;5,1;1,5;
2026/05/11;1000 UTC;0;902,7;902,7;902;18,4;16,9;15,8;17,1;16,8;16;15,7;94;93;93;162;5,2;2,4;
2026/05/11;1100 UTC;0;903,2;903,2;902,7;280,1;17,8;16,2;17,8;16,9;16,3;15,8;94;90;90;175;5,2;2,4;
2026/05/11;1200 UTC;0;903,6;903,6;903,2;583,3;18,5;16;18,6;17,7;16,4;15,8;90;85;85;185;5,5;2,7;
2026/05/11;1300 UTC;0;903,7;903,9;903,6;1720;21,3;16,1;22,1;18,5;17,1;15,8;86;70;72;166;6,9;3;
2026/05/11;1400 UTC;0;903,2;903,7;903,2;2736,9;23,8;16,8;23,9;21,3;17,1;16;73;64;65;189;6,9;2,9;
2026/05/11;1500 UTC;0;902,5;903,2;902,5;2939;25,5;16,6;26,1;23,8;17,3;15,9;65;55;58;115;6,1;2,4;
2026/05/11;1600 UTC;0;901,6;902,5;901,6;2728,9;26,2;16,3;27,1;25,5;17,2;15,6;58;50;55;106;6,1;1,6;
2026/05/11;1700 UTC;0;900,6;901,6;900,6;2375,3;28,5;16,2;28,5;26,2;16,8;15,4;55;47;48;150;5,3;2,3;
2026/05/11;1800 UTC;0;900,4;900,7;900,4;2184,4;28,3;16,5;28,5;26,7;16,5;14,8;50;45;49;132;5;2,2;
2026/05/11;1900 UTC;0;900,3;900,4;900,2;1579,2;26,9;16,7;28,5;26,6;16,8;15,6;54;48;54;145;5,5;2,2;
2026/05/11;2000 UTC;0;900,6;900,6;900,3;694;24,9;16,7;27,3;24,9;17,1;16,3;60;52;60;145;5,3;2,5;
2026/05/11;2100 UTC;0;901;901;900,6;41,4;21,8;16,7;24,9;21,8;16,8;16,5;73;60;73;137;4,6;1,9;
2026/05/11;2200 UTC;0;901,3;901,3;901;;20,5;16,4;21,8;20,5;16,8;16,4;78;73;78;128;4;1,7;
2026/05/11;2300 UTC;0;902;902;901,3;;18,2;15,7;20,5;18,2;16,4;15,6;86;77;86;291;2,9;,3;
2026/05/12;0000 UTC;0;902,3;902,3;902;;18,2;16;18,5;17,8;16,4;15,6;89;86;87;141;2,9;,8;
2026/05/12;0100 UTC;0;902,5;902,5;902,3;;17,7;15,9;18,5;17,6;16,6;15,6;90;87;89;177;3,5;1,5;
2026/05/12;0200 UTC;0;902,3;902,5;902,3;;16,9;15,6;17,6;16,9;15,8;15,5;92;89;92;185;3,5;1,6;
2026/05/12;0300 UTC;0;902,2;902,4;902,2;;16;14,8;16,9;16;15,6;14,8;93;92;92;155;3,3;,7;
2026/05/12;0400 UTC;0;901,6;902,2;901,6;;15,6;14,5;16;15,5;14,9;14,4;94;92;93;1;2,8;,8;
2026/05/12;0500 UTC;0;901,4;901,7;901,4;;15,6;14,7;16;15,5;15,1;14,5;94;94;94;158;2,3;,9;
2026/05/12;0600 UTC;0;901,2;901,4;901,2;;15,4;14,5;15,9;15,3;15,1;14,5;95;94;95;304;3,2;,4;
2026/05/12;0700 UTC;0;901,4;901,5;901,2;;15,3;14,5;15,6;15,2;14,8;14,4;95;95;95;166;2,5;,5;
2026/05/12;0800 UTC;0;901,5;901,5;901,3;;15,7;14,9;16;15,3;15,2;14,4;95;95;95;177;2,6;1;
2026/05/12;0900 UTC;0;901,7;901,7;901,4;;15,5;14,7;16;15,4;15,2;14,6;95;95;95;170;3,8;1,2;
2026/05/12;1000 UTC;0;902,6;902,6;901,7;31,2;16,3;15,6;16,3;15,3;15,6;14,5;96;95;96;176;4,6;,7;
2026/05/12;1100 UTC;,2;903,1;903,1;902,6;631,2;19;16,4;19,4;16,3;17,5;15,7;96;84;85;197;3,8;1,5;
2026/05/12;1200 UTC;0;903,5;903,5;903,1;1478,8;22,5;17,6;22,5;19;17,7;16,4;85;73;74;176;3,8;1,7;
2026/05/12;1300 UTC;0;903,5;903,6;903,5;2157,1;25,3;16,5;25,6;22,6;18,1;16,4;74;58;58;110;6,6;3,2;
2026/05/12;1400 UTC;0;903;903,5;903;2686,4;26,3;15,5;26,6;25,3;17,1;15,5;59;51;51;95;8,4;3,5;
2026/05/12;1500 UTC;0;902,3;903;902,2;2992,3;27,8;15,3;27,8;26,2;16,5;14,2;54;45;46;101;8,4;2,6;
2026/05/12;1600 UTC;0;901,6;902,3;901,6;2327;26,2;15,2;28,4;26,2;16,4;14,4;52;43;51;101;7,4;3,7;
2026/05/12;1700 UTC;0;900,8;901,6;900,8;860,2;27,4;15,8;27,4;25,2;15,9;14,8;55;49;49;74;7,4;2,2;
2026/05/12;1800 UTC;0;900,4;900,8;900,4;1862,4;27,1;14,3;28,5;26,9;15,8;12,8;49;40;45;63;5;1,6;
2026/05/12;1900 UTC;0;900,4;900,4;900,2;1057,9;26,2;14,5;28,1;26,2;14,9;13,1;48;41;48;31;4,5;1,5;
2026/05/12;2000 UTC;0;900,7;900,7;900,4;272;23,5;15,9;26,3;23,5;16,2;14;63;47;63;45;3,5;,8;
2026/05/12;2100 UTC;0;901;901;900,7;50,9;20,6;16,1;23,5;20,6;16,1;15,7;76;62;76;80;2,3;,9;
2026/05/12;2200 UTC;0;901,4;901,4;901;;18,9;15,4;20,6;18,9;16,2;15,3;80;76;80;77;1,9;,8;
2026/05/12;2300 UTC;0;902,1;902,1;901,4;;17,1;14,9;18,9;17,1;15,5;14,9;87;80;87;73;1,5;,7;
2026/05/13;0000 UTC;0;902,6;902,6;902,1;;16,3;14,2;17,1;16,3;14,9;14,2;88;87;88;51;1,8;1,1;
2026/05/13;0100 UTC;0;902,6;902,8;902,6;;15,5;13,9;16,3;15,5;14,2;13,7;90;87;90;63;2;1;
2026/05/13;0200 UTC;0;902,5;902,6;902,4;;14,9;13,3;15,5;14,9;13,8;13,3;91;90;90;72;1,6;,8;
2026/05/13;0300 UTC;0;902,4;902,5;902,3;;14,9;13,6;14,9;14,6;13,6;13,1;92;90;92;270;1,2;,4;
2026/05/13;0400 UTC;0;902;902,4;902;;14,3;13;15,2;14,3;13,9;12,9;92;90;91;90;1,8;,5;
2026/05/13;0500 UTC;0;901,3;902;901,3;;14,4;13,2;14,4;14,2;13,2;12,9;93;91;93;271;2,3;,7;
2026/05/13;0600 UTC;0;901,1;901,3;901,1;;13,9;12,7;14,4;13,9;13,3;12,6;93;91;92;54;1,8;,4;
2026/05/13;0700 UTC;0;901;901,1;900,9;;13,5;12,2;14;13,5;12,8;12,2;92;92;92;42;2;,4;
2026/05/13;0800 UTC;0;901,6;901,6;901;;13,1;12;13,6;13;12,4;11,8;93;92;93;173;2,1;,5;
2026/05/13;0900 UTC;0;902,1;902,1;901,6;;12,6;11,5;13,1;12,6;12;11,5;93;93;93;70;2,4;,6;
2026/05/13;1000 UTC;0;902,7;902,7;902,1;30,6;13,8;13;13,8;12,6;13;11,5;95;93;95;75;1,7;,4;
2026/05/13;1100 UTC;0;903,4;903,4;902,7;492,4;21,1;15,7;21,2;13,8;17,1;13;95;70;71;70;1,7;,6;
2026/05/13;1200 UTC;0;904;904;903,4;1188;23,4;15,4;23,8;21,1;16,5;15;73;59;61;57;4,8;2;
2026/05/13;1300 UTC;0;903,8;904,1;903,8;1901,3;25,3;15,3;25,5;23,4;15,8;14,6;61;52;54;51;5;2,5;
2026/05/13;1400 UTC;0;903,2;903,8;903,2;2430,2;27,1;14,9;27,1;25,2;15,7;14,1;54;46;47;52;5,1;2,3;
2026/05/13;1500 UTC;0;902,7;903,2;902,7;2228,4;26,3;15;27,6;26,3;15,4;14,2;50;45;50;37;5,3;2,3;
2026/05/13;1600 UTC;0;901,9;902,7;901,9;1915,4;27,2;15,3;27,8;26,2;16;14,2;53;45;48;355;6,3;2;
2026/05/13;1700 UTC;0;901,4;901,9;901,4;1676,5;26,6;15,1;27,6;26,2;15,6;13,9;51;45;49;40;4,7;2;
2026/05/13;1800 UTC;0;900,9;901,4;900,9;1511,2;27;14,2;27,4;26,3;15,8;14;52;45;46;101;4;1,1;
2026/05/13;1900 UTC;0;900,9;900,9;900,8;1196,1;27,6;14,4;28,1;26,6;15,6;14;50;43;45;98;2,8;,8;
2026/05/13;2000 UTC;0;901,2;901,2;900,9;454;24,6;16,3;27,6;24,6;16,9;13,6;60;44;60;79;3,1;1,7;
2026/05/13;2100 UTC;0;901,6;901,6;901,1;105,7;22,3;16,2;24,6;22,3;16,5;15,9;68;59;68;42;4,1;1;
2026/05/13;2200 UTC;0;902;902;901,5;;20,2;15,7;22,3;20,2;16,4;15,7;76;68;75;54;2,1;1,2;
2026/05/13;2300 UTC;0;902,5;902,5;902;;18,8;15,3;20,2;18,8;15,7;15,3;80;75;80;36;2,1;1,4;
2026/05/14;0000 UTC;0;903;903;902,5;;18,5;15,3;19,1;18,5;15,5;15,3;81;79;81;51;2,7;1,2;
2026/05/14;0100 UTC;0;903,2;903,2;902,9;;16,7;14,7;18,5;16,7;15,3;14,7;88;81;88;59;2;,6;
2026/05/14;0200 UTC;0;903,3;903,4;903,2;;15,6;14;16,7;15,6;14,7;13,9;90;88;90;115;1,5;1,1;
2026/05/14;0300 UTC;0;903;903,3;902,9;;15,2;13,9;15,6;15,1;14;13,6;92;90;92;113;1,4;,7;
2026/05/14;0400 UTC;0;902,6;903;902,6;;14,7;13,4;15,4;14,7;14,2;13,4;93;92;92;313;1,4;,5;
2026/05/14;0500 UTC;0;901,9;902,6;901,9;;13,7;12,5;14,7;13,7;13,4;12,4;93;92;92;77;1,4;,6;
2026/05/14;0600 UTC;0;901,5;901,9;901,5;;15;14,1;15;13,7;14,1;12,4;94;92;94;356;2,8;,5;
2026/05/14;0700 UTC;0;901,3;901,5;901,3;;16,6;14,8;16,6;15;14,9;14,1;94;89;89;47;3,3;1,8;
2026/05/14;0800 UTC;0;901,3;901,4;901,3;;16,4;14,5;17,1;16,4;15,1;14,5;89;87;88;63;3,3;1,4;
2026/05/14;0900 UTC;0;901,8;901,8;901,2;;15,9;14,5;16,4;15,6;14,6;14,1;92;88;92;46;2,7;1,3;
2026/05/14;1000 UTC;0;902,4;902,4;901,8;49,1;15,8;14,7;16,1;15,2;14,7;14;94;91;94;285;1,9;,7;
2026/05/14;1100 UTC;0;902,9;902,9;902,4;548,7;21,4;15,6;21,4;15,8;16,8;14,8;94;69;70;34;1;,3;
2026/05/14;1200 UTC;0;903,3;903,4;902,9;1174,6;23,9;16,4;23,9;21,4;17,1;15,6;71;62;63;22;3,8;2,3;
2026/05/14;1300 UTC;0;903,5;903,5;903,3;2158,1;26,4;15,1;26,7;23,9;16,9;14,9;63;49;50;33;5,1;2,3;
2026/05/14;1400 UTC;0;903,1;903,5;903,1;2538,5;26,3;13,9;27,9;25,7;15,2;13,2;50;42;47;210;4,4;1,2;
2026/05/14;1500 UTC;0;902,2;903,1;902,2;2814,3;27,9;13;28,7;26,3;15,4;12,4;49;37;40;11;3,3;1,4;
2026/05/14;1600 UTC;0;901,4;902,2;901,4;2522,6;29,3;12,4;31;27,9;14,4;11,6;42;34;35;242;4,6;1,7;
2026/05/14;1700 UTC;0;900,9;901,4;900,9;1781,1;26,9;16,1;30,7;26,9;16,1;10,4;52;30;52;74;4,8;2,1;
2026/05/14;1800 UTC;0;900,8;900,9;900,7;1108,2;26,5;16,9;27,7;26,5;17,1;16;56;50;56;52;5,6;2,2;
2026/05/14;1900 UTC;0;900,9;900,9;900,7;900,8;26,6;16,7;27,1;26;17;16,1;57;52;55;47;5,5;1,5;
2026/05/14;2000 UTC;0;901,3;901,3;900,9;388,4;26,1;15,8;26,5;25,8;17;15,8;57;53;53;90;2,8;1,3;
2026/05/14;2100 UTC;0;901,7;901,7;901,3;61;21,9;17;26,1;21,9;17;15,9;74;53;74;101;2,7;,9;
2026/05/14;2200 UTC;0;902,2;902,2;901,7;;19,6;16,6;21,9;19,6;17;16,5;83;74;83;22;1,8;,6;
2026/05/14;2300 UTC;0;902,7;902,7;902,2;;18,3;15,9;19,6;18,3;16,6;15,9;86;83;86;85;1,4;1;
2026/05/15;0000 UTC;0;903;903;902,6;;17,6;15,6;18,3;17,6;16;15,6;88;86;88;56;1,8;1;
2026/05/15;0100 UTC;0;903,3;903,3;902,9;;18;16,1;18;17,4;16,1;15,4;89;88;88;122;3,3;1,5;
2026/05/15;0200 UTC;0;903,4;903,4;903,2;;19,7;16,5;20;18,1;16,7;16,2;88;81;82;114;4,6;,9;
2026/05/15;0300 UTC;0;903,3;903,6;903,3;;17,8;16;19,7;17,8;16,5;16;89;82;89;338;2,4;,5;
2026/05/15;0400 UTC;0;903;903,4;903;;17,1;15,5;18,2;17,1;16,5;15,5;91;89;91;100;2,4;,7;
2026/05/15;0500 UTC;0;902,5;903;902,5;;16,4;15,2;17,1;16,4;15,5;15,1;93;91;93;302;1,4;,3;
2026/05/15;0600 UTC;0;902,4;902,5;902,3;;15,5;14,2;16,4;15,5;15,2;14,2;93;92;92;283;2,4;,9;
2026/05/15;0700 UTC;0;902,4;902,5;902,3;;14,7;13,6;15,5;14,7;14,4;13,6;94;92;93;96;2,1;,6;
2026/05/15;0800 UTC;0;902,4;902,4;902,3;;14,3;13,3;14,8;14,3;13,8;13,3;94;93;94;117;1,6;,7;
2026/05/15;0900 UTC;0;902,6;902,7;902,4;;13,9;12,9;14,3;13,9;13,3;12,9;94;94;94;186;1,4;,3;
2026/05/15;1000 UTC;0;903,1;903,1;902,6;31,2;13,9;13;13,9;13,4;13;12,5;94;94;94;166;1,9;,9;
2026/05/15;1100 UTC;0;903,5;903,6;903,1;376,8;20,2;17,3;20,2;13,9;17,3;13,2;95;83;83;154;1,5;,3;
2026/05/15;1200 UTC;0;903,9;904;903,5;1311,3;23,8;16,4;24,3;20,2;17,4;16;83;62;63;43;5,1;1,9;
2026/05/15;1300 UTC;0;903,6;904;903,6;1931,9;25,7;16,3;25,8;23,8;17;15,7;64;56;56;66;5,1;2,3;
2026/05/15;1400 UTC;0;903,2;903,6;903,2;2551,6;26,8;15,6;27;25,6;17,2;15,1;57;49;50;33;6,1;2,7;
2026/05/15;1500 UTC;0;902,7;903,2;902,7;2667,5;27,8;15,5;28,1;26;16,3;14,5;52;45;47;18;6,5;2,2;
2026/05/15;1600 UTC;0;901,8;902,7;901,8;2283,2;28,3;13,5;28,7;26,5;15,8;13,5;49;40;40;338;5,9;1,6;
2026/05/15;1700 UTC;0;901,3;901,8;901,3;2069,7;27,5;14,3;28,9;26,9;14,7;12,8;46;40;45;13;5,8;1,6;
2026/05/15;1800 UTC;0;900,8;901,3;900,8;1823,4;28,1;14,9;29,3;27,1;15,5;13,7;47;39;45;15;5,1;1,9;
2026/05/15;1900 UTC;0;900,7;900,8;900,6;1154,8;26,6;15,8;28,2;26,6;15,8;13,9;51;43;51;22;3,8;1,5;
2026/05/15;2000 UTC;0;901;901;900,7;411,1;25,2;16,6;26,7;25,2;16,7;15,3;59;49;59;35;3;1,6;
2026/05/15;2100 UTC;0;901,1;901,1;901;70,5;22,7;16,6;25,2;22,7;17;16,3;69;58;69;74;3,2;1,6;
2026/05/15;2200 UTC;0;901,3;901,3;901,1;;21,6;16;22,7;21,6;16,6;15,9;71;68;70;64;3,1;1,4;
2026/05/15;2300 UTC;0;901,7;901,7;901,3;;21,4;16,4;21,8;21,3;16,5;15,7;73;69;73;165;2,4;,6;
2026/05/16;0000 UTC;0;902;902,1;901,7;;21,4;16,7;21,4;21,2;17;16,4;77;73;75;179;3,1;1,5;
2026/05/16;0100 UTC;0;902,3;902,4;902;;20,9;16,9;21,4;20,8;17,3;16,7;80;75;78;113;3,1;1,1;
2026/05/16;0200 UTC;0;902;902,3;902;;20,6;16,8;20,9;20,5;17,3;16,8;81;78;79;86;1,9;1;
2026/05/16;0300 UTC;0;901,8;902;901,7;;20,1;16,2;20,8;20;17,1;16,1;80;76;79;260;1,9;,8;
2026/05/16;0400 UTC;0;901,5;901,8;901,5;;20,3;16,4;20,5;20;16,7;16,2;80;78;78;120;4,5;1,3;
2026/05/16;0500 UTC;0;901,1;901,5;901,1;;19,9;16,6;20,6;19,8;16,6;16,2;82;76;81;88;2;,8;
2026/05/16;0600 UTC;0;900,9;901,2;900,9;;18,3;16;19,9;18,3;16,6;16;87;81;87;241;1,6;,5;
2026/05/16;0700 UTC;0;900,8;900,9;900,7;;17,3;15,6;18,3;17,2;16;15,5;90;87;90;206;1,7;,7;
2026/05/16;0800 UTC;0;900,8;900,8;900,7;;16;14,5;17,3;16;15,7;14,5;91;90;91;48;1,3;,7;
2026/05/16;0900 UTC;0;900,9;900,9;900,7;;15;13,8;16;15;14,5;13,8;92;91;92;57;1,7;1;
2026/05/16;1000 UTC;0;901,7;901,8;900,9;32,6;15,8;14,7;15,8;14,9;14,7;13,8;94;92;93;152;1,7;,7;
2026/05/16;1100 UTC;0;902,3;902,3;901,7;596,2;23,9;16,9;23,9;15,8;16,9;14,7;93;65;65;12;1,5;,4;
2026/05/16;1200 UTC;0;903,1;903,1;902,3;1480,3;25,6;16,2;26,1;23,5;17,3;15,9;65;55;56;56;3,6;1,9;
2026/05/16;1300 UTC;0;903,1;903,3;903;2099,6;26,8;16,2;27;25,6;16,8;15,4;57;51;52;78;5,7;2;
2026/05/16;1400 UTC;0;902,7;903,1;902,7;2586,1;27,5;14,8;27,7;26,2;16,1;14,2;52;45;46;54;5,7;1,9;
2026/05/16;1500 UTC;0;902,3;902,7;902,2;3061,6;28,2;14,5;29,4;26,4;15,2;13,1;49;38;43;25;5,3;2,6;
2026/05/16;1600 UTC;0;901,6;902,3;901,6;921,8;27,2;15,1;28,2;26,5;15,4;13,7;50;43;47;75;5,9;1,5;
2026/05/16;1700 UTC;0;900,7;901,6;900,7;1591,7;27,7;14,6;29,6;26,9;15,4;13,7;49;40;45;74;5,6;2,3;
2026/05/16;1800 UTC;0;900,2;900,7;900,2;1824;29,2;13,7;29,6;26,6;16,2;13,5;52;38;39;359;5,6;2;
2026/05/16;1900 UTC;0;900,1;900,2;900,1;333,6;26,3;16,1;29,2;26,3;16,6;13,6;54;39;54;80;3,8;1,4;
2026/05/16;2000 UTC;0;900,4;900,4;900,1;168,1;23,6;17,4;26,3;23,6;17,5;16,2;68;53;68;109;2,3;,7;
2026/05/16;2100 UTC;0;900,7;900,7;900,4;41,9;21,5;17,1;23,7;21,5;17,6;16,9;76;68;76;64;1,9;,9;
2026/05/16;2200 UTC;0;901,2;901,2;900,7;;19,4;16,1;21,5;19,4;17,1;16;81;76;81;66;2;,8;
2026/05/16;2300 UTC;0;901,4;901,5;901,2;;18,2;15,7;19,4;18,2;16,2;15,7;85;81;85;54;1,8;,5;
2026/05/17;0000 UTC;0;901,8;901,8;901,4;;17,9;15,5;18,2;17,8;15,7;15,2;86;85;86;91;1,8;1;
2026/05/17;0100 UTC;0;901,9;901,9;901,8;;17,3;15,1;17,9;17,3;15,5;15,1;87;85;87;79;1,9;1;
2026/05/17;0200 UTC;0;902,1;902,1;901,9;;18,1;16;18,1;17,3;16;15,1;89;87;87;117;2,4;1,6;
2026/05/17;0300 UTC;0;902,1;902,1;902;;17,1;15,3;18,3;17,1;16,1;15,3;89;86;89;265;2,4;1,1;
2026/05/17;0400 UTC;0;901,5;902,1;901,5;;16,7;15,2;17,3;16,7;15,7;15,2;91;89;91;140;2,1;,7;
2026/05/17;0500 UTC;0;901,3;901,6;901,3;;17,5;15,6;17,6;16,5;15,8;15;92;88;88;222;2,9;1,3;
2026/05/17;0600 UTC;0;900,8;901,3;900,8;;18,7;14,8;19,3;17,4;15,8;14,8;88;76;78;83;3,5;1,2;
2026/05/17;0700 UTC;0;900,6;900,9;900,6;;16,4;14,7;18,7;16,4;14,8;14,3;90;78;89;116;2,4;1,2;
2026/05/17;0800 UTC;0;900,4;900,6;900,3;;16,1;14,7;16,6;16,1;15,2;14,7;92;89;91;315;2,4;,5;
2026/05/17;0900 UTC;0;900,6;900,8;900,4;;16,9;14,9;17,3;15,9;15,7;14,6;93;88;88;70;3,6;1,1;
2026/05/17;1000 UTC;0;901;901;900,6;63,3;17;15,8;17;15,8;15,8;14,4;93;88;93;226;3,6;1,2;
2026/05/17;1100 UTC;0;901,7;901,7;901;534,1;22;15,6;22;17;17;15,6;93;67;67;292;2,1;,8;
2026/05/17;1200 UTC;0;902,2;902,2;901,7;1403,5;24,5;15,8;24,9;21,7;16,5;15,5;69;58;59;85;5,8;2,8;
2026/05/17;1300 UTC;0;902,3;902,3;902,2;2090,9;26,3;15,8;26,4;24,4;16,7;15,8;60;52;52;58;6,8;2,8;
2026/05/17;1400 UTC;0;902,2;902,5;902,2;2665,4;27,3;16,2;27,6;26,2;16,7;15,4;54;49;51;61;6,8;2,5;
2026/05/17;1500 UTC;0;901,6;902,2;901,6;2418,7;26,9;15,3;28,2;26,2;16,5;14,4;53;45;49;36;6,3;2,5;
2026/05/17;1600 UTC;0;900,9;901,6;900,9;2805,8;27,2;14,4;29,1;26,7;15,8;13,5;49;40;46;359;5,9;2,5;
2026/05/17;1700 UTC;0;900,2;900,9;900,2;2356,3;28,9;14,7;29,3;27,2;15,8;13;47;38;42;11;4,7;2;
2026/05/17;1800 UTC;0;899,6;900,2;899,6;1757,4;27,7;14;30;27,3;15,3;12,8;44;37;43;7;4,6;2,1;
2026/05/17;1900 UTC;0;899,7;899,8;899,6;612,9;26,7;14,4;29,5;26,2;16,3;13,2;54;39;47;115;3,8;,4;
2026/05/17;2000 UTC;0;899,9;899,9;899,7;522,3;26,4;15,6;28,5;26,4;15,9;13,8;52;40;52;17;3,1;,7;
2026/05/17;2100 UTC;0;900,2;900,2;899,8;38,7;22,6;16,6;26,3;22,6;16,6;15,4;69;51;69;76;2,6;,9;
2026/05/17;2200 UTC;0;900,5;900,5;900,2;;20,3;16,3;22,6;20,3;16,7;16,2;78;68;78;45;2,3;1;
2026/05/17;2300 UTC;0;901,1;901,1;900,5;;20,4;16;21,1;20,1;16,4;15,9;79;74;76;45;2,6;1,2;
2026/05/18;0000 UTC;0;901,7;901,7;901,1;;18,3;15,8;20,4;18,3;16,1;15,6;85;76;85;321;2;,6;
2026/05/18;0100 UTC;0;901,9;901,9;901,7;;17;15;18,3;17;15,7;15;88;85;88;49;1,6;,5;
2026/05/18;0200 UTC;0;902,1;902,2;901,9;;16,1;14,5;17;16,1;15;14,4;90;88;90;133;,9;,4;
2026/05/18;0300 UTC;0;901,8;902,1;901,8;;15,4;14;16,2;15,4;14,6;14;91;90;91;271;1,7;,4;
2026/05/18;0400 UTC;0;901,8;901,9;901,8;;14,7;13,3;15,4;14,7;14;13,3;91;91;91;76;1,2;,5;
2026/05/18;0500 UTC;0;901,5;901,8;901,5;;14,8;13,5;15;14,7;13,7;13,3;92;91;92;115;2,9;,8;
2026/05/18;0600 UTC;0;901,5;901,5;901,3;;15,3;14,1;15,4;14,8;14,1;13,4;93;91;92;356;3,2;,6;
2026/05/18;0700 UTC;0;901,5;901,6;901,4;;14,9;13,8;15,3;14,9;14;13,6;93;92;93;196;2,2;,7;
2026/05/18;0800 UTC;0;901,9;901,9;901,5;;15,6;14,2;15,8;14,8;14,7;13,5;94;92;92;176;2,1;,8;
2026/05/18;0900 UTC;0;902,2;902,2;901,9;;15,3;14;16;15,3;14,8;14;93;91;92;183;2,1;,6;
2026/05/18;1000 UTC;0;902,7;902,7;902,2;32,5;15,6;14,6;15,6;14,9;14,6;13,8;94;92;94;259;1,6;,7;
2026/05/18;1100 UTC;0;903,5;903,5;902,7;368,2;20,1;16,7;20,4;15,6;17,5;14,7;94;81;81;196;2,1;,9;
2026/05/18;1200 UTC;0;903,9;903,9;903,5;1367,2;25,5;16,8;25,7;20,1;17,1;15,8;81;57;58;95;4,2;1,6;
2026/05/18;1300 UTC;0;904;904,2;903,9;1645,1;26,7;16,5;26,9;24,4;17,2;15,7;62;53;54;78;5,2;2,6;
2026/05/18;1400 UTC;0;903,7;904,1;903,7;2536,5;27,4;16,1;27,6;26,4;17,8;15,5;56;49;50;93;5,8;2,7;
2026/05/18;1500 UTC;0;903;903,7;903;2316,8;27,3;15,6;28,1;26,6;16,5;15,1;52;47;49;97;5,8;1,8;
2026/05/18;1600 UTC;0;902,1;903;902,1;2304,3;28,8;15,7;29,6;26,9;16,3;14,4;50;43;45;117;5,3;1,5;
2026/05/18;1700 UTC;0;901,6;902,1;901,6;2016,8;29,2;15,3;29,8;27,3;16,6;14,3;51;40;43;111;5,4;1,7;
2026/05/18;1800 UTC;0;901;901,6;901;1417,5;29,3;14,6;29,8;27,3;16,6;14,5;50;40;41;129;6;1,6;
2026/05/18;1900 UTC;0;900,8;901;900,7;1539,6;28,2;15,4;29,8;28,1;16,2;14,5;46;40;46;130;4,8;1,3;
2026/05/18;2000 UTC;0;900,8;900,8;900,7;565,7;26,7;16;29;26,7;16,2;14,5;52;42;52;79;4,2;1,9;
2026/05/18;2100 UTC;0;901,1;901,1;900,8;43,5;23,4;16,4;26,7;23,4;16,5;15,8;65;52;65;102;4,2;1,3;
2026/05/18;2200 UTC;0;901,6;901,6;901,1;;20,7;16,3;23,4;20,7;16,6;16,3;77;65;76;51;2,4;1,2;
2026/05/18;2300 UTC;0;902,1;902,1;901,6;;19,2;15,7;20,7;19,2;16,3;15,7;81;76;81;56;1,8;1,1;
2026/05/19;0000 UTC;0;902,4;902,4;902,1;;18,2;15,6;19,2;18,2;15,8;15,6;85;81;85;32;1,5;,9;
2026/05/19;0100 UTC;0;902,6;902,8;902,4;;18;15,7;18,2;17,8;15,7;15,5;87;85;86;86;2,1;,7;
2026/05/19;0200 UTC;0;902,6;902,6;902,6;;17,8;15,4;18,2;17,8;15,8;15,4;87;86;86;348;2,1;,5;
2026/05/19;0300 UTC;0;902,4;902,6;902,4;;17,5;15,3;17,9;17,5;15,6;15,3;87;86;87;14;1,9;,7;
2026/05/19;0400 UTC;0;902,3;902,4;902,2;;17,4;15,1;18,2;17,3;15,7;15,1;88;85;86;313;2,9;,9;
2026/05/19;0500 UTC;0;902,2;902,3;902,1;;18,3;15,4;18,6;17,2;16,1;15;88;83;83;126;2,6;,6;
2026/05/19;0600 UTC;0;901,8;902,2;901,8;;16,8;14,8;19;16,8;15,5;14,5;88;78;88;42;3,9;1;
2026/05/19;0700 UTC;0;901,7;901,8;901,7;;15,4;13,8;16,8;15,4;14,8;13,7;90;88;90;79;2,2;,7;
2026/05/19;0800 UTC;0;901,8;901,8;901,6;;14,6;13,3;15,4;14,6;13,8;13,3;92;90;92;112;1,5;,7;
2026/05/19;0900 UTC;0;902,2;902,3;901,8;;14,1;13;14,6;14;13,3;12,8;93;92;93;127;2,1;,9;
2026/05/19;1000 UTC;0;903;903;902,2;65,3;16,2;15,4;16,2;14;15,4;12,9;95;93;95;215;1,7;1,1;
2026/05/19;1100 UTC;0;903,6;903,6;903;676,4;23,1;15,5;23,2;16,2;17,1;15,5;95;62;62;101;4,7;2;
2026/05/19;1200 UTC;0;904,1;904,1;903,6;1434,9;25,1;15,8;25,1;23,1;16,4;15,4;64;56;56;90;5,3;2,6;
2026/05/19;1300 UTC;0;904,1;904,3;904,1;1987,7;26,4;15,7;26,5;24,9;16,3;15,3;58;51;52;94;6,1;2,7;
2026/05/19;1400 UTC;0;903,8;904,1;903,8;2419,6;26,9;15,8;27,5;25,3;16,8;15,2;56;49;51;78;6;3,1;
2026/05/19;1500 UTC;0;903,1;903,8;903,1;2780,8;28;15,5;28,6;26,8;16,2;14,4;51;43;47;85;6,3;2,5;
2026/05/19;1600 UTC;0;902,3;903,1;902,3;2731,3;29,1;13,4;29,3;28;15,7;13,4;47;38;38;98;6,3;2,7;
2026/05/19;1700 UTC;0;901,7;902,3;901,6;2363,1;29,2;13,5;29,7;28,3;14,7;12,8;42;37;38;73;6,8;2,4;
2026/05/19;1800 UTC;0;901,4;901,7;901,4;2209,5;29,4;13,4;30;28,5;14;11,9;40;34;37;92;5,8;2,4;
2026/05/19;1900 UTC;0;901,1;901,4;901,1;1364;28,8;14;29,7;27,8;14,4;12;43;34;40;95;5,6;1,8;
2026/05/19;2000 UTC;0;901,4;901,4;901,1;646,3;27;13,6;29,2;27;14,2;13;44;38;44;96;5,5;2,3;
2026/05/19;2100 UTC;0;901,7;901,7;901,4;75,3;22,9;15,1;27;22,9;15,3;13,5;62;43;62;114;4,1;1,2;
2026/05/19;2200 UTC;0;902,1;902,1;901,7;;19,9;15,6;22,9;19,9;15,8;15,1;76;62;76;62;1,9;,8;
2026/05/19;2300 UTC;0;902,6;902,6;902,1;;18,6;15;19,9;18,6;15,6;15;80;75;80;52;1,3;,9;
2026/05/20;0000 UTC;0;903;903;902,6;;18,2;14,9;18,6;18;15,2;14,6;82;80;81;96;2,4;1,1;
2026/05/20;0100 UTC;0;903,2;903,2;903;;16,9;14,4;18,2;16,9;14,9;14,3;85;80;85;97;2,2;,8;
2026/05/20;0200 UTC;0;903,2;903,2;903,1;;17,9;14,8;18,1;16,9;15,2;14,4;86;82;82;117;3;1,3;
2026/05/20;0300 UTC;0;903;903,2;903;;19,4;15,2;19,4;17,6;15,4;14,7;84;77;77;121;5,2;2;
2026/05/20;0400 UTC;0;902,8;903;902,8;;20,1;16,5;20,1;19,1;16,5;15,1;80;76;80;139;5,6;2,4;
2026/05/20;0500 UTC;0;902,3;902,8;902,3;;17,7;15,7;20,3;17,6;16,7;15,3;88;80;88;156;6;1,2;
2026/05/20;0600 UTC;0;901,8;902,3;901,8;;16,4;14,8;19,1;16,4;16,7;14,5;90;82;90;249;4,6;,6;
2026/05/20;0700 UTC;0;901,5;901,8;901,5;;16,1;14,9;16,5;16;15,2;14,8;93;90;93;99;1,7;,5;
2026/05/20;0800 UTC;0;901,8;901,8;901,5;;15,7;14,7;16,3;15,7;15,2;14,7;94;93;94;187;1,9;,6;
2026/05/20;0900 UTC;0;902,2;902,2;901,8;;15,8;14,8;16,1;15,6;15,1;14,6;94;93;94;89;2,9;,8;
2026/05/20;1000 UTC;0;902,7;902,8;902,2;26;19,6;16,2;19,6;15,7;16,5;14,7;94;80;80;90;4,5;1,8;
2026/05/20;1100 UTC;0;903,6;903,6;902,7;579;23,6;16,4;23,6;19,6;16,4;16,1;80;64;64;105;5,8;2,4;
2026/05/20;1200 UTC;0;904,2;904,2;903,6;1444,2;24,7;16,5;24,9;23,5;16,9;16,1;64;60;60;95;7,3;3,1;
2026/05/20;1300 UTC;0;904,3;904,4;904,2;2108;26,1;17;26,2;24,4;17,4;16,4;62;57;57;67;7,1;2,4;
2026/05/20;1400 UTC;0;904,1;904,4;904;2634,9;27,2;16,2;27,2;25,4;17,4;15,8;59;51;51;66;7;3;
2026/05/20;1500 UTC;0;903,2;904,1;903,2;2924;28,2;14,9;28,3;26,8;16,5;14,7;52;44;44;45;6,6;2,3;
2026/05/20;1600 UTC;0;902,4;903,2;902,4;2883,3;28,6;14,6;29,5;28;16,5;14,1;46;42;43;71;6,2;1,9;
2026/05/20;1700 UTC;0;901,8;902,5;901,8;2606;29,5;14,8;29,9;28,2;15,4;13,4;45;39;41;110;4,9;2,1;
2026/05/20;1800 UTC;0;901,2;901,8;901,2;1978,9;28,8;14,6;30,3;28,7;15,5;13,6;42;37;42;114;4,8;1,8;
2026/05/20;1900 UTC;0;901,1;901,2;901,1;1311,6;27,9;15,5;29,7;27,7;15,5;13;47;38;47;91;4,9;1;
2026/05/20;2000 UTC;0;901,4;901,4;901,1;588,9;26,6;14,2;28,9;26,6;16;13,4;48;39;46;127;5,2;2,1;
2026/05/20;2100 UTC;0;901,6;901,6;901,4;32,8;23;15,4;26,6;23;15,6;14,2;62;46;62;121;3,5;1,3;
2026/05/20;2200 UTC;0;901,9;901,9;901,6;;20,6;15,6;23;20,6;15,8;15,4;73;63;73;105;2,9;1,3;
2026/05/20;2300 UTC;0;902,3;902,3;901,9;;19,5;15,3;20,6;19,5;15,7;15,3;77;73;77;99;2,7;1,3;
2026/05/21;0000 UTC;0;902,8;902,8;902,3;;20,2;15,8;20,2;18,8;15,8;15;80;75;75;125;4,1;2,2;
2026/05/21;0100 UTC;0;903,3;903,3;902,8;;20,7;15,5;21;20,2;15,8;15,4;75;71;72;123;4,9;2,5;
2026/05/21;0200 UTC;0;903,2;903,4;903,2;;20,9;15,7;21,1;20,7;15,8;15,5;72;71;72;103;5,3;2,4;
2026/05/21;0300 UTC;0;903,1;903,3;903,1;;20,3;15,9;20,9;20,3;15,9;15,7;76;72;76;103;5;2,1;
2026/05/21;0400 UTC;0;902,8;903,1;902,8;;17,8;15,3;20,3;17,7;15,9;15,2;86;76;86;175;4,2;1,2;
2026/05/21;0500 UTC;0;902,3;902,8;902,3;;16,8;14,9;17,9;16,8;15,6;14,9;89;86;89;54;2,5;,4;
2026/05/21;0600 UTC;0;901,9;902,3;901,9;;15,9;14,5;16,9;15,9;15,3;14,4;91;89;91;114;1,3;,4;
2026/05/21;0700 UTC;0;902,2;902,2;901,9;;16,9;15,7;16,9;15,8;15,7;14,4;93;91;93;151;3,8;1,7;
2026/05/21;0800 UTC;0;902,7;902,7;902,2;;18;16;18,1;16,9;16,4;15,8;93;88;88;134;5;2,4;
2026/05/21;0900 UTC;0;903;903;902,7;;17,1;15,7;18;17,1;16,1;15,7;91;88;91;141;4,7;1,4;
2026/05/21;1000 UTC;0;903,5;903,5;903;25,3;16,5;15,5;17,1;16,4;15,9;15,2;93;91;93;248;3;,8;
2026/05/21;1100 UTC;0;903,8;903,8;903,5;559,6;21,4;16,5;21,7;16,6;17,3;15,5;94;73;74;107;6,5;2,8;
2026/05/21;1200 UTC;0;904,4;904,4;903,8;1418,7;23,6;16,5;23,8;21,2;17;16,4;75;64;64;96;6,7;3;
2026/05/21;1300 UTC;0;904,3;904,5;904,3;2077,3;24;16,3;24,7;23,3;17;16;65;60;62;61;8,5;3,3;
2026/05/21;1400 UTC;0;904,1;904,3;904;2604,5;25,9;16,8;26,2;23,8;17,1;16;64;55;57;91;7,3;3,3;
2026/05/21;1500 UTC;0;903,4;904,1;903,4;2315,2;26,8;15,3;28;25,1;17,4;15,3;59;48;49;99;7,3;2,9;
2026/05/21;1600 UTC;0;902,7;903,4;902,7;2220,3;27,8;14,9;27,9;25,5;15,8;14,3;54;44;46;91;7,5;2,8;
2026/05/21;1700 UTC;0;901,9;902,7;901,9;2089,4;26,2;14;29,1;26,2;16,2;13,6;48;42;47;69;6,7;3;
2026/05/21;1800 UTC;0;901,4;901,9;901,4;2221,2;27,5;14,4;29,1;26,2;15,2;13,4;47;40;45;113;9,8;2,9;
2026/05/21;1900 UTC;0;901,6;901,6;901,3;1391,1;27,5;14,9;28,8;26,8;15,2;13,9;48;41;46;100;9,8;2,2;
2026/05/21;2000 UTC;0;902;902;901,6;475,8;26;15;27,8;26;15,5;13,9;51;43;51;132;4,8;2,6;
2026/05/21;2100 UTC;0;902,4;902,4;902;66,6;22,9;15,5;26;22,9;15,6;15;63;51;63;120;4,8;1,7;
2026/05/21;2200 UTC;0;903;903,1;902,4;;20,8;15,7;22,9;20,8;15,7;15,5;72;63;72;115;3,5;1,8;
2026/05/21;2300 UTC;0;903,3;903,3;903;;20,5;15,4;21;20,5;15,6;15,4;73;70;73;108;4,4;1,9;
2026/05/22;0000 UTC;0;903,8;903,9;903,3;;19,8;15,9;20,5;19,6;15,9;15,4;78;73;78;101;3,3;1,7;
2026/05/22;0100 UTC;0;903,9;903,9;903,8;;19,1;15,9;20;19,1;16,1;15,8;82;78;82;94;4,1;1,1;
2026/05/22;0200 UTC;0;903,8;903,9;903,6;;19;16;19,1;18,6;16,1;15,6;84;82;83;86;3,4;1,3;
2026/05/22;0300 UTC;0;903,6;903,8;903,5;;19;15,7;19,3;18,9;16;15,7;83;81;81;89;3,5;1,1;
2026/05/22;0400 UTC;0;903,5;903,6;903,4;;17,5;15,7;19;17,2;15,8;15,2;90;81;90;133;3,1;1;
2026/05/22;0500 UTC;0;903,3;903,5;903,1;;18,1;16,1;18,1;17,5;16,2;15,7;90;88;88;100;3,3;1,2;
2026/05/22;0600 UTC;0;903,3;903,4;903,3;;18,5;16,1;18,7;18,1;16,4;16,1;88;86;86;88;4,4;1,1;
2026/05/22;0700 UTC;0;902,7;903,3;902,7;;18,2;15,8;18,5;18,2;16,2;15,8;87;86;86;100;4,3;1,2;
2026/05/22;0800 UTC;0;903,1;903,1;902,7;;17,6;15,5;18,3;17,1;15,8;15;89;85;87;65;3,2;,9;
2026/05/22;0900 UTC;0;903,4;903,6;903,1;;17,3;15,3;17,7;17,3;15,5;15,2;88;86;88;82;3,9;1,7;
2026/05/22;1000 UTC;0;903,8;903,9;903,3;26,9;17,9;15,1;17,9;17,1;15,3;15,1;89;84;84;83;6,2;2,4;
2026/05/22;1100 UTC;0;904,6;904,7;903,8;317,6;19;15,1;19;17,9;15,2;15;84;78;78;74;5,8;1,6;
2026/05/22;1200 UTC;0;905,4;905,4;904,6;758,1;20,3;14,9;20,4;19;15,3;14,7;78;71;71;62;5,7;2,3;
2026/05/22;1300 UTC;0;905,3;905,7;905,3;1374;22,4;15,1;22,4;20,2;15,5;14,5;72;64;64;51;7,8;2,7;
2026/05/22;1400 UTC;0;905,7;905,7;905,3;2120,1;23,7;14,5;23,7;22,3;15,4;13,9;64;55;56;70;9,2;3,1;
2026/05/22;1500 UTC;0;905,1;905,7;905,1;1816;23,6;14,3;24,5;22,8;15,1;13,8;59;54;56;86;8,1;3,1;
2026/05/22;1600 UTC;0;904,7;905,1;904,5;1934,7;24,8;14,8;24,8;23,6;15,4;14,2;58;54;54;113;7,8;2,6;
2026/05/22;1700 UTC;0;903,7;904,8;903,7;1770,6;24;14;25,1;23,9;15,2;13,7;57;51;54;97;8,1;3,8;
2026/05/22;1800 UTC;0;903,2;903,7;903,2;1674;24,5;13,3;25;23,4;14,2;13;55;48;50;86;9,8;3,5;
2026/05/22;1900 UTC;0;903,3;903,3;903;1022,3;23,5;13,9;24,6;23,2;14,1;12,9;56;49;55;102;7,8;3,3;
2026/05/22;2000 UTC;0;903,6;903,6;903,2;447;22,5;14,3;23,6;22,5;14,5;13,9;60;55;60;96;6,5;2,3;
2026/05/22;2100 UTC;0;903,9;904,1;903,5;65,6;19,9;14,5;22,5;19,9;14,5;14,3;71;60;71;127;6;1,7;
2026/05/22;2200 UTC;0;904,3;904,3;903,8;;18,7;14,9;19,9;18,6;14,9;14,5;78;71;78;123;3,1;1,6;
2026/05/22;2300 UTC;0;904,9;905;904,3;;19,1;15,3;19,2;18,7;15,3;14,9;79;78;79;118;5,9;2,7;
2026/05/23;0000 UTC;0;905,3;905,3;904,7;;18,6;15,5;19,1;18,6;15,6;15,3;82;79;82;113;7;2,9;
2026/05/23;0100 UTC;0;905;905,3;904,9;;17,9;15,2;18,6;17,9;15,6;15,2;84;82;84;110;7,8;3,1;
2026/05/23;0200 UTC;0;905;905,1;904,8;;17,6;15;17,9;17,6;15,3;15;85;84;85;113;6,3;3,2;
2026/05/23;0300 UTC;0;905;905,1;904,9;;17,6;15;17,6;17,5;15;14,9;85;84;84;113;8,5;4,1;
2026/05/23;0400 UTC;0;904,5;905,2;904,5;;17,2;14,9;17,6;17,2;14,9;14,8;86;84;86;98;8,5;3,5;
2026/05/23;0500 UTC;0;904,3;904,5;904,2;;16,6;14,7;17,2;16,6;14,9;14,7;89;86;89;101;8,1;3,4;
2026/05/23;0600 UTC;0;903,9;904,3;903,9;;16,4;14,8;16,7;16,4;14,9;14,7;90;89;90;106;8,9;3,7;
2026/05/23;0700 UTC;0;903,9;904;903,6;;17,1;15,1;17,1;16,4;15,2;14,8;91;88;88;99;10,4;4,2;
2026/05/23;0800 UTC;0;904,1;904,2;903,9;;17;15,1;17,1;16,9;15,2;15;89;88;89;88;11,4;4,5;
2026/05/23;0900 UTC;0;904,5;904,5;904,1;;17;15,2;17,2;17;15,2;15,1;89;88;89;87;11,3;4,1;
2026/05/23;1000 UTC;0;905,4;905,4;904,5;30,1;17,2;15,3;17,2;17;15,3;15,2;89;89;89;93;10,2;3,8;
2026/05/23;1100 UTC;0;905,5;905,6;905,4;287,7;17,9;15,4;17,9;17,2;15,4;15,3;89;85;85;91;8,7;3,7;
2026/05/23;1200 UTC;0;905,8;906;905,5;881,5;19,4;15,7;19,5;17,9;16;15,4;85;79;79;89;9,6;4,1;
2026/05/23;1300 UTC;0;906;906,1;905,8;1450,7;20,4;16,1;20,8;19,2;16,3;15,6;80;74;77;89;10,3;4,2;
2026/05/23;1400 UTC;0;905,6;906;905,6;1745;22,1;16,2;22,5;20,4;16,7;15,9;77;68;69;84;10;3,3;
2026/05/23;1500 UTC;0;904,8;905,6;904,8;1483;23;16,3;23,1;21,9;16,7;15,8;70;65;66;66;7,5;2,9;
2026/05/23;1600 UTC;0;904,2;904,8;904,1;1534,5;23,1;16,1;23,8;22,8;16,6;15,7;66;62;64;82;8;3,1;
2026/05/23;1700 UTC;0;903,7;904,2;903,6;782;22,7;16,3;23,3;22,5;16,5;15,9;68;64;67;80;6,8;2,6;
2026/05/23;1800 UTC;0;903,5;903,7;903,5;812,7;23,3;16,5;23,4;22,7;16,7;16;68;64;66;104;6;2,4;
2026/05/23;1900 UTC;0;903,5;903,6;903,4;954,3;23,2;16,1;24,5;23;17,1;15,9;66;61;64;116;6,1;2,7;
2026/05/23;2000 UTC;0;903,4;903,6;903,4;324,4;22,1;16,1;23,4;22;16,5;15,8;69;64;69;96;6,6;2,8;
2026/05/23;2100 UTC;0;903,6;903,7;903,4;42,9;20,6;16,2;22,1;20,6;16,2;16;76;69;76;92;6,6;2,2;
2026/05/23;2200 UTC;0;904;904;903,6;;20,8;16,4;20,9;20,5;16,6;16,2;77;76;76;101;5,4;2,4;
2026/05/23;2300 UTC;0;904,2;904,2;904;;20,3;16,3;20,8;20,3;16,4;16,3;78;76;78;114;5,4;2,4;
2026/05/24;0000 UTC;0;904,6;904,7;904,2;;20,1;16,3;20,4;20,1;16,4;16,3;79;78;79;108;5,8;1,9;
2026/05/24;0100 UTC;0;904,7;904,8;904,6;;19,7;16,3;20,1;19,6;16,3;16,2;81;79;81;128;5,8;2,4;
2026/05/24;0200 UTC;0;904,4;904,8;904,4;;19,6;16,1;19,7;19,6;16,3;16,1;81;80;80;126;4,8;1,9;
2026/05/24;0300 UTC;0;904,4;904,4;904,3;;19,5;16,1;19,6;19,5;16,1;16,1;81;80;81;122;5,8;2,5;
2026/05/24;0400 UTC;0;904;904,4;904;;18,4;16,3;19,5;18,4;16,3;16;87;81;87;124;6,6;1,8;
2026/05/24;0500 UTC;0;903,5;904,1;903,5;;18;16,6;18,4;18;16,7;16,3;91;87;91;110;3,7;1,3;
2026/05/24;0600 UTC;0;903,2;903,5;903,1;;18,1;16,6;18,1;18;16,7;16,5;91;91;91;110;5,9;2,5;
2026/05/24;0700 UTC;0;902,9;903,2;902,9;;18,2;16,6;18,2;18,1;16,6;16,5;91;90;90;105;6,4;2,5;
2026/05/24;0800 UTC;0;902,9;903;902,9;;17,8;16,5;18,2;17,8;16,6;16,5;92;90;92;110;6;2,8;
2026/05/24;0900 UTC;0;903,6;903,6;902,9;;17,7;16,6;17,8;17,7;16,7;16,4;93;92;93;120;6,7;3,2;
2026/05/24;1000 UTC;,6;904,4;904,4;903,6;14,9;17,9;16,8;17,9;17,7;16,8;16,6;94;93;93;107;6,7;2,4;
2026/05/24;1100 UTC;,2;904,7;904,7;904,4;256,3;18,3;17,2;18,3;17,9;17,2;16,7;93;93;93;106;6,6;2,7;
2026/05/24;1200 UTC;,4;905,2;905,2;904,7;569,3;18,7;17,3;18,8;18,3;17,7;17,2;93;92;92;97;5,9;2,5;
2026/05/24;1300 UTC;,4;905,3;905,4;905,1;504;18,9;17,3;18,9;18,5;17,6;17,1;92;90;91;87;5,6;2,4;
2026/05/24;1400 UTC;0;905,2;905,4;905,2;1138,6;19,5;17,2;20,3;18,9;18,2;17,1;91;84;87;83;6,2;2,6;
2026/05/24;1500 UTC;,2;904,5;905,2;904,5;1469,7;21,5;17,6;21,7;19,2;18,2;17;90;77;79;83;6,7;2,6;
2026/05/24;1600 UTC;0;903,9;904,5;903,9;2051,8;22,5;17,3;22,7;20,6;18,6;16,9;83;72;72;58;6,8;2,4;
2026/05/24;1700 UTC;0;903,1;903,9;903,1;1759,8;24,7;17,4;24,7;22,2;18;16,5;73;62;64;59;5,1;2,1;
2026/05/24;1800 UTC;0;902,7;903,1;902,7;1190;23,4;16,5;24,8;23,2;17,4;16,2;68;61;65;47;5,3;2;
2026/05/24;1900 UTC;0;902,5;902,7;902,5;818,3;23,6;16,3;23,7;23,3;17;16;67;62;63;46;4,2;1,3;
2026/05/24;2000 UTC;0;902,5;902,6;902,5;479,4;23,2;16,9;23,9;23,2;17,2;16,1;69;63;68;47;3,3;,7;
2026/05/24;2100 UTC;0;903;903;902,5;76,2;20,5;16,8;23,2;20,5;17,5;16,7;79;67;79;126;1,9;1;
2026/05/24;2200 UTC;0;903,4;903,4;903;;20,2;17,5;20,5;20,2;17,5;16,8;84;79;84;98;1,9;,9;
2026/05/24;2300 UTC;0;904;904;903,4;;19,4;16,5;20,2;19,3;17,5;16,5;85;83;83;90;3,3;1,3;
2026/05/25;0000 UTC;0;904,3;904,3;904;;19,7;16,6;20;19,2;16,7;16,4;84;81;82;113;4,6;1,2;
2026/05/25;0100 UTC;0;904,5;904,5;904,3;;18,8;15,9;19,7;18,7;16,6;15,9;85;82;83;95;4,5;2;
2026/05/25;0200 UTC;0;904,4;904,5;904,3;;17,4;15,6;18,8;17,2;15,9;15,3;89;83;89;124;4,5;1,6;
2026/05/25;0300 UTC;0;903,9;904,4;903,9;;17,5;15,8;17,5;17,1;15,8;15,3;90;89;90;119;3,3;1,7;
2026/05/25;0400 UTC;0;903,7;904;903,7;;18,8;15,8;19;17,6;16,2;15,8;90;83;83;94;5,4;2,3;
2026/05/25;0500 UTC;0;903,1;903,7;903,1;;19,3;15,9;19,3;18,3;16;15,6;85;81;81;91;5,2;2;
2026/05/25;0600 UTC;0;902,8;903,1;902,8;;19,2;15,6;19,5;19,2;15,8;15,6;81;78;80;85;5,9;1,9;
2026/05/25;0700 UTC;0;902,9;902,9;902,7;;18,2;15,2;19,2;18,2;15,6;15,2;83;79;83;59;4,7;,9;
2026/05/25;0800 UTC;0;903,2;903,2;902,9;;18,2;15,2;18,4;17,7;15,5;15,2;87;83;83;66;3;1,2;
2026/05/25;0900 UTC;0;903,7;903,8;903,2;;16,5;14,3;18,2;16,5;15,2;14,3;89;83;87;128;3;1,1;
2026/05/25;1000 UTC;0;904,2;904,2;903,7;29;16,2;14,5;16,5;15,9;14,6;14,2;91;87;89;71;2,8;1,3;
2026/05/25;1100 UTC;0;904,6;904,6;904,1;371,9;20,5;16;20,5;16,2;16,2;14,5;90;75;75;73;3,6;1,9;
2026/05/25;1200 UTC;0;905,4;905,4;904,6;1463,6;23;16,3;23;20,5;16,6;15,7;76;66;66;70;7,9;3,2;
2026/05/25;1300 UTC;0;905,2;905,4;905,2;1684,9;23;16,5;23,5;22;16,7;15,6;69;63;67;51;7;3,1;
2026/05/25;1400 UTC;0;904,7;905,2;904,6;2640,5;25,3;15,5;25,6;23;16,9;15,3;67;54;54;61;6,7;2,7;
2026/05/25;1500 UTC;0;904,2;904,7;904,2;2214,6;25,8;15,4;26,2;24,4;16,3;14,9;58;52;53;73;8,1;3,3;
2026/05/25;1600 UTC;0;903,4;904,2;903,4;2426,5;25,7;14,9;27;25,4;16,2;14,9;55;49;51;53;8,1;3,1;
2026/05/25;1700 UTC;0;902,7;903,4;902,7;2448,4;27;14,2;27,9;25,7;16,4;14,2;54;45;45;68;6,7;3,1;
2026/05/25;1800 UTC;0;902,1;902,7;902,1;2028,4;26,6;14,8;28,4;26,6;15,8;14,3;50;44;48;92;6,5;2,1;
2026/05/25;1900 UTC;0;902;902,1;901,9;991,6;26;14,7;27,9;25,1;15,8;14,4;54;45;50;47;5,5;2;
2026/05/25;2000 UTC;0;902,3;902,3;901,9;503;25,3;15,3;26,5;25,3;15,6;14,5;54;48;54;91;5,1;2,3;
2026/05/25;2100 UTC;0;902,6;902,6;902,3;58,6;21,7;16,5;25,3;21,7;16,7;15,4;72;54;72;39;4,8;,6;
2026/05/25;2200 UTC;0;903,3;903,3;902,6;;20,5;16,4;21,7;20,1;16,7;16,3;81;72;77;62;1,7;1,1;
2026/05/25;2300 UTC;0;904;904;903,3;;18,7;16;20,5;18,6;16,4;15,8;85;77;85;90;1,7;,8;
2026/05/26;0000 UTC;0;904,2;904,2;903,9;;19,7;16,5;19,7;18,3;16,6;15,8;87;82;82;95;4,4;1,9;
2026/05/26;0100 UTC;0;904,3;904,3;904,2;;20,6;15,4;20,8;19,7;16,5;15,4;82;71;72;93;5,2;1,9;
2026/05/26;0200 UTC;0;904,5;904,5;904,3;;19,7;15,2;20,8;19,7;15,4;15,2;75;71;75;104;4,9;1,3;
2026/05/26;0300 UTC;0;904,4;904,6;904,4;;17,3;15,3;19,7;17;15,3;14,8;88;75;88;227;2,8;1,2;
2026/05/26;0400 UTC;0;904,1;904,4;904,1;;17,3;15,3;17,5;17,1;15,5;15,1;88;87;88;226;3,2;1,7;
2026/05/26;0500 UTC;0;904;904,1;904;;18,2;15,8;18,2;17,1;15,9;15,1;89;86;86;227;3,2;1,5;
2026/05/26;0600 UTC;0;903,9;904;903,9;;18,4;15,9;18,4;18,2;15,9;15,7;86;85;85;206;2,5;1,1;
2026/05/26;0700 UTC;0;903,7;903,9;903,7;;17,7;14,9;18,6;17,7;15,9;14,9;85;83;84;173;2,6;1,2;
2026/05/26;0800 UTC;0;903,7;903,7;903,6;;17,1;14,8;17,8;16,5;15;14,3;88;84;86;95;2,5;,7;
2026/05/26;0900 UTC;0;904;904;903,7;;15,9;14,1;17,1;15,9;14,9;14;89;86;89;208;2,5;1,5;
2026/05/26;1000 UTC;0;904,8;904,8;904;22,1;17,8;14,2;17,8;15,8;14,6;14;90;79;80;100;5,1;1,8;
2026/05/26;1100 UTC;0;905,4;905,4;904,8;556,4;20,8;14,2;20,9;17,8;14,5;14,1;80;65;66;94;7,5;3,3;
2026/05/26;1200 UTC;0;906;906;905,4;1412,2;23,4;15,2;23,5;20,7;15,7;14,2;67;60;60;86;7,5;2,1;
2026/05/26;1300 UTC;0;906,1;906,1;906;2086,7;24,6;15,1;24,9;23,1;15,7;14,4;60;55;56;77;5,8;2,3;
2026/05/26;1400 UTC;0;905,7;906,1;905,7;2560,1;25,1;14,3;25,6;24,4;15,8;14,3;57;51;51;59;5,6;2,9;
2026/05/26;1500 UTC;0;905;905,7;905;2807,9;26,8;15;26,8;25;15,6;13,8;54;46;48;80;7;3;
2026/05/26;1600 UTC;0;904,1;905;904,1;2894;27,5;13,9;28,3;26,5;15,2;13,4;48;42;43;108;7,3;3,4;
2026/05/26;1700 UTC;0;903,3;904,1;903,3;2633,2;27,8;14,5;28,2;27;14,6;12,8;45;40;44;88;7,5;3,1;
2026/05/26;1800 UTC;0;902,5;903,3;902,5;2076,6;27,6;13,3;28,5;27,1;14,9;12,5;47;39;41;124;7,7;3,2;
2026/05/26;1900 UTC;0;902,4;902,5;902,3;1429,9;27,7;13,4;28,2;25,9;13,8;12,2;46;38;41;112;8,8;3,2;
2026/05/26;2000 UTC;0;902,5;902,5;902,4;514,5;25,5;13;27,8;25,1;14,2;12,9;51;41;46;119;7,2;3,4;
2026/05/26;2100 UTC;0;903;903;902,5;83,6;22,7;14,5;25,5;22,7;14,5;13;60;46;60;120;7,1;1,7;
2026/05/26;2200 UTC;0;903,4;903,4;903;;20,2;14,4;22,7;20,2;14,5;14,2;70;60;69;105;3,3;1,5;
2026/05/26;2300 UTC;0;903,8;903,8;903,4;;19,3;14,7;20,2;19,2;14,7;14,4;75;69;75;119;3,8;1,8;
2026/05/27;0000 UTC;0;904;904,1;903,8;;19,6;14,7;19,6;19,1;14,7;14,5;75;73;73;124;5;2,6;
2026/05/27;0100 UTC;0;904,2;904,2;904;;19;15,1;19,6;18,9;15,1;14,7;78;73;78;120;5,5;2,5;
2026/05/27;0200 UTC;0;904,1;904,2;904,1;;19,1;15,3;19,1;18,7;15,4;15,1;80;78;79;115;5;2,6;
2026/05/27;0300 UTC;0;903,9;904,2;903,9;;18,3;15,2;19,1;18,3;15,3;15,1;82;79;82;115;5;2;
2026/05/27;0400 UTC;0;903,6;903,9;903,6;;16,2;14,2;18,3;16,2;15,2;14,1;88;82;88;106;3,8;,8;
2026/05/27;0500 UTC;0;903,1;903,6;903,1;;16,4;14,8;16,4;15,6;14,9;14;91;88;90;105;2,6;1,4;
2026/05/27;0600 UTC;0;902,6;903,1;902,6;;16,4;14,9;16,7;15,4;15;13,8;92;88;91;87;2,8;1,2;
2026/05/27;0700 UTC;0;902,5;902,6;902,5;;15,6;14,1;17,1;15,3;15,1;13,5;91;85;91;87;3,2;1,1;
2026/05/27;0800 UTC;0;902,6;902,6;902,5;;17,3;14,5;17,3;15,4;14,9;13,9;91;84;84;95;3,5;1,7;
2026/05/27;0900 UTC;0;903;903;902,6;;17;14,4;17,4;17;14,5;14,4;85;83;85;85;5;2,3;
2026/05/27;1000 UTC;0;903,3;903,3;902,9;17;17,4;14,9;17,4;17;14,9;14,4;85;84;85;77;5,8;1,4;
2026/05/27;1100 UTC;0;904;904;903,3;546,9;21,3;15,8;21,3;17,4;15,8;14,7;85;70;71;314;3,4;,8;
2026/05/27;1200 UTC;0;904,4;904,4;903,9;1437,7;22;16,1;22,2;21;16,2;15,4;71;68;69;45;7,8;3,9;
2026/05/27;1300 UTC;0;904,4;904,5;904,4;1810,2;23,7;16,4;23,8;22;17;16;69;63;64;69;7,8;2,9;
2026/05/27;1400 UTC;0;904;904,4;904;2646,1;24,8;15,3;25,1;23,5;16,9;15,3;64;55;55;50;8,3;3,4;
2026/05/27;1500 UTC;0;903,3;904;903,3;2489,7;24,7;15;26,3;24,5;16;14,5;58;50;55;78;7,1;2,6;
2026/05/27;1600 UTC;0;902,6;903,3;902,5;2317,7;26,4;14,4;27,4;24,7;15,5;13,6;56;44;48;95;5,9;2,5;
2026/05/27;1700 UTC;0;901,5;902,6;901,5;2166,4;27,7;14,1;28;25,7;15,5;13,1;49;43;43;134;6;2,6;
2026/05/27;1800 UTC;0;900,9;901,5;900,9;2435,9;27,5;14,1;28,9;26,5;14,9;13,6;47;40;44;66;6,7;2,1;
2026/05/27;1900 UTC;0;901;901;900,8;1542,8;25,6;14,3;28,4;25,6;15;13,3;50;41;50;110;6,7;2,1;
2026/05/27;2000 UTC;0;901,2;901,2;901;393,3;24,8;14,3;27;24,8;14,8;13,2;52;44;52;128;4,9;2,1;
2026/05/27;2100 UTC;0;901,5;901,5;901,2;105;22,1;14,7;24,8;22,1;14,9;14,4;63;52;63;126;4,5;2;
2026/05/27;2200 UTC;0;901,8;901,8;901,5;;19,4;14,5;22;19,4;14,8;14,5;74;63;74;84;3,5;1,2;
2026/05/27;2300 UTC;0;902,5;902,5;901,8;;18,9;14,3;19,4;18,9;14,6;14,2;76;73;74;94;2,8;1,2;
2026/05/28;0000 UTC;0;903,1;903,1;902,5;;20,3;14,1;20,7;18,9;14,6;14,1;75;67;67;123;5,1;2,8;
2026/05/28;0100 UTC;0;903,2;903,4;903,1;;19,8;15;20,3;19,4;15;14,1;74;67;74;123;6,8;3,4;
2026/05/28;0200 UTC;0;903,1;903,3;903;;19,1;15;19,8;19,1;15;14,9;77;74;77;118;6,9;3,1;
2026/05/28;0300 UTC;0;902,8;903,1;902,8;;18,9;14,8;19,1;18,7;15;14,8;78;77;77;113;6,2;3;
2026/05/28;0400 UTC;0;902,6;902,8;902,6;;18,5;14,6;18,9;18,5;14,8;14,6;78;77;78;97;6;1,5;
2026/05/28;0500 UTC;0;902,3;902,6;902,3;;16;14;18,5;16;14,6;14;88;78;88;222;3,9;,7;
2026/05/28;0600 UTC;0;902;902,3;901,9;;17,3;14,2;17,5;15,7;14,9;13,9;90;82;82;94;3,4;1,1;
2026/05/28;0700 UTC;0;901,7;902,1;901,6;;17,2;14,5;17,2;15,6;14,9;13,6;90;82;84;100;3,3;1,4;
2026/05/28;0800 UTC;0;901,7;901,8;901,3;;16,2;13,7;17,4;16,2;14,6;13,7;85;82;85;109;3,5;1,2;
2026/05/28;0900 UTC;0;902;902;901,7;;15,9;14,3;16,2;14,9;14,3;13,4;92;85;90;92;3,3;1,5;
2026/05/28;1000 UTC;0;902,9;902,9;902;16,5;14,5;13;16;14,4;14,3;12,8;91;88;91;316;3,3;,4;
2026/05/28;1100 UTC;0;903,6;903,6;902,9;483,2;20;15,4;20;14,5;15,7;13;92;74;75;29;2,2;,9;
2026/05/28;1200 UTC;0;903,8;903,9;903,6;882,8;21,5;16,3;22,4;20;16,3;15,6;75;66;72;83;4,6;1,9;
2026/05/28;1300 UTC;0;904,2;904,2;903,8;1659,5;24,4;16,2;24,4;21,5;16,7;15,9;72;60;60;75;6,3;2,7;
2026/05/28;1400 UTC;0;904;904,2;904;1824,6;24,8;15,5;25,1;23,2;16,4;15,3;63;56;56;81;6,3;2,7;
2026/05/28;1500 UTC;0;902,9;904;902,9;1875,6;25,2;15,6;26,5;24,5;16,5;15,2;59;53;55;88;6,4;2,1;
2026/05/28;1600 UTC;0;902,3;903;902,3;1663,5;25,3;14,2;27,2;24,9;16;13,6;57;47;50;100;6,8;3;
2026/05/28;1700 UTC;0;901,5;902,3;901,5;1781;25,3;14,3;27,3;24,9;14,8;13,1;52;44;51;79;7,9;2,5;
2026/05/28;1800 UTC;0;900,9;901,5;900,8;1612,4;25,9;14,8;26,7;24,3;14,9;13,1;52;44;50;92;7,4;2,6;
2026/05/28;1900 UTC;0;900,9;901;900,8;1439,8;25,3;13,7;26,4;24,9;15,4;13,7;53;48;49;58;6,8;2,9;
2026/05/28;2000 UTC;0;900,9;900,9;900,7;559,4;22,8;14,6;25,2;22,8;14,7;13,5;60;49;60;70;6,6;1,9;
2026/05/28;2100 UTC;0;901,3;901,3;900,9;60;20,8;14,9;22,8;20,8;15;14,6;69;60;69;93;3,9;1,5;
2026/05/28;2200 UTC;0;901,9;901,9;901,3;;18,6;15,1;20,8;18,6;15,1;14,8;80;69;80;98;3;1,6;
2026/05/28;2300 UTC;0;902,5;902,6;901,9;;17,5;14,8;19,2;17,5;15,5;14,7;84;79;84;70;3,3;,8;
2026/05/29;0000 UTC;0;902,7;902,7;902,4;;19;15,2;19,1;17,4;15,5;14,8;86;79;79;68;4,6;1,5;
2026/05/29;0100 UTC;0;903,1;903,1;902,7;;17,3;14,9;19;17,3;15,1;14,8;86;79;85;91;4;1,8;
2026/05/29;0200 UTC;0;903,2;903,3;903;;18;15;18,1;17,3;15,2;14,9;86;82;82;85;4,7;2,1;
2026/05/29;0300 UTC;0;903,1;903,2;903;;18,5;14,8;18,5;18;15;14,7;82;79;79;88;5,2;1,9;
2026/05/29;0400 UTC;0;902,5;903,1;902,5;;17,9;14,6;18,5;17,9;14,8;14,5;81;79;81;91;5,5;2,4;
2026/05/29;0500 UTC;0;902,1;902,6;902,1;;16,9;14,3;17,9;16,9;14,6;14,3;85;81;85;93;5,5;1,7;
2026/05/29;0600 UTC;0;902;902,1;901,8;;16,9;14,4;17,3;16,8;14,6;14,3;85;84;85;89;4,2;1,8;
2026/05/29;0700 UTC;0;901,8;902;901,8;;16,4;14,5;16,9;16,1;14,5;14,1;88;85;88;93;3,6;1,9;
2026/05/29;0800 UTC;0;902;902,1;901,8;;16,1;14,5;16,6;15,7;14,5;13,9;91;87;91;89;3,6;1,5;
2026/05/29;0900 UTC;0;902,7;902,7;902;;17,2;15;17,2;16,1;15,1;14,6;91;87;87;82;3,4;1,5;
2026/05/29;1000 UTC;0;903,3;903,4;902,7;35,9;17,9;15,4;17,9;17;15,4;14,9;88;86;86;95;6;2,7;
2026/05/29;1100 UTC;0;904;904;903,3;528,9;20,3;16,2;20,3;17,9;16,3;15,4;86;78;78;65;6,1;2,2;
2026/05/29;1200 UTC;0;904,7;904,7;904;1267,9;21,3;16,2;22,1;19,8;16,9;15,8;79;71;73;42;6,6;2,8;
2026/05/29;1300 UTC;0;904,8;904,9;904,5;1846,2;22,8;15,8;23,1;21,3;16,6;15,4;73;63;65;55;7,1;3;
2026/05/29;1400 UTC;0;904,4;904,8;904,3;2765,3;24,8;15,4;25,1;22,8;16,5;15;65;55;56;58;6,8;2,9;
2026/05/29;1500 UTC;0;903,9;904,4;903,8;2211,3;23,9;14,9;25,6;23,8;16,1;14,6;59;52;57;78;7;2,4;
2026/05/29;1600 UTC;0;903;903,9;903;2739,5;26;13,7;26,4;23,7;15,2;12,8;58;45;47;51;6,8;2,6;
2026/05/29;1700 UTC;0;902;903;902;2542,3;26,1;13,5;27;25,1;14,4;13,1;50;44;46;79;5,9;2,7;
2026/05/29;1800 UTC;0;901,5;902;901,4;1489,3;24,8;13,9;26,9;24,7;14,5;13,2;51;45;51;80;6,8;2,3;
2026/05/29;1900 UTC;0;901,7;901,8;901,5;840,6;24,8;14,5;25;24,5;14,6;13,4;54;49;53;87;5,5;2,2;
2026/05/29;2000 UTC;0;901,8;901,8;901,7;427,9;23,6;14,5;25;23,6;14,8;13,9;56;52;56;97;5,4;1,6;
2026/05/29;2100 UTC;0;902,3;902,4;901,8;61,9;21,2;14,9;23,6;21,2;14,9;14,3;67;56;67;108;4,5;1,5;
2026/05/29;2200 UTC;0;902,5;902,5;902,2;;19,3;14,4;21,2;19,3;14,9;14,4;73;67;73;111;3,5;1,9;
2026/05/29;2300 UTC;0;902,9;902,9;902,4;;19,2;14,4;19,5;19,2;14,4;14,2;74;72;74;111;4,1;1,9;
2026/05/30;0000 UTC;0;903,4;903,4;902,8;;19,1;14,6;19,5;19;14,6;14,3;75;73;75;111;5,9;2,2;
2026/05/30;0100 UTC;0;903,5;903,6;903,4;;18,7;14,9;19,1;18,7;14,9;14,6;79;75;78;108;4,8;2,3;
2026/05/30;0200 UTC;0;903,5;903,6;903,4;;18,1;14,9;18,7;18,1;15;14,9;82;78;82;114;4,8;2,1;
2026/05/30;0300 UTC;0;903,3;903,5;903,2;;17,7;14,9;18,2;17,7;15;14,9;84;82;84;113;5,5;2,5;
2026/05/30;0400 UTC;0;903,4;903,4;903,1;;17,7;14,9;17,9;17,6;15,1;14,9;84;84;84;109;5,4;2,4;
2026/05/30;0500 UTC;0;903;903,4;903;;17,1;14,9;17,7;17;15;14,7;87;84;87;107;5,1;2,3;
2026/05/30;0600 UTC;0;903,1;903,5;903;;16,6;14,7;17,2;16,6;15;14,6;88;86;88;114;4,6;1,7;
2026/05/30;0700 UTC;0;903,5;903,7;902,9;;15,7;14;17;15,7;14,9;14;90;87;90;188;6,3;1,5;
2026/05/30;0800 UTC;0;904,1;904,1;903,5;;15,8;14,7;15,8;15,3;14,7;14;93;90;93;198;4;1,9;
2026/05/30;0900 UTC;0;904,7;904,7;904;;15,1;14,1;15,8;15,1;14,7;14;94;93;94;188;3,5;2,1;
2026/05/30;1000 UTC;0;905,1;905,1;904,6;36,2;15,3;14,5;15,3;14,6;14,5;13,7;95;94;95;270;3,5;,7;
2026/05/30;1100 UTC;0;905,5;905,5;905;366,6;18,1;15,5;18,1;15,3;15,7;14,7;95;84;85;142;2,8;1,4;
2026/05/30;1200 UTC;0;906,1;906,1;905,4;620,4;19,5;15,6;19,6;18,1;15,9;15,2;85;78;78;161;3,4;1,4;
2026/05/30;1300 UTC;0;906,2;906,6;906,1;1234,6;21,4;15;22,4;19,4;16,3;14,6;79;65;67;51;4,9;2,2;
2026/05/30;1400 UTC;0;905,7;906,3;905,6;1223,7;22,2;15,1;22,9;21,1;15,7;14,5;69;61;64;43;6;1,8;
2026/05/30;1500 UTC;0;904,4;905,7;904,3;1148,2;22,6;15;22,8;21,8;15,4;14,7;66;61;62;39;7,4;3,8;
2026/05/30;1600 UTC;0;903,2;904,4;903,2;762,7;21,9;15;22,7;21,9;15,3;14,6;65;61;65;28;7,4;2,9;
2026/05/30;1700 UTC;0;903,7;903,7;902;482,3;22;16,1;22;21,3;16,1;14,8;70;65;69;303;7,9;1,2;
2026/05/30;1800 UTC;0;902,8;903,7;902,7;763,2;23,1;14,9;23,2;22;16;14,5;69;58;60;149;3,3;1,3;
2026/05/30;1900 UTC;0;903,5;903,5;902,8;673,2;23,1;14,2;23,6;22,4;15,7;14,2;65;56;57;141;3;1,1;
2026/05/30;2000 UTC;0;903,6;903,7;903,5;483,1;22,3;15,6;23,5;22,3;15,8;14,2;66;57;66;188;2,4;1,1;
2026/05/30;2100 UTC;0;903,8;903,9;903,4;103,5;19,6;15,8;22,3;19,6;16,4;15,6;79;66;79;163;4;1,1;
2026/05/30;2200 UTC;0;904;904,1;903,8;;18,2;15,7;19,6;18,1;15,8;15,6;86;79;85;96;2,3;,9;
2026/05/30;2300 UTC;0;904,4;904,4;903,9;;17,3;15,3;18,3;17,3;15,7;15,2;88;85;88;191;2,6;1;
2026/05/31;0000 UTC;0;904,8;904,8;904,4;;16,7;14,9;17,5;16,7;15,6;14,9;89;88;89;180;2,6;,4;
2026/05/31;0100 UTC;0;904,5;904,8;904,5;;16;14,7;16,7;16;14,9;14,6;92;89;92;190;2,2;,5;
2026/05/31;0200 UTC;0;904,3;904,5;904,3;;15,9;14,4;16,1;15,9;14,8;14,4;92;91;91;212;2,3;1,1;
2026/05/31;0300 UTC;0;904,3;904,4;904,1;;16;14,7;16,1;15,6;14,8;14,2;92;91;92;178;3;1,2;
2026/05/31;0400 UTC;0;904;904,4;904;;16,7;15,3;16,7;16;15,3;14,7;92;92;92;128;2,3;1;
2026/05/31;0500 UTC;0;903,4;904;903,4;;16;14,7;16,7;16;15,3;14,7;92;91;92;181;2,6;1,6;
2026/05/31;0600 UTC;0;902,6;903,4;902,6;;15,4;14,3;16;15,4;14,7;14,3;93;92;93;215;2,3;1;
2026/05/31;0700 UTC;0;902,2;902,6;902,1;;15,6;14,6;15,6;15;14,6;14;94;93;94;144;3;1,9;
2026/05/31;0800 UTC;0;902,8;902,8;902,2;;14,4;13,3;16,3;14,4;15,1;13,2;94;91;93;211;4,7;,4;
2026/05/31;0900 UTC;0;903,4;903,4;902,8;;13,9;13;14,4;13,8;13,3;12,9;94;93;94;127;1,5;1;
2026/05/31;1000 UTC;0;903,6;903,6;903,2;15,7;14,3;13,5;14,3;13,6;13,5;12,7;95;94;95;41;3;1,2;
2026/05/31;1100 UTC;0;904,2;904,2;903,6;509,3;19,4;15,6;19,5;14,3;15,9;13,8;96;78;79;89;3,2;1,5;
2026/05/31;1200 UTC;0;904,8;904,8;904,1;1363,6;21,7;16,1;22,2;19,4;16,6;15,6;79;69;71;36;5,8;2,9;
2026/05/31;1300 UTC;0;904,7;904,8;904,7;2034;23,4;15,5;24;21,6;16,8;15,5;71;61;61;31;6;2,9;
2026/05/31;1400 UTC;0;904,3;904,7;904,3;2581,1;24,8;14,2;25,8;23,2;16,1;14,2;63;52;52;52;7,1;2,8;
2026/05/31;1500 UTC;0;903,6;904,3;903,6;2482,9;26,6;15,1;26,7;24;15,7;13,9;56;48;49;92;7,1;2,5;
2026/05/31;1600 UTC;0;902,6;903,7;902,6;1401,1;25,7;14,8;26,6;24,4;15,4;14,2;56;49;51;57;6,4;1,3;
2026/05/31;1700 UTC;0;901,9;902,6;901,8;2223,2;26,5;14,1;27;24,7;15,5;12,9;54;42;46;10;5,9;2,5;
2026/05/31;1800 UTC;0;901,1;901,9;901,1;2299,8;26,8;12,4;27,3;26,2;13,9;11,8;46;40;41;39;5,7;1,4;
2026/05/31;1900 UTC;0;901;901,1;900,9;755,2;24,8;14,6;27;24,8;14,6;11,8;53;40;53;14;4;,7;
2026/05/31;2000 UTC;0;901,2;901,2;900,9;188,8;23,3;14,4;24,8;23,3;14,6;13,4;58;50;57;35;2,9;1,1;
2026/05/31;2100 UTC;0;901,6;901,6;901,2;52,2;19,8;14,8;23,6;19,8;15,2;14,2;73;56;73;97;2,4;,9;
2026/05/31;2200 UTC;0;902,2;902,2;901,6;;17,7;13,7;19,8;17,7;14,7;13,5;77;69;77;85;2,3;1,1;
2026/05/31;2300 UTC;0;902,5;902,6;902,2;;17,3;13;17,7;16,7;13,8;13;82;76;76;46;2,3;1,3;
