REGIAO:;N
UF:;PA
ESTACAO:;REDENCAO
CODIGO (WMO):;A254
LATITUDE:;-8,04333333
LONGITUDE:;-50,00694444
ALTITUDE:;199
DATA DE FUNDACAO:;11/07/19
Data;Hora UTC;PRECIPITAÇÃO TOTAL, HORÁRIO (mm);PRESSAO ATMOSFERICA AO NIVEL DA ESTACAO, HORARIA (mB);PRESSÃO ATMOSFERICA MAX.NA HORA ANT. (AUT) (mB);PRESSÃO ATMOSFERICA MIN. NA HORA ANT. (AUT) (mB);RADIACAO GLOBAL (Kj/m²);TEMPERATURA DO AR - BULBO SECO, HORARIA (°C);TEMPERATURA DO PONTO DE ORVALHO (°C);TEMPERATURA MÁXIMA NA HORA ANT. (AUT) (°C);TEMPERATURA MÍNIMA NA HORA ANT. (AUT) (°C);TEMPERATURA ORVALHO MAX. NA HORA ANT. (AUT) (°C);TEMPERATURA ORVALHO MIN. NA HORA ANT. (AUT) (°C);UMIDADE REL. MAX. NA HORA ANT. (AUT) (%);UMIDADE REL. MIN. NA HORA ANT. (AUT) (%);UMIDADE RELATIVA DO AR, HORARIA (%);VENTO, DIREÇÃO HORARIA (gr) (° (gr));VENTO, RAJADA MAXIMA (m/s);VENTO, VELOCIDADE HORARIA (m/s);
2026/01/01;0000 UTC;,6;988,8;989,4;988,1;;26,2;20,8;29,6;26,2;24,5;20,7;79;69;72;99;10,9;2,2;
2026/01/01;0100 UTC;,6;989,3;989,3;988,2;;25,4;21,3;26,3;25,4;21,4;20,8;78;72;78;52;5,4;1,3;
2026/01/01;0200 UTC;;;;;;;;;;;;;;;;;;
2026/01/01;0300 UTC;,6;989,4;989,9;989,4;;24,6;21,3;25;24,3;21,8;21,1;84;80;82;294;3,1;1,2;
2026/01/01;0400 UTC;,6;988,8;989,4;988,8;;24,6;22,1;25;24,6;22,3;21,4;86;81;86;349;2,5;,7;
2026/01/01;0500 UTC;,6;988,2;988,8;988,2;;23,5;22,1;24,7;23,5;22,6;21,9;93;85;92;146;2,6;,8;
2026/01/01;0600 UTC;,6;987,5;988,2;987,5;;23,5;22,3;23,7;23,5;22,4;22;94;90;93;303;1,6;,8;
2026/01/01;0700 UTC;,4;987,2;987,5;987,1;;23,9;22,4;24,1;23,5;22,7;22,3;93;91;91;302;2;,7;
2026/01/01;0800 UTC;,6;987,4;987,4;987,2;;23,8;22,5;24,1;23,7;22,8;22,3;93;90;92;338;1,9;,5;
2026/01/01;0900 UTC;,4;987,9;987,9;987,4;;23,7;22,8;23,8;23,7;22,9;22,5;95;92;94;357;1,6;,6;
2026/01/01;1000 UTC;,6;988,4;988,4;987,9;93,7;24,5;23,1;24,5;23,4;23,2;22,6;96;92;92;352;2,1;,6;
2026/01/01;1100 UTC;,4;989;989;988,4;402,8;25,9;23,3;25,9;24,5;23,4;22,6;91;85;85;347;2,1;1,1;
2026/01/01;1200 UTC;,6;989,8;989,8;989;1211,2;27,7;23,5;27,8;25,9;23,9;22,9;86;76;78;337;4,8;2,5;
2026/01/01;1300 UTC;,4;989,9;990;989,7;2076,7;29,1;23,8;29,7;27,7;24,7;23,2;79;71;73;343;4,3;1,8;
2026/01/01;1400 UTC;0;989,6;989,9;989,6;2896,9;30,8;24,4;30,8;29;25,3;23,9;76;67;69;1;6,6;2,9;
2026/01/01;1500 UTC;0;988,8;989,6;988,8;2863,9;31,7;24,1;32;30,7;24,8;23,5;70;63;64;351;6,9;2,6;
2026/01/01;1600 UTC;0;987,7;988,8;987,7;3388,5;32,8;23,8;33;31,3;24,9;23,1;67;57;59;345;7,1;1,8;
2026/01/01;1700 UTC;0;986,5;987,7;986,5;3593,9;33,7;23,9;33,7;32,2;25;22,9;63;54;57;336;5,5;2;
2026/01/01;1800 UTC;0;985,4;986,5;985,4;2590,8;33,8;23,5;33,8;32,8;24,5;22,6;60;55;55;134;5,5;1,1;
2026/01/01;1900 UTC;0;985,5;985,8;985,4;671,4;27,9;25,2;33,8;27,2;26;22,7;91;53;85;194;9,8;2,7;
2026/01/01;2000 UTC;0;985;985,7;984,9;467,2;28;25,2;28,5;27,7;26,3;24,9;90;83;85;332;4,3;1,2;
2026/01/01;2100 UTC;0;985,7;985,7;985;359,8;27,3;22,6;28;26,7;25,3;22,4;86;75;76;256;5,3;1,1;
2026/01/01;2200 UTC;0;986,4;986,5;985,7;48,1;26,4;22,8;27,8;26,4;23,8;22,4;83;74;81;309;3,7;1,5;
2026/01/01;2300 UTC;0;986,4;986,8;986,3;;26,7;21,8;26,8;26,4;22,7;21,7;81;74;74;289;3,3;1,4;
2026/01/02;0000 UTC;0;987,4;987,5;986,4;;26,1;22,1;26,8;26,1;22,4;21,6;80;73;79;333;3,5;1,3;
2026/01/02;0100 UTC;0;988;988,1;987,4;;26,1;22,9;26,2;25,9;23,4;22,1;85;79;82;2;2,8;,8;
2026/01/02;0200 UTC;0;988,6;988,6;988;;25,4;23,7;26,3;25,4;23,8;22,7;90;82;90;13;2;1,3;
2026/01/02;0300 UTC;0;988,4;988,7;988,4;;25;23,9;25,4;24,9;24;23,4;94;90;93;323;2,2;,7;
2026/01/02;0400 UTC;0;987,2;988,4;987,2;;24,7;24;25,2;24,7;24,1;23,7;95;92;95;108;1,6;,7;
2026/01/02;0500 UTC;0;986,2;987,2;986,2;;24,3;23,8;24,8;24,3;24,1;23,8;97;95;97;318;2,3;1;
2026/01/02;0600 UTC;0;985,8;986,2;985,7;;24,4;23,6;24,5;24,3;23,8;23,6;97;95;95;302;2,6;,5;
2026/01/02;0700 UTC;0;985,3;985,8;985,3;;24,1;23,2;24,5;24,1;23,8;23,2;96;94;95;343;1,6;,7;
2026/01/02;0800 UTC;0;985,4;985,4;985,2;;24;23,4;24,2;24;23,5;23,1;96;95;96;234;1,5;,2;
2026/01/02;0900 UTC;0;986,1;986,1;985,4;;23,8;23,5;24,1;23,8;23,6;23,3;98;96;98;142;1,2;,7;
2026/01/02;1000 UTC;0;986,8;986,8;986,1;133,3;24,6;23,9;24,6;23,8;23,9;23,5;99;96;96;150;1,2;,3;
2026/01/02;1100 UTC;0;987,8;987,8;986,8;656,9;26,5;23,8;26,5;24,5;24,4;23,4;96;84;85;333;1,5;,7;
2026/01/02;1200 UTC;0;988,7;988,7;987,8;1479,7;27,9;25;28,1;26,5;25;23,7;87;80;84;24;2,3;1,3;
2026/01/02;1300 UTC;0;988,9;989;988,7;1836,8;29,7;25;29,7;27,8;25,4;24,2;84;75;76;290;3,5;1,3;
2026/01/02;1400 UTC;0;988,6;989;988,6;2610,4;30,8;24,3;30,9;29,4;25,5;23,6;78;68;68;332;5,6;2,3;
2026/01/02;1500 UTC;0;987,4;988,6;987,4;3163,7;31,2;24,2;31,5;30,5;25;23,1;71;62;67;312;6,1;2,5;
2026/01/02;1600 UTC;0;986,2;987,4;986,2;2702,2;30,8;24,9;32,2;30,8;25,3;22,9;72;59;71;345;6,8;2,9;
2026/01/02;1700 UTC;0;984,8;986,2;984,8;2614;31,1;23,3;32,1;30,6;25,9;23,3;72;63;63;313;7;3,2;
2026/01/02;1800 UTC;0;983,5;984,8;983,5;2778,8;32,1;22,2;32,5;31,1;24,6;22,2;67;55;56;324;6,8;2,4;
2026/01/02;1900 UTC;0;983,5;983,6;983,2;2047,3;29;24,2;32,6;28,9;24,5;21,5;75;53;75;22;10,6;4,9;
2026/01/02;2000 UTC;0;984,3;984,5;983,5;697,6;27,6;23,9;29,1;27,4;24,9;22,9;86;70;80;44;7,8;2;
2026/01/02;2100 UTC;0;984,9;984,9;983,6;60,8;25,9;23,6;27,7;25,9;25;23,5;89;80;87;161;6,1;2,3;
2026/01/02;2200 UTC;0;985,4;985,5;984,8;;26,4;24;26,4;25,5;24,3;23,6;91;87;87;339;4,2;,5;
2026/01/02;2300 UTC;0;986,1;986,1;985,2;;26;25,2;26,5;25,8;25,3;24,1;96;87;95;328;1,9;,5;
2026/01/03;0000 UTC;;;;;;;;;;;;;;;;;;
2026/01/03;0100 UTC;0;988,3;988,3;987,3;;25,3;24,8;25,4;25,1;25;24,4;98;96;97;310;2,2;,2;
2026/01/03;0200 UTC;0;988,2;988,4;988,2;;25,2;24,9;25,6;25,2;25,3;24,6;99;95;98;155;2,9;1,3;
2026/01/03;0300 UTC;0;988,4;988,4;988,2;;25;24,9;25,3;25;25,1;24,7;99;98;99;359;2,3;1,5;
2026/01/03;0400 UTC;0;987,6;988,4;987,6;;25,1;24,8;25,2;25;25,1;24,8;100;99;99;349;2,3;1;
2026/01/03;0500 UTC;0;987,3;987,7;987,3;;24,9;24;25,2;24,8;24,9;24;99;95;95;286;3,4;1,6;
2026/01/03;0600 UTC;0;986,6;987,3;986,6;1;24,7;23,7;24,9;24,6;24,1;23,6;95;94;94;292;4,8;1,6;
2026/01/03;0700 UTC;0;986,6;986,7;986,6;1,1;24,7;22,6;24,9;24,7;23,7;22,6;94;88;88;300;4,6;2,2;
2026/01/03;0800 UTC;0;986,9;986,9;986,5;;24,4;22,9;24,7;24,3;22,9;22,6;92;88;91;287;5;1,3;
2026/01/03;0900 UTC;0;987,3;987,3;986,9;;24,4;22,5;24,4;24,1;23,1;22,5;94;89;89;301;3;1,1;
2026/01/03;1000 UTC;0;988,2;988,2;987,3;58,1;24,3;23,7;24,6;24,3;23,7;22,5;96;88;96;134;2,6;1;
2026/01/03;1100 UTC;0;989,1;989,1;988,2;374,4;24,7;23,7;24,8;24,2;24;23,5;97;94;94;34;2,6;,7;
2026/01/03;1200 UTC;0;989,1;989,3;989,1;976,6;26,2;23,7;26,2;24,6;24,1;23,4;94;85;86;238;1,9;,6;
2026/01/03;1300 UTC;0;989,1;989,4;989,1;1958,7;28,2;23,3;28,4;26,3;24,4;22,2;86;71;75;38;2,5;1;
2026/01/03;1400 UTC;0;989,3;989,4;989,1;1998,2;28,8;22,8;29;28;23,7;21,9;75;68;70;335;4;1,2;
2026/01/03;1500 UTC;0;989,1;989,3;989,1;1824;29,3;23,4;29,4;28,7;23,9;22,1;73;66;71;290;3,5;1,3;
2026/01/03;1600 UTC;0;988,3;989,1;988,3;1511,8;28,8;23,5;29,8;28,6;24,7;22,3;78;65;73;194;4,4;1,7;
2026/01/03;1700 UTC;0;987,1;988,3;987,1;2225,5;31,4;22,5;31,5;28,8;24,7;22,1;74;59;59;260;4,8;1,5;
2026/01/03;1800 UTC;0;986,9;987,1;986,9;1851,1;29,5;24;31,3;29,2;24;21,2;72;57;72;308;5,4;2,1;
2026/01/03;1900 UTC;0;987,2;987,3;986,9;787;25,9;22,4;29,6;25,9;24;22,4;83;71;82;351;8,4;3,4;
2026/01/03;2000 UTC;0;986,9;987,3;986,8;311,2;24,7;22,4;26;24,7;23;22,2;88;82;87;351;6,1;2,5;
2026/01/03;2100 UTC;0;987;987;986,8;187,5;24,4;23,2;25,1;24,4;23,3;22,3;93;85;93;358;5,2;2;
2026/01/03;2200 UTC;0;988;988;987;12,7;23,7;22,8;24,4;23,7;23,3;22,7;95;92;95;42;4,5;1,9;
2026/01/03;2300 UTC;0;988,8;988,8;988;;23,4;23;23,9;23,4;23,3;22,7;98;93;97;128;3,9;1,6;
2026/01/04;0000 UTC;0;989,3;989,3;988,8;;23,2;22,6;23,5;23,1;23,1;22,5;98;96;96;79;3,7;,9;
2026/01/04;0100 UTC;0;989,5;989,6;989,3;;23,2;22,7;23,3;23,1;22,8;22,5;97;96;97;305;2,2;,2;
2026/01/04;0200 UTC;0;989,1;989,6;989,1;;23,2;22,7;23,4;23,1;22,9;22,6;98;97;97;314;1,5;,8;
2026/01/04;0300 UTC;0;988,7;989,1;988,6;;23,2;22,7;23,3;23,1;22,9;22,7;98;97;98;320;1,8;,6;
2026/01/04;0400 UTC;0;988,2;988,7;988,2;;23,4;23;23,4;23,2;23,1;22,7;98;97;98;336;1,9;,9;
2026/01/04;0500 UTC;0;987,4;988,2;987,4;;23,5;23,1;23,6;23,3;23,2;22,8;98;97;97;295;1,6;,8;
2026/01/04;0600 UTC;0;987,1;987,4;987,1;;23,6;23,1;23,7;23,4;23,1;22,7;97;95;97;10;1,5;,1;
2026/01/04;0700 UTC;0;987,1;987,1;987;;23,7;23,1;23,7;23,5;23,1;22,8;97;95;97;211;,9;,1;
2026/01/04;0800 UTC;0;987,2;987,2;987,1;;23,7;23,4;23,8;23,6;23,5;23,1;98;97;98;96;1,5;,2;
2026/01/04;0900 UTC;0;987,6;987,6;987,2;;23,5;23,4;23,7;23,4;23,5;23;99;97;99;66;1,9;,8;
2026/01/04;1000 UTC;0;988;988;987,6;87,8;23,6;23,4;23,7;23,4;23,4;23,2;99;98;98;79;1,6;,7;
2026/01/04;1100 UTC;0;988,7;988,7;988;592,4;24,6;23,7;24,6;23,7;24,1;23,3;99;94;95;47;2,4;1,2;
2026/01/04;1200 UTC;0;989,2;989,3;988,7;1628,3;26,4;23,9;27,4;24,5;25;23,4;96;81;86;359;2,6;1,3;
2026/01/04;1300 UTC;0;989,7;989,7;989,2;1890,2;28,5;24,4;28,5;26,2;24,7;23,1;87;76;78;333;2,6;1,2;
2026/01/04;1400 UTC;0;989,2;989,7;989,2;2689,6;29,4;23,9;29,5;27,9;24,7;23,3;80;72;72;343;4,2;1,6;
2026/01/04;1500 UTC;0;988,6;989,2;988,6;2622,9;29,8;23,5;30,2;29;24,5;23,2;75;69;69;3;4,6;1,5;
2026/01/04;1600 UTC;0;987,4;988,6;987,4;3382,8;31;23,4;31,3;29,8;24,6;22,9;71;62;64;3;6,5;3,3;
2026/01/04;1700 UTC;0;986,3;987,4;986,3;2553;32,1;23,5;32,1;30,8;24,4;22,7;66;60;61;20;6,5;3,1;
2026/01/04;1800 UTC;0;986;986,3;985,9;1189,1;28,8;23,2;32;28,8;24,1;22,9;72;61;72;342;9;3,7;
2026/01/04;1900 UTC;0;986,4;986,4;985,5;346,3;26,3;22,6;28,8;26,2;23,9;22,6;83;72;80;307;7,2;2,7;
2026/01/04;2000 UTC;0;986,4;987;986,3;28,9;23;22,5;26,3;23;23;21,9;98;80;97;12;12,9;2,1;
2026/01/04;2100 UTC;0;986,2;986,4;986;55,1;23,6;23,1;23,6;23;23,2;22,6;98;96;97;302;4;,5;
2026/01/04;2200 UTC;0;986,9;986,9;986,2;4,5;23,9;23,3;24;23,4;23,4;22,3;97;93;96;163;1,4;,7;
2026/01/04;2300 UTC;;;;;;;;;;;;;;;;;;
2026/01/05;0000 UTC;0;988,2;988,2;987,7;;23,9;23,3;24,1;23,7;23,6;23;97;96;96;199;1,6;,9;
2026/01/05;0100 UTC;;;;;;;;;;;;;;;;;;
2026/01/05;0200 UTC;0;989,2;989,2;988,9;;24;23,7;24,3;23,9;23,8;23,5;98;97;98;163;1,6;,8;
2026/01/05;0300 UTC;0;989,1;989,2;989,1;;23,9;23,6;24,1;23,8;23,9;23,5;99;98;98;160;2,1;,7;
2026/01/05;0400 UTC;0;988,3;989,1;988,3;;23,8;23,5;24;23,7;23,8;23,4;99;98;98;104;1,9;,4;
2026/01/05;0500 UTC;0;987,7;988,3;987,7;;23,8;23,6;23,8;23,7;23,6;23,4;99;98;99;125;1,6;,9;
2026/01/05;0600 UTC;0;987,3;987,7;987,3;;23,5;23,4;23,8;23,5;23,7;23,4;99;99;99;197;2,1;,7;
2026/01/05;0700 UTC;0;987;987,3;987;;23,4;23,2;23,6;23,4;23,5;23,2;99;99;99;132;2,1;1,2;
2026/01/05;0800 UTC;0;987,1;987,1;986,9;;23,4;23,2;23,5;23,3;23,3;23,1;99;99;99;123;2,1;,4;
2026/01/05;0900 UTC;0;987,4;987,4;987,1;;23,3;23,1;23,5;23,3;23,3;23;99;98;99;208;1,9;,8;
2026/01/05;1000 UTC;0;988,1;988,1;987,4;94,6;23,7;23,5;23,8;23,3;23,6;23,1;99;99;99;154;1,9;1;
2026/01/05;1100 UTC;0;988,9;988,9;988,1;338,3;24,1;23,4;24,2;23,6;23,7;23,4;99;96;96;149;2,8;1,5;
2026/01/05;1200 UTC;0;989,4;989,5;989;651,9;24,8;23,4;24,8;24,1;23,8;23,3;96;92;92;168;3,1;2;
2026/01/05;1300 UTC;0;989,6;989,7;989,4;1314,1;26,2;23,8;26,3;24,8;24,3;23,4;93;86;87;168;3,5;1,4;
2026/01/05;1400 UTC;0;989,6;989,7;989,5;1776,3;27,7;24,1;27,7;26,2;25;23,6;90;80;81;144;3,4;1,2;
2026/01/05;1500 UTC;0;988,9;989,6;988,9;2627,8;29,5;24,5;29,7;27,4;25,2;23,6;83;73;75;80;3,7;1,1;
2026/01/05;1600 UTC;0;987,9;988,9;987,9;2704,9;30,2;24,6;30,3;28,6;25;23,3;77;70;72;312;3,8;1,4;
2026/01/05;1700 UTC;0;986,8;987,9;986,7;3351,1;29,5;22,8;31,6;29,5;25,2;22,7;73;61;68;290;7,1;3,6;
2026/01/05;1800 UTC;0;985,9;987;985,8;964,5;27,3;24;29,5;24,9;24,5;22,1;91;67;82;277;9,2;1,6;
2026/01/05;1900 UTC;0;985,3;986,1;985,3;900,8;28,2;23,1;28,5;27,3;24,4;23;82;73;74;290;4,8;1,5;
2026/01/05;2000 UTC;0;985,7;985,8;985,3;709,7;27,3;21,4;28,2;27,3;24,2;21,4;80;70;70;61;5,7;2,8;
2026/01/05;2100 UTC;0;986,4;986,4;985,7;600,1;26,7;22,5;27,4;26,7;22,6;21,3;78;70;78;101;5,7;1,7;
2026/01/05;2200 UTC;0;987;987;986,4;44,6;24,6;22,4;26,7;24,6;22,7;21,6;87;76;87;122;4,7;2,6;
2026/01/05;2300 UTC;0;989,3;989,3;987;;22,7;22,5;24,6;22,7;22,6;21,6;99;85;99;266;6,2;2,3;
2026/01/06;0000 UTC;;990,2;990,2;989,1;;22,1;21,8;22,7;22;22,4;21,6;99;98;98;;;,9;
2026/01/06;0100 UTC;0;990,6;990,7;990,2;;22,2;22;22,3;22;22,1;21,5;99;97;99;235;2,4;1,1;
2026/01/06;0200 UTC;0;990,2;990,6;990,2;;22,4;22,1;22,5;22;22,3;21,8;99;98;99;224;2,5;1,4;
2026/01/06;0300 UTC;;;;;;22,8;22,4;22,8;22,4;22,5;;99;97;98;;;;
2026/01/06;0400 UTC;0;988,3;988,9;988,3;;22,6;22,4;22,9;22,6;22,6;22,3;99;97;99;66;2,1;1;
2026/01/06;0500 UTC;0;988,1;988,3;987,8;;22,5;22,4;22,6;22,5;22,6;22,3;100;99;99;67;2,8;1,3;
2026/01/06;0600 UTC;0;988;988,1;988;;22;21,9;22,5;22;22,4;21,9;100;99;99;158;3,8;1,9;
2026/01/06;0700 UTC;0;987,8;988;987,7;;21,8;21,7;22;21,8;21,9;21,7;99;99;99;179;3,9;1,6;
2026/01/06;0800 UTC;0;987,8;987,8;987,7;;22;21,8;22;21,8;21,9;21,7;99;99;99;143;2,8;1,4;
2026/01/06;0900 UTC;0;988,7;988,7;987,8;;22,3;22,2;22,3;21,9;22,2;21,8;100;99;100;130;2,4;1,2;
2026/01/06;1000 UTC;0;989,2;989,2;988,7;75,6;22,4;22,2;22,5;22,2;22,4;22,2;100;99;99;141;2,1;1;
2026/01/06;1100 UTC;0;989,8;989,8;989,2;465,9;22,9;21,9;23;22,4;22,6;21,8;99;94;94;157;3;1,8;
2026/01/06;1200 UTC;0;989,9;990;989,8;980,6;23,8;21,7;23,9;22,9;22,6;21,7;95;88;88;155;4,7;2,6;
2026/01/06;1300 UTC;0;990,3;990,3;989,9;1025;24,8;22,1;24,8;23,8;22,6;21,6;90;85;85;161;4,7;,7;
2026/01/06;1400 UTC;0;989,9;990,3;989,9;1168,8;25,4;22;25,5;24,5;22,9;21,6;89;82;82;201;2,9;,9;
2026/01/06;1500 UTC;0;989,3;989,9;989,3;2129;26,5;21,9;27,1;25,3;23,4;21,8;85;75;76;205;4,3;1,5;
2026/01/06;1600 UTC;0;988,4;989,3;988,4;3596,3;28,5;22,1;29,5;26,4;24,3;21,8;79;66;68;161;4,6;2,2;
2026/01/06;1700 UTC;0;987,6;988,4;987,6;3236,9;28,6;21,4;29,6;28,1;23,8;21,4;74;65;65;171;5,7;2,7;
2026/01/06;1800 UTC;0;986,8;987,6;986,8;3125,8;30,1;22,2;31,3;28,5;23,3;20,8;68;59;63;148;5,3;1,5;
2026/01/06;1900 UTC;,4;986,1;986,8;986,1;1606,1;30,2;21,5;30,2;29,3;22,2;20,6;64;57;60;138;5;1,6;
2026/01/06;2000 UTC;,6;985,6;986,1;985,6;1503;30,4;22,6;30,5;29,9;22,9;21,1;66;59;63;99;4;1,4;
2026/01/06;2100 UTC;,8;985,9;985,9;985,6;786,3;29,3;21,6;30,8;29,3;23;21,6;67;62;63;56;3,9;1,7;
2026/01/06;2200 UTC;1;986,7;986,7;985,9;44,6;27,7;22,5;29,3;27,7;23;21,7;75;63;73;33;3,9;1,4;
2026/01/06;2300 UTC;;;;;;26,9;;27,7;26,9;;;79;73;79;;;;
2026/01/07;0000 UTC;2,4;988,7;988,7;987,8;;26,7;22,6;26,9;26,4;23,2;22,1;83;75;78;57;2,1;,8;
2026/01/07;0100 UTC;2,2;989,3;989,4;988,7;;26,3;22,6;26,7;25,8;23,8;22,2;87;78;80;147;1,6;,6;
2026/01/07;0200 UTC;;;;;;;;;;;;;;;;;;
2026/01/07;0300 UTC;2,6;989,3;989,7;989,3;;25,2;23,7;25,8;25,2;24,3;23,6;92;89;92;221;1,6;,9;
2026/01/07;0400 UTC;2,4;988,4;989,4;988,4;;24,8;23,5;25,2;24,7;24;23,2;93;91;93;172;1,5;,9;
2026/01/07;0500 UTC;2;987,9;988,4;987,9;;24,3;23,3;24,8;24,3;23,7;23,2;95;93;94;4;2,1;,2;
2026/01/07;0600 UTC;1,8;987,2;987,9;987,2;;24;23,4;24,3;24;23,6;23,3;97;94;96;236;1,2;,5;
2026/01/07;0700 UTC;,4;987;987,2;986,9;;23,9;23,6;24,2;23,9;23,9;23,4;99;96;98;23;1,2;,4;
2026/01/07;0800 UTC;0;987,6;987,6;987;;24,2;23,9;24,2;23,8;23,9;23,3;98;97;98;346;,9;,5;
2026/01/07;0900 UTC;0;988,3;988,3;987,6;;23,8;23,2;24,3;23,8;24;23,2;98;96;96;22;1,9;1,1;
2026/01/07;1000 UTC;0;989,1;989,1;988,3;86;24,3;23,6;24,3;23,8;23,6;23;97;95;96;166;1,9;,8;
2026/01/07;1100 UTC;0;990;990;989,1;504,2;25,9;23,3;25,9;24,3;24;22,7;96;86;86;202;1,4;,7;
2026/01/07;1200 UTC;0;990,4;990,4;990;1041,1;27,2;23,5;27,3;25,7;23,8;22,7;86;77;80;156;1,8;,9;
2026/01/07;1300 UTC;0;990,4;990,5;990,4;2163,4;29,3;22,3;29,4;27,2;24;21,9;81;65;66;91;4,5;2,2;
2026/01/07;1400 UTC;0;989,8;990,5;989,8;2224,1;29,6;23,4;30,3;29,2;23,8;22,1;70;64;69;39;5,4;2,1;
2026/01/07;1500 UTC;0;989,3;989,8;989,3;2296,8;31,1;23,3;31,1;29,3;24,1;22,8;72;63;63;124;4,3;,7;
2026/01/07;1600 UTC;0;988,6;989,3;988,6;3344,8;31,8;22,7;32,7;30,8;23,3;21,7;64;53;59;86;5,9;2,3;
2026/01/07;1700 UTC;0;987,1;988,6;987;2528;32,9;23;33,3;30,9;23,6;22,1;62;54;56;115;5,9;2,2;
2026/01/07;1800 UTC;0;986;987,1;986;2739,3;32,5;22;33,4;32,5;23,2;21,6;56;51;54;133;6,2;2,8;
2026/01/07;1900 UTC;0;985,4;986,1;985,3;1064,5;28,7;22,5;32,5;27,8;23,3;20,5;76;54;69;114;8,6;1,6;
2026/01/07;2000 UTC;0;985,7;985,7;985,3;665,7;29;23,6;29,1;28,5;23,9;22,4;76;68;73;168;3,6;,5;
2026/01/07;2100 UTC;0;986,3;986,3;985,6;379;28,3;23,2;29,2;28,3;24,7;23,2;78;71;74;1;5,1;2,9;
2026/01/07;2200 UTC;0;987;987;986,3;62,1;26,8;23,5;28,3;26,8;23,5;22,6;82;74;82;306;5,1;1,3;
2026/01/07;2300 UTC;;;;;;;;;;;;;;;;;;
2026/01/08;0000 UTC;;989,2;989,2;987,6;;25,8;23,8;26,6;25,8;24,5;23,8;91;87;89;;;2,4;
2026/01/08;0100 UTC;,2;989,8;989,8;989,2;;23,7;23,2;25,8;23,6;23,7;22,6;97;87;97;320;6,2;,6;
2026/01/08;0200 UTC;0;989,4;989,8;989,4;;23,9;23,1;23,9;23,6;23,2;22,7;97;95;95;289;1,8;,5;
2026/01/08;0300 UTC;0;988,6;989,4;988,6;;23,8;23,2;23,9;23,7;23,5;22,8;97;95;97;317;1,1;,6;
2026/01/08;0400 UTC;0;988,2;988,6;988,2;;23,8;22,6;23,9;23,6;23,4;22,6;97;93;93;288;3,2;1,7;
2026/01/08;0500 UTC;0;987,4;988,2;987,4;;23,9;23,2;24;23,8;23,2;22,5;96;92;95;274;3,4;1,6;
2026/01/08;0600 UTC;0;987;987,4;987;;23,8;23,3;24;23,8;23,5;23,2;98;95;97;113;3,2;1,2;
2026/01/08;0700 UTC;0;987,4;987,4;987;;24;23,7;24;23,8;23,7;23,2;98;97;98;110;3,4;1,7;
2026/01/08;0800 UTC;0;987,8;987,8;987,4;0;23,9;23,5;24;23,8;23,7;23,4;98;97;98;165;4,7;1,5;
2026/01/08;0900 UTC;0;988,6;988,6;987,8;;23,6;23,3;23,9;23,5;23,6;23,2;99;98;98;176;3,6;1,7;
2026/01/08;1000 UTC;0;989,2;989,3;988,6;46,7;23,8;23,1;23,9;23,5;23,3;23;98;95;96;179;3,6;1;
2026/01/08;1100 UTC;0;989,5;989,5;989,1;401;24,7;23,1;24,7;23,9;23,3;22,8;96;90;91;233;4,1;1,6;
2026/01/08;1200 UTC;0;990,2;990,3;989,5;944,1;25,5;23,1;25,9;24,6;23,7;22,7;93;84;87;150;3,5;1,3;
2026/01/08;1300 UTC;0;990,6;990,6;990,2;939,4;25,7;23;25,9;25,4;23,7;22,9;89;85;85;163;3,3;1,9;
2026/01/08;1400 UTC;0;990,5;990,7;990,5;1437,3;26,4;23,9;27,3;25,7;24,1;22,8;87;77;86;336;3,3;1,1;
2026/01/08;1500 UTC;0;990,1;990,5;990,1;864,3;26,6;23,2;27,4;26,3;24;23;86;78;82;176;2,2;1,1;
2026/01/08;1600 UTC;0;989,3;990,1;989,3;1498,1;28,2;23,5;28,5;26,6;24,3;23;83;75;76;351;2,1;,7;
2026/01/08;1700 UTC;0;988,3;989,3;988,3;1525,4;28,6;23,9;28,8;27,8;24,7;23,1;80;74;76;140;2,8;,9;
2026/01/08;1800 UTC;0;987,6;988,3;987,5;1598,9;28,1;24,2;29,1;27,9;24,7;23,5;81;73;79;343;5,8;2,8;
2026/01/08;1900 UTC;0;987,4;987,7;987,3;1150,2;28,4;23,2;28,8;28;25,1;23;82;73;74;335;5,8;1,7;
2026/01/08;2000 UTC;0;987,2;987,6;987,2;545,2;27,8;23,7;28,5;27,8;24,4;22,8;82;71;78;338;4,4;2,7;
2026/01/08;2100 UTC;0;987,8;988,6;987,2;312,3;22,7;22,2;27,9;22,7;24;21,8;97;75;97;345;6,5;2,9;
2026/01/08;2200 UTC;0;987,3;987,8;987,3;16,1;23,3;21,7;23,3;22,4;22,2;21,2;97;89;91;307;5,7;1;
2026/01/08;2300 UTC;0;988,4;988,4;987,3;1,2;23,4;22,6;23,9;23,2;22,7;21,1;95;86;95;148;3,4;1,6;
2026/01/09;0000 UTC;0;988,3;988,4;988,2;;23,2;22,6;23,5;23;23,1;22,3;97;95;96;288;2,7;,3;
2026/01/09;0100 UTC;0;988,6;988,6;988,2;;23,2;22,9;23,6;23,2;23,1;22,6;98;96;98;209;1,9;,5;
2026/01/09;0200 UTC;0;988,6;988,7;988,5;;22,8;22,5;23,4;22,8;23,2;22,5;99;98;98;16;1,7;1;
2026/01/09;0300 UTC;,2;988,2;988,6;988,2;;22,9;22,8;23;22,8;22,9;22,4;99;98;99;330;1,7;,3;
2026/01/09;0400 UTC;,6;987,6;988,2;987,6;;22,7;22,6;23;22,7;22,9;22,5;99;99;99;235;1,2;,4;
2026/01/09;0500 UTC;,6;987;987,7;987;;22,6;22,5;22,8;22,6;22,8;22,4;100;99;99;35;1,3;,9;
2026/01/09;0600 UTC;,8;987;987,1;987;;22,3;22,3;22,6;22,3;22,4;22,3;100;99;100;146;1,6;,7;
2026/01/09;0700 UTC;1;986,9;987;986,8;;22,2;22,2;22,4;22,2;22,4;22,1;100;100;100;163;1,6;,7;
2026/01/09;0800 UTC;1,2;986,9;987;986,9;;22;22;22,2;22;22,2;22;100;100;100;357;1,2;,2;
2026/01/09;0900 UTC;1,2;987,7;987,7;986,9;;22;22;22,1;21,9;22,1;21,9;100;100;100;28;1,2;,4;
2026/01/09;1000 UTC;1;988,4;988,4;987,7;66;22,2;22,1;22,2;21,9;22,1;21,9;100;100;100;129;1,7;,9;
2026/01/09;1100 UTC;1,2;989,4;989,4;988,4;203,2;22,5;22,5;22,5;22;22,5;22;100;100;100;186;2,1;1,1;
2026/01/09;1200 UTC;1;990,1;990,1;989,4;484,2;23,5;23,1;23,7;22,4;23,4;22,4;100;97;97;196;2,4;1,1;
2026/01/09;1300 UTC;1;990,5;990,5;990,1;973,8;25,4;23,6;25,4;23,5;24,1;23;98;90;90;191;2,6;,9;
2026/01/09;1400 UTC;1;990;990,5;990;2487,8;27,3;23,8;27,5;25,3;24,4;23,2;92;80;81;146;3,9;1,6;
2026/01/09;1500 UTC;1;989,3;990;989,3;3449,4;29,4;23,7;29,4;27,3;24,8;22,6;84;69;71;138;4,2;,7;
2026/01/09;1600 UTC;,8;988,5;989,3;988,5;2716,2;29,4;23,5;30,3;29;24,3;23,1;74;67;70;108;3,2;1,1;
2026/01/09;1700 UTC;,2;987,4;988,5;987,4;2029,2;30,2;23,4;30,4;29,3;24,3;22,6;72;66;67;25;3,7;1,6;
2026/01/09;1800 UTC;0;986,4;987,4;986,4;2205,1;30;23,2;31;29,8;24,8;22,7;71;63;67;18;3,9;1,6;
2026/01/09;1900 UTC;0;986,2;986,4;986,1;1877,2;30,5;24,1;30,7;29,8;25,1;23,2;74;66;69;6;6;2,7;
2026/01/09;2000 UTC;0;985,9;986,4;985,9;1178,5;29,8;23,6;30,8;29,8;24,8;23,3;72;65;69;357;5,7;2,7;
2026/01/09;2100 UTC;0;986,3;986,3;985,9;226,6;28;24,3;29,8;28;24,5;22,8;80;67;80;128;4,7;1,4;
2026/01/09;2200 UTC;0;986,5;986,7;986,3;21,1;26,8;24,3;28;26,8;24,6;24,1;86;80;86;216;2,9;1;
2026/01/09;2300 UTC;0;987,1;987,1;986,5;;26,6;24,6;27;26,6;24,6;23,9;89;84;89;144;2;1,2;
2026/01/10;0000 UTC;0;987,9;987,9;987,1;;26,1;24,8;26,6;26,1;24,8;24,5;92;89;92;147;2,3;1,3;
2026/01/10;0100 UTC;;;;;;26;24,8;26,1;25,8;24,9;24,7;94;92;93;;;;
2026/01/10;0200 UTC;0;988,2;988,4;988,2;;25,3;24,6;26;25,3;24,8;24,5;96;93;96;245;1,7;,6;
2026/01/10;0300 UTC;0;987,9;988,4;987,9;;25,1;24,7;25,4;25,1;24,7;24,5;98;95;98;72;1,9;,3;
2026/01/10;0400 UTC;0;987,3;987,9;987,3;;24,8;24,6;25,1;24,8;24,8;24,6;99;97;99;294;,8;,2;
2026/01/10;0500 UTC;0;987,1;987,3;987;;24,6;24,4;24,9;24,6;24,8;24,3;99;98;98;187;1,3;,7;
2026/01/10;0600 UTC;0;986,9;987,1;986,9;;24,4;24;24,6;24,3;24,3;24;99;98;98;199;1,3;,6;
2026/01/10;0700 UTC;0;986,7;986,9;986,6;;24;23,8;24,4;24;24;23,8;99;98;99;204;1,2;,7;
2026/01/10;0800 UTC;0;986,7;986,7;986,6;;23,8;23,6;24,1;23,8;23,8;23,6;99;99;99;229;1,1;,3;
2026/01/10;0900 UTC;0;987,3;987,3;986,7;;23,7;23,6;23,9;23,7;23,7;23,6;100;99;99;178;,8;,5;
2026/01/10;1000 UTC;0;987,9;987,9;987,3;99,2;23,7;23,7;23,8;23,6;23,7;23,5;100;99;100;33;2,1;1,1;
2026/01/10;1100 UTC;0;988,7;988,7;987,9;352,7;23,7;23,7;24;23,5;24;23,5;100;100;100;8;2,3;,3;
2026/01/10;1200 UTC;0;988,9;988,9;988,7;1138,7;26,4;24,7;26,4;23,7;25,2;23,7;100;90;90;164;1,6;,5;
2026/01/10;1300 UTC;0;988,7;989;988,7;2387,4;28,7;24,5;29;26,4;25,1;24,1;92;76;78;96;2,1;,8;
2026/01/10;1400 UTC;0;988;988,7;988;2077,4;29,8;24;29,9;28,7;25,8;23,4;80;71;71;359;3;1,1;
2026/01/10;1500 UTC;0;987,5;988;987,5;3239;31,5;24,5;31,5;29,6;25,3;23,4;73;64;66;62;3,8;1;
2026/01/10;1600 UTC;0;986,7;987,5;986,7;2967,4;31,3;23,8;32,1;30,9;24,2;22;67;56;65;84;5,1;1,5;
2026/01/10;1700 UTC;0;985,5;986,7;985,5;3267,7;32,7;23,1;32,9;31,1;23,8;21,4;64;52;57;31;5,6;2,5;
2026/01/10;1800 UTC;0;984,7;985,5;984,7;1562;30;23,6;32,8;30;23,8;22;69;56;69;173;5,7;2;
2026/01/10;1900 UTC;0;984,1;984,7;983,9;485,6;30,3;24,2;30,3;28,2;24,6;23,5;77;68;70;201;4;,5;
2026/01/10;2000 UTC;0;984,8;984,8;984;1473,7;28,7;19,5;32,8;28,7;25,1;19,5;74;55;58;140;8,8;3,9;
2026/01/10;2100 UTC;0;985,7;985,8;984,8;82,9;23,9;22,4;28,7;23,2;22,6;19,6;94;58;91;229;13,3;2,2;
2026/01/10;2200 UTC;0;984,9;985,9;984,9;5;24;22,7;24;23,5;22,7;22;94;90;92;288;4,6;1,1;
2026/01/10;2300 UTC;0;985,1;985,1;984,7;;23,8;22,8;24,3;23,8;23,1;22,2;94;90;94;38;2,7;1,3;
2026/01/11;0000 UTC;0;986,6;986,6;985,1;;23,4;22,5;23,9;23,2;23,1;22,5;97;94;95;339;2,5;1,2;
2026/01/11;0100 UTC;0;987;987;986,6;;23,5;23,2;23,7;23,3;23,4;22,4;98;94;98;191;2,5;1,2;
2026/01/11;0200 UTC;0;987;987,1;986,8;;23,8;23,1;23,8;23,4;23,3;22,8;98;95;96;309;2,4;,6;
2026/01/11;0300 UTC;0;986,7;987;986,6;;23,4;23;23,9;23,3;23,4;22,8;98;96;97;355;2,4;,7;
2026/01/11;0400 UTC;0;986,3;986,7;986,3;;23;22,6;23,4;23;23;22,6;98;96;97;288;1,6;,6;
2026/01/11;0500 UTC;0;986,1;986,3;985,9;;23,3;22,9;23,3;23;22,9;22,4;98;96;98;170;1,8;,8;
2026/01/11;0600 UTC;0;985,9;986,1;985,6;;23,3;23,2;23,4;23,2;23,2;22,9;99;98;99;26;1,6;,8;
2026/01/11;0700 UTC;0;986,1;986,1;985,9;;22,9;22,7;23,3;22,7;23,1;22,6;100;99;99;356;1,5;,9;
2026/01/11;0800 UTC;0;986,1;986,2;985,9;;22,8;22,5;23;22,6;22,9;22,4;99;98;99;225;1,5;,6;
2026/01/11;0900 UTC;0;986,6;986,6;985,9;;23;22,9;23;22,8;22,9;22,6;99;99;99;159;1,1;,3;
2026/01/11;1000 UTC;0;987,5;987,5;986,6;83,3;22,9;22,6;23;22,5;22,9;22,4;100;99;99;343;1,2;,4;
2026/01/11;1100 UTC;0;988,3;988,3;987,5;563,4;24,4;23,2;24,5;22,9;23,5;22,7;99;93;93;71;1,7;,5;
2026/01/11;1200 UTC;0;988,9;988,9;988,3;1298,9;26,1;23,6;26,5;24,3;24;22,9;94;83;86;144;2,4;1,1;
2026/01/11;1300 UTC;0;989;989,1;988,9;1856,6;28,2;24,3;28,2;26,1;24,4;23,4;88;76;79;140;3;1;
2026/01/11;1400 UTC;0;988,6;989,1;988,6;2440,2;29,6;24,1;29,6;27,9;25,1;23,1;80;72;72;82;3,2;1;
2026/01/11;1500 UTC;0;987,6;988,6;987,6;2652,4;29,9;24,4;30,4;29,4;25,2;23,2;76;68;72;138;4,3;1,7;
2026/01/11;1600 UTC;0;986,2;987,6;986,2;3111,2;30,2;24,9;31;29,3;25,7;23,6;76;69;73;194;4,5;1,5;
2026/01/11;1700 UTC;0;985,1;986,2;985;3537;31,7;24,6;31,8;30,1;25,7;23,8;73;65;66;157;4,8;2;
2026/01/11;1800 UTC;0;984,2;985,2;984,2;2924,8;32,3;23,7;32,8;31,1;25;22,9;67;59;60;176;5;1,7;
2026/01/11;1900 UTC;0;987,9;987,9;984,2;523;21,8;21,8;32,7;21,5;24,2;21;100;59;100;68;14;3,2;
2026/01/11;2000 UTC;0;987,2;987,9;986,7;32,3;22,2;22;22,4;21,8;22,2;21,8;100;99;99;113;6,8;2,1;
2026/01/11;2100 UTC;0;987,1;987,4;986,9;34,7;22,2;21,4;22,4;22,2;22;21,3;99;94;95;154;4,8;1,7;
2026/01/11;2200 UTC;0;986,8;987,2;986,8;9,2;22,2;21,8;22,3;22;21,8;21,2;98;94;98;267;3,7;,7;
2026/01/11;2300 UTC;0;986,7;986,8;986,2;;22,4;21,9;22,5;22;22;21,5;98;96;97;3;3,7;2,2;
2026/01/12;0000 UTC;0;987,6;987,6;986,7;;22,1;21,8;22,4;22;22,1;21,5;99;97;99;330;4,2;2;
2026/01/12;0100 UTC;0;989,8;989,8;987,6;;22,2;21,9;22,3;21,9;22;21,6;99;97;99;96;3,7;1,6;
2026/01/12;0200 UTC;0;989,4;990;989,4;;22,1;21,9;22,3;22,1;22,1;21,8;99;98;99;321;3;1,2;
2026/01/12;0300 UTC;0;988,8;989,5;988,7;;22,2;21,8;22,2;22,1;22;21,8;99;98;98;293;3,6;1,1;
2026/01/12;0400 UTC;0;988,1;988,8;988,1;;22,3;21,7;22,4;22,1;22;21,6;98;96;96;328;3,2;1,7;
2026/01/12;0500 UTC;0;987,4;988,1;987,4;;22,4;21,8;22,5;22,3;21,9;21,5;97;95;96;255;3,2;1;
2026/01/12;0600 UTC;0;987,5;987,5;987,4;;22,6;21,9;22,7;22,4;22;21,5;96;94;96;209;1,8;,6;
2026/01/12;0700 UTC;0;987;987,5;986,9;;22,4;22;22,6;22,2;22,1;21,7;98;96;98;140;2,3;,9;
2026/01/12;0800 UTC;0;986,8;987,1;986,8;;22,2;21,8;22,4;22;22;21,7;99;98;98;56;2;,3;
2026/01/12;0900 UTC;0;987,7;987,7;986,8;;22;21,8;22,4;21,9;22,1;21,7;99;97;99;166;2,4;,7;
2026/01/12;1000 UTC;0;988,4;988,4;987,7;86,2;22,4;22,3;22,5;22;22,4;21,8;100;99;99;351;1,7;1,1;
2026/01/12;1100 UTC;0;989,2;989,2;988,4;566,3;23,2;22,6;23,3;22,3;22,8;22,2;99;96;96;25;2,2;1,4;
2026/01/12;1200 UTC;0;989,9;989,9;989,2;1261,6;25;21,5;25,2;23,2;23;21,5;97;81;81;349;2,9;1;
2026/01/12;1300 UTC;0;990,1;990,2;989,9;1674,6;26,8;21,8;27,2;25;22,7;21,2;82;72;74;256;2,8;,8;
2026/01/12;1400 UTC;0;989,9;990,1;989,8;1531,3;26,9;22,9;27,2;26,5;23,5;21,2;82;71;79;139;3;1,5;
2026/01/12;1500 UTC;0;989,7;989,9;989,7;2374,3;28;22,2;28,1;26,9;23,2;21,4;80;69;71;46;4,2;1,8;
2026/01/12;1600 UTC;0;989,3;989,7;989,3;1763,5;28,6;22,4;28,8;28;23,3;21,5;74;66;69;51;4,2;1,6;
2026/01/12;1700 UTC;0;988,5;989,3;988,5;2194,8;29,1;22,7;29,5;28,6;23,1;21,7;70;64;68;28;4,4;2,5;
2026/01/12;1800 UTC;0;987,6;988,5;987,6;2614,7;30,6;23,2;30,6;28,8;23,9;21,6;70;61;65;7;4,5;1,8;
2026/01/12;1900 UTC;0;986,6;987,6;986,6;1902,5;29,4;22,3;30,6;29,2;23,3;22,1;69;62;65;16;4,4;2,1;
2026/01/12;2000 UTC;0;985,9;986,6;985,9;1472,2;30,1;23;30,8;29,2;23,7;22,2;68;63;66;37;4,4;1,1;
2026/01/12;2100 UTC;0;986;986;985,8;513,1;29;23,5;30,2;29;23,7;22,6;73;65;72;41;3,8;1,2;
2026/01/12;2200 UTC;0;986,2;986,2;986;47,3;27,6;24,1;29;27,6;24,3;23;81;70;81;152;2,7;,8;
2026/01/12;2300 UTC;0;986,9;986,9;986,2;;26,9;24,4;27,6;26,7;24,5;23,9;87;81;86;200;1,6;,9;
2026/01/13;0000 UTC;0;987,7;987,7;986,9;;26,2;24,3;26,9;26,2;25,4;24,3;93;86;89;183;1,9;1,2;
2026/01/13;0100 UTC;0;988,1;988,2;987,7;;25,8;24,1;26,2;25,8;24,6;24,1;92;89;90;204;2;1,4;
2026/01/13;0200 UTC;0;988,7;988,7;988,1;;25,5;24,3;25,8;25,5;24,5;24,1;94;90;93;204;2;1;
2026/01/13;0300 UTC;0;988,4;988,8;988,4;;25,5;24,3;25,6;25,5;24,4;24;94;91;93;210;1,9;,9;
2026/01/13;0400 UTC;0;988,2;988,6;988,2;;25,1;23,9;25,5;25;24,4;23,9;95;92;93;234;1,9;,7;
2026/01/13;0500 UTC;0;987,4;988,2;987,4;;24,8;23,7;25,2;24,8;24,4;23,7;95;93;94;294;4,7;,6;
2026/01/13;0600 UTC;0;986,8;987,4;986,5;;24,8;23,5;25;24,7;23,9;23,4;95;92;93;171;3,3;1,5;
2026/01/13;0700 UTC;0;987,1;987,2;986,8;;24,1;23,6;24,8;24,1;23,8;23,5;97;93;97;21;3,6;,5;
2026/01/13;0800 UTC;0;987,2;987,2;986,9;;23,9;23,7;24,2;23,8;23,8;23,6;99;97;99;325;1,1;,2;
2026/01/13;0900 UTC;0;987,8;987,8;987,2;;23,8;23;24;23,8;23,7;23;99;95;95;188;3,3;1,7;
2026/01/13;1000 UTC;,8;988,5;988,5;987,8;78,3;23,7;22,5;23,9;23,6;23;22,4;95;93;93;181;3,6;2;
2026/01/13;1100 UTC;1;988,9;988,9;988,5;646,6;24,8;22,5;24,8;23,7;22,8;22,2;94;87;87;185;5,4;2,3;
2026/01/13;1200 UTC;1,2;989,3;989,3;988,9;1509;26,6;23;26,6;24,8;23,3;22,3;87;81;81;183;5,5;2,1;
2026/01/13;1300 UTC;1,4;989,6;989,6;989,3;2342,5;27,6;23,3;28,1;26,3;24,1;22,8;83;76;77;169;4,7;2;
2026/01/13;1400 UTC;1,4;989,3;989,6;989,3;2121,6;29;24,2;29,2;27,5;24,6;23,2;79;73;75;150;4,7;1,8;
2026/01/13;1500 UTC;1,6;988,6;989,3;988,6;2055,8;29,7;23,7;29,8;29;24,6;23,2;76;70;70;188;4,7;1,5;
2026/01/13;1600 UTC;1,2;987,8;988,6;987,8;2660,7;31,4;24;31,4;29,7;24,8;23;71;63;65;157;5,4;2,5;
2026/01/13;1700 UTC;1,6;988,1;988,6;987,4;1025,3;22,1;22;31,6;22;24,3;21,3;100;62;100;42;14,4;7,1;
2026/01/13;1800 UTC;1;987,9;989,1;987,7;66,5;22,8;22,8;22,8;22,1;22,8;22,1;100;100;100;62;12,7;1,2;
2026/01/13;1900 UTC;1;987,5;988;987,5;64,2;23,3;23,2;23,5;22,7;23,3;22,7;100;98;100;341;2,9;1,4;
2026/01/13;2000 UTC;1,2;987;987,5;986,9;68,9;23,1;23;23,3;23,1;23,3;23;100;99;100;299;4,4;1,4;
2026/01/13;2100 UTC;2,6;986,4;987;986,4;61,9;22,9;22,4;23,2;22,9;23,1;22,4;100;97;97;319;2,7;,4;
2026/01/13;2200 UTC;3;986,2;986,4;986,2;9,6;22,6;22,3;23;22,6;22,8;22,3;99;97;98;313;2,6;1,1;
2026/01/13;2300 UTC;2,8;987,1;987,1;986,2;;22,5;22;22,6;22,4;22,3;21,9;98;96;97;308;2,9;1,3;
2026/01/14;0000 UTC;2,8;988,6;988,6;987,1;;22,6;22,1;22,7;22,4;22,2;21,8;98;96;97;281;3,2;,6;
2026/01/14;0100 UTC;2,8;989;989,1;988,6;;22,6;21,9;22,8;22,5;22,2;21,8;97;95;96;179;1,8;1;
2026/01/14;0200 UTC;2,6;988,6;989;988,6;;22,5;22;22,6;22,4;22,3;21,9;98;96;97;197;2,5;1,1;
2026/01/14;0300 UTC;4;988,5;988,7;988,4;;22,6;22,1;22,7;22,5;22,3;21,9;98;96;97;282;2,3;,6;
2026/01/14;0400 UTC;3,6;988,2;988,5;988;;22,7;22,5;22,7;22,4;22,5;21,6;99;95;99;7;2,4;1,2;
2026/01/14;0500 UTC;3,4;988,1;988,2;988;;22,4;22,2;22,7;22,4;22,5;22,2;99;98;99;108;2,4;,6;
2026/01/14;0600 UTC;2,8;987,8;988,1;987,5;;22,5;22,3;22,5;22,3;22,5;22,2;100;99;99;184;3,5;1,2;
2026/01/14;0700 UTC;2;987,6;987,8;987,4;;22,5;22,2;22,6;22,4;22,4;22,2;99;98;99;243;4,8;,8;
2026/01/14;0800 UTC;0;987,4;987,7;987,3;;22,5;22,2;22,6;22,4;22,3;22;99;97;98;255;1,9;,6;
2026/01/14;0900 UTC;0;987,7;987,8;987,4;;22,3;22,3;22,6;22,3;22,4;22;100;97;100;331;2,1;1,3;
2026/01/14;1000 UTC;0;988,2;988,2;987,7;93;22,3;22,2;22,4;22,1;22,4;22,1;100;100;100;307;2,1;,6;
2026/01/14;1100 UTC;0;988,7;988,7;988,2;453,7;23,5;22,4;23,6;22,3;23;22,2;100;94;94;120;1,5;,5;
2026/01/14;1200 UTC;0;989,1;989,1;988,7;1090,2;25,3;22,4;25,5;23,4;23,3;22;94;83;84;223;1,5;,6;
2026/01/14;1300 UTC;0;989,3;989,4;989;2043,4;27,4;23;27,4;25,3;24;21,7;88;75;77;194;5,1;2,2;
2026/01/14;1400 UTC;0;989,2;989,3;989,2;2561,7;27,9;22,6;28,2;27,4;24;22,5;81;72;73;171;5,3;2,6;
2026/01/14;1500 UTC;0;988,7;989,2;988,7;2311;28,6;23,6;28,8;27,8;23,7;22,4;76;71;74;157;5,6;2,8;
2026/01/14;1600 UTC;0;988;988,7;988;2307,4;29,3;23,8;29,4;28,6;24,2;23;75;70;72;170;5,6;1,9;
2026/01/14;1700 UTC;0;987,1;988;987,1;1533,7;29,3;23,5;29,7;29,1;24,4;23,5;75;70;71;192;4,8;1,9;
2026/01/14;1800 UTC;0;985,8;987,1;985,8;1784,6;30,8;24,2;30,8;29,3;24,7;23,5;74;68;68;202;3,6;1,2;
2026/01/14;1900 UTC;0;984,5;985,8;984,5;1776,2;30,6;24,3;30,9;30,3;25;23,6;72;67;69;22;3,4;,4;
2026/01/14;2000 UTC;0;984,4;984,6;984,2;601,4;29,9;24,3;30,6;29,8;25;23,6;75;68;72;103;3,3;,8;
2026/01/14;2100 UTC;0;984,6;984,7;984,3;170;26,6;24,7;29,9;25,1;25,2;22,4;93;71;89;345;9;1;
2026/01/14;2200 UTC;,2;985,4;986;984,6;12,1;22,9;22,3;26,6;22,3;25,1;20,8;98;85;96;233;10,9;2,1;
2026/01/14;2300 UTC;0;986,2;986,2;985,4;;23,6;21,9;23,6;22,9;22,5;21,8;96;90;90;233;4,7;1,6;
2026/01/15;0000 UTC;0;987,1;987,1;986,1;2,6;23,4;22,4;23,7;23,3;22,6;21,7;94;89;94;214;3,1;1,5;
2026/01/15;0100 UTC;0;987,4;987,5;987,1;2,1;23,6;22,5;23,6;23,3;22,8;22,4;97;93;94;211;4,9;1,9;
2026/01/15;0200 UTC;0;988;988;987,4;1;23,7;23;24;23,6;23;22,5;96;92;96;355;3,6;1,3;
2026/01/15;0300 UTC;0;988,5;989,1;988;,1;23,6;22,8;23,7;23,2;23,2;22,8;99;95;95;208;6;,8;
2026/01/15;0400 UTC;0;986,9;988,6;986,9;;24;22,5;24,1;23,6;23,1;22,5;96;91;91;197;3,5;1,8;
2026/01/15;0500 UTC;0;986,5;987,1;986,5;;23,2;22,9;24;23,2;23;22;98;89;98;333;3,5;1,6;
2026/01/15;0600 UTC;0;986,1;986,5;986;;22,7;22,6;23,2;22,7;22,9;22,6;99;98;99;318;3,4;,5;
2026/01/15;0700 UTC;0;986,1;986,1;986;;22,7;22,7;22,7;22,6;22,7;22,6;100;99;100;140;1,7;,9;
2026/01/15;0800 UTC;0;986,3;986,3;986,1;;22,5;22,5;22,7;22,5;22,7;22,5;100;100;100;87;2,7;,6;
2026/01/15;0900 UTC;0;986,6;986,7;986,3;;22,6;22,6;22,6;22,5;22,6;22,5;100;100;100;135;2;1,2;
2026/01/15;1000 UTC;0;987,4;987,4;986,6;58,2;22,7;22,5;22,7;22,4;22,6;22,4;100;99;99;84;2,1;,3;
2026/01/15;1100 UTC;0;988,2;988,2;987,4;410,4;23,6;23;23,6;22,7;23,3;22,4;99;96;96;318;2,1;,8;
2026/01/15;1200 UTC;0;988,7;988,7;988,1;1151,3;25,7;23,2;25,7;23,5;23,4;22,5;96;85;86;13;2,2;,9;
2026/01/15;1300 UTC;0;989,4;989,4;988,7;1215,7;26,3;23,2;26,4;25,5;23,8;22,5;89;82;83;51;3,4;,5;
2026/01/15;1400 UTC;0;989,4;989,5;989,3;1765,5;28;23,8;28;26,3;24,2;22,4;83;77;78;10;2,6;,8;
2026/01/15;1500 UTC;0;988,7;989,4;988,7;2439,7;29,1;23,7;29,3;27,8;24,3;23,2;79;72;73;222;3,7;1,7;
2026/01/15;1600 UTC;0;988;988,7;988;2282,8;29;23,6;29,7;28,9;24,7;23,4;77;71;73;156;3,7;1,1;
2026/01/15;1700 UTC;0;987,1;988,1;987,1;1546,7;30,7;24,8;30,7;28,9;25,1;23,7;78;69;71;237;3,1;,6;
2026/01/15;1800 UTC;0;986,3;987,1;986,3;1582,9;30;25,1;30,7;28,5;25,7;23,2;84;66;75;334;4,7;,5;
2026/01/15;1900 UTC;0;985,6;986,3;985,6;2299,3;30,8;24,2;31,2;29,9;25,6;23,4;77;66;68;36;3,7;1,6;
2026/01/15;2000 UTC;0;985,1;985,6;985,1;1373,3;30,7;23;31,4;30,7;25;22,1;71;58;64;26;4,2;1,4;
2026/01/15;2100 UTC;0;985,5;985,5;985;487,7;30;23,2;30,8;30;24;22,7;68;63;67;137;2,6;1,2;
2026/01/15;2200 UTC;0;985,8;985,8;985,5;61,3;28,4;24,5;30;28,1;25;23,1;82;67;79;118;1,9;,5;
2026/01/15;2300 UTC;;986,4;986,4;;;26,6;23,2;28,4;26,6;25,5;23,2;86;79;81;;;;
2026/01/16;0000 UTC;0;987,2;987,2;986,4;;25,9;23,5;26,6;25,9;23,8;23,2;87;81;87;211;3,4;1;
2026/01/16;0100 UTC;;;;;;25,6;;;;;;;;;;;;
2026/01/16;0200 UTC;;988,1;988,3;988,1;;25,4;23,8;25,6;25,4;23,9;23,7;91;89;91;;;1;
2026/01/16;0300 UTC;0;987,7;988,1;987,7;;25,2;24,1;25,4;25,1;24,2;23,8;95;91;94;275;1,8;,6;
2026/01/16;0400 UTC;0;987;987,7;987;;25;24,5;25,4;25;24,7;24,1;97;94;97;13;1,6;1;
2026/01/16;0500 UTC;0;986,7;987;986,7;;24,1;23,9;25;24;24,5;23,6;99;97;99;194;1,6;,1;
2026/01/16;0600 UTC;0;986,3;986,7;986,3;;24,1;24;24,2;23,8;24;23,5;99;98;99;202;1,9;1;
2026/01/16;0700 UTC;0;985,9;986,3;985,9;;24;23,7;24,1;24;24;23,7;100;98;98;183;1,9;,5;
2026/01/16;0800 UTC;0;986,2;986,2;985,9;;23,8;23,7;24;23,7;23,8;23,6;100;98;100;310;1;,3;
2026/01/16;0900 UTC;0;986,6;986,6;986,1;;23,4;23,4;23,9;23,4;23,9;23,3;100;100;100;4;1,6;,3;
2026/01/16;1000 UTC;0;987,2;987,2;986,6;97,1;23,8;23,6;23,8;23,3;23,7;23,3;100;99;99;5;1;,4;
2026/01/16;1100 UTC;0;988;988;987,2;630,8;25,3;24,3;25,3;23,8;24,5;23,5;99;94;94;355;1,9;,8;
2026/01/16;1200 UTC;0;988,7;988,7;988;1544,7;28,4;24,1;28,4;25,4;24,7;23,5;94;76;78;70;2,2;1,2;
2026/01/16;1300 UTC;0;988,8;988,8;988,7;1616,6;28,3;23,7;29;28;25,1;23,5;81;73;76;162;3;1,4;
2026/01/16;1400 UTC;0;988,3;988,8;988,3;3085,3;31,1;24,3;31,1;28,2;24,9;23,1;78;67;67;129;3,7;1,2;
2026/01/16;1500 UTC;0;987,6;988,3;987,6;3442,5;31,7;23,8;32,1;30,3;25;23,5;72;62;63;125;4,4;1,7;
2026/01/16;1600 UTC;0;987;987,6;987;3563,4;32,6;24,2;33,2;31,1;25;23;66;58;61;49;4,4;1,2;
2026/01/16;1700 UTC;0;986,1;987;986,1;2679;33,1;23,3;33,5;31,7;24,3;22,3;63;56;57;98;4;1,4;
2026/01/16;1800 UTC;0;985,3;986,1;985,3;1471;31,7;23,6;33,2;31,3;24,1;22;63;55;62;131;6,5;2,5;
2026/01/16;1900 UTC;0;984,6;985,3;984,4;1382;30,6;23,9;32,5;30,5;24,7;23,4;70;60;68;147;5,9;2,8;
2026/01/16;2000 UTC;0;984,4;984,6;984;710,8;28,9;22,7;30,6;28,9;24;22,7;71;65;69;202;5,4;2,6;
2026/01/16;2100 UTC;0;985,1;985,1;984,4;220,5;28;22,9;28,9;28;23,2;22,4;74;69;74;139;4,9;1,3;
2026/01/16;2200 UTC;0;984,9;985,3;984,9;31,2;26,8;22,4;28;26,8;23;22,3;77;74;77;191;3,5;1,5;
2026/01/16;2300 UTC;0;985,3;985,3;984,9;;26,9;22,9;27;26,7;23,2;22,2;80;76;79;236;2,9;,4;
2026/01/17;0000 UTC;0;986,3;986,3;985,2;;26,2;23,6;27;26,2;24,3;22,8;89;78;86;340;1,2;,7;
2026/01/17;0100 UTC;0;986,6;986,6;986,3;;25,7;24,4;26,2;25,7;24,5;23,3;93;84;93;316;1,8;,5;
2026/01/17;0200 UTC;0;986,7;986,7;986,5;;25,9;24,4;26;25,6;25;24,1;95;90;92;87;1,1;,4;
2026/01/17;0300 UTC;0;986,5;986,8;986,5;;25,5;24,4;25,9;25,3;24,8;24,2;96;92;94;319;1,6;,9;
2026/01/17;0400 UTC;0;986;986,5;985,9;;25,5;23,8;25,6;25,5;24,5;23,8;94;90;90;325;2;,6;
2026/01/17;0500 UTC;0;985,8;986;985,7;;25,3;23,4;25,6;25,2;24,2;23,4;93;89;89;309;1,8;,9;
2026/01/17;0600 UTC;0;985,4;985,8;985,4;;25,4;22,8;25,4;25,1;23,5;22,7;89;85;85;292;2,8;1,5;
2026/01/17;0700 UTC;0;985,6;985,6;985,4;;25;23,1;25,4;25;23,4;22,8;91;85;89;310;2,8;,9;
2026/01/17;0800 UTC;0;985,7;985,7;985,4;;24,1;23,6;25,2;24,1;23,6;23;97;88;97;142;2,2;1,3;
2026/01/17;0900 UTC;0;986,1;986,1;985,7;;23,8;23,6;24,1;23,8;23,7;23,6;99;97;99;266;2;,2;
2026/01/17;1000 UTC;0;986,6;986,6;986,1;118,9;24,8;23,7;24,8;23,8;23,9;23,5;99;94;94;170;1,4;,5;
2026/01/17;1100 UTC;0;987,5;987,5;986,6;434,5;25,8;24,2;25,9;24,8;24,5;23,6;94;89;91;46;2,1;1,3;
2026/01/17;1200 UTC;0;988,4;988,4;987,5;927,4;26,8;25,2;26,8;25,8;25,6;24,2;95;91;91;360;2,9;,7;
2026/01/17;1300 UTC;0;988,7;988,8;988,4;1463;28,5;25,1;28,6;26,8;25,6;23,8;92;80;82;32;2,9;1,5;
2026/01/17;1400 UTC;0;987,9;988,7;987,9;2701,3;30,7;25,1;30,8;28,3;25,9;24,3;85;72;72;12;3,5;1,7;
2026/01/17;1500 UTC;0;986,5;987,9;986,5;3043,2;31,3;23,8;32;30,6;25,4;23,1;73;60;65;4;4,8;1,5;
2026/01/17;1600 UTC;0;985,7;986,5;985,6;2790,8;32,3;23,5;33,7;31,3;25,3;23;67;57;60;134;3,6;1,5;
2026/01/17;1700 UTC;0;986,3;987,8;985,7;274,1;22,2;22;32,3;22,2;24,6;21,3;99;59;99;346;11,6;3;
2026/01/17;1800 UTC;0;987,1;987,3;985,9;119,1;22,9;22,2;23,1;22,1;22,5;21,3;99;93;96;73;8,3;4;
2026/01/17;1900 UTC;0;986,2;987,2;986,2;134,4;22,3;21,7;22,9;22,3;22,3;21,5;97;94;97;58;8,8;2,6;
2026/01/17;2000 UTC;0;985,5;986,3;985,5;118,1;22,3;21,7;22,3;22;21,8;21,3;98;95;97;327;5,4;1,2;
2026/01/17;2100 UTC;0;985,5;985,6;985,3;107,1;22,5;21,9;22,5;22,2;22,1;21,4;97;95;96;255;2,8;1,2;
2026/01/17;2200 UTC;0;985,9;985,9;985,5;12,8;22,7;21,9;22,8;22,4;22,2;21,6;97;95;95;324;3,8;1,7;
2026/01/17;2300 UTC;0;987,3;987,3;985,9;;22,4;22;22,7;22,3;22,1;21,7;98;95;97;260;4,8;,7;
2026/01/18;0000 UTC;;987,7;987,7;;;23;22,2;23;22,4;22,2;21,7;98;92;95;;;;
2026/01/18;0100 UTC;;;;;;;;;;;;;;;;;;
2026/01/18;0200 UTC;0;988,5;988,8;988,5;;22,3;22,2;23;22,3;22,3;21,8;99;94;99;354;4;1,3;
2026/01/18;0300 UTC;0;987,1;988,5;987,1;;22,5;22,2;22,5;22,2;22,3;22,1;100;98;98;244;2,1;,9;
2026/01/18;0400 UTC;0;986,3;987,1;986,3;;22,9;21,8;22,9;22,5;22,5;21,8;99;94;94;263;2,8;1;
2026/01/18;0500 UTC;0;986,1;986,3;986;;23;22,4;23,2;22,9;22,5;21,8;96;94;96;67;2,8;1,1;
2026/01/18;0600 UTC;,2;986,8;986,9;986,1;;22,3;22,1;23;22,3;22,6;22,1;99;96;99;151;3,9;1,5;
2026/01/18;0700 UTC;,2;987,4;987,4;986,8;;22,5;22,4;22,5;22,3;22,4;22,1;100;99;100;328;2,7;,8;
2026/01/18;0800 UTC;,4;987,2;987,4;987,1;;22,4;22,4;22,5;22,3;22,4;22,2;100;100;100;345;2;1;
2026/01/18;0900 UTC;,2;986,9;987,2;986,9;;22,3;22,3;22,4;22,2;22,3;22,2;100;100;100;298;2,4;1,4;
2026/01/18;1000 UTC;,4;987,5;987,5;986,9;38,5;22,6;22,4;22,6;22,2;22,4;22,2;100;99;99;346;2,5;,9;
2026/01/18;1100 UTC;,2;987,9;988;987,5;426,9;24,2;22,1;24,3;22,5;23,2;22,1;99;88;88;313;3,4;1,3;
2026/01/18;1200 UTC;,2;988,6;988,6;987,9;624,1;24,9;23,4;24,9;24,2;23,4;22,3;92;88;92;10;3,4;1,1;
2026/01/18;1300 UTC;,2;989;989,1;988,6;1548,8;27,1;23,4;27,3;24,9;24,3;23;92;80;80;57;2,7;1;
2026/01/18;1400 UTC;,2;989;989,1;989;2289,3;28,4;23,8;28,8;27,1;24,8;23,4;86;76;76;145;3,8;2;
2026/01/18;1500 UTC;,2;988,6;989,2;988,6;835,8;27;24,9;28,4;26,6;25;23,8;88;76;88;48;4,1;1,7;
2026/01/18;1600 UTC;,2;987,4;988,6;987,4;1727,2;28,5;24,8;28,7;26,9;25,5;24,4;89;79;80;113;3,9;1,4;
2026/01/18;1700 UTC;,4;986,7;987,6;986,6;643,1;28;23,9;28,6;27,9;25,1;23,4;82;76;78;56;3,5;1,1;
2026/01/18;1800 UTC;1;985,9;986,7;985,9;275,4;26,1;24,9;28;26,1;25,2;23,5;93;76;93;309;4,1;2,1;
2026/01/18;1900 UTC;1;985,4;986;985,3;493;25,4;24,4;26,1;25;24,8;23,7;95;90;94;289;5,5;1,5;
2026/01/18;2000 UTC;,8;985,1;985,5;985,1;301,9;25,3;24;25,5;25,2;24,4;23,7;94;91;93;295;3,4;1,1;
2026/01/18;2100 UTC;1;984,7;985,2;984,7;258,6;24,7;23,8;25,6;24,7;24,5;23,7;95;92;94;314;4,1;1,7;
2026/01/18;2200 UTC;1;985,2;985,2;984,6;34,2;24,2;23,4;24,7;24,2;23,7;23,4;95;94;95;298;4,1;1,5;
2026/01/18;2300 UTC;;;;;;24,2;23,2;24,3;24,1;;;96;94;94;;;;
2026/01/19;0000 UTC;1,2;987;987;986,3;;24,2;22,8;24,3;24,2;23,3;22,8;94;92;92;312;3,7;1,3;
2026/01/19;0100 UTC;1,4;987,8;987,8;987;;24;23;24,3;24;23;22,7;94;91;94;10;3,5;,7;
2026/01/19;0200 UTC;1,2;987,9;988,1;987,8;;23,5;23,2;24,1;23,5;23,3;22,9;98;94;98;255;1,4;,2;
2026/01/19;0300 UTC;1,2;987,5;987,9;987,5;;23,4;23,2;23,6;23,4;23,3;23,1;99;98;99;62;1;,7;
2026/01/19;0400 UTC;1;987;987,5;986,8;;23;23;23,4;23;23,2;23;100;99;100;355;1,6;1;
2026/01/19;0500 UTC;1;986,6;987;986,6;;22,9;22,9;23;22,8;23;22,8;100;100;100;26;1,9;,7;
2026/01/19;0600 UTC;1;986,3;986,6;986,3;;22,9;22,9;23;22,8;23;22,8;100;100;100;358;1,2;,6;
2026/01/19;0700 UTC;,6;986,3;986,5;986,3;;23;23;23,1;22,9;23,1;22,9;100;100;100;321;2;,5;
2026/01/19;0800 UTC;1,4;986,5;986,5;986,1;;23,1;23,1;23,2;23;23,2;23;100;100;100;331;2,2;1,2;
2026/01/19;0900 UTC;1,4;986,9;987,1;986,5;;23,4;23,4;23,4;23,1;23,4;23,1;100;100;100;356;3,4;1,2;
2026/01/19;1000 UTC;1;987,6;987,6;986,9;73,3;23,4;23,4;23,4;23,2;23,4;23,2;100;100;100;6;2,7;,9;
2026/01/19;1100 UTC;,8;988,2;988,3;987,6;464,3;24,3;23,6;24,4;23,4;23,9;23,4;100;96;96;355;3,3;1,9;
2026/01/19;1200 UTC;,8;988,9;988,9;988,2;1811,9;26,2;22,9;26,2;24,3;24;22,7;97;81;82;9;6,9;4,1;
2026/01/19;1300 UTC;,8;989,5;989,5;988,9;1911,3;26,8;22,9;27,1;26,1;23,9;22,3;84;77;79;7;6,9;3,4;
2026/01/19;1400 UTC;,4;989,3;989,5;989,3;2378,7;28,2;23,5;28,2;26,7;23,7;22,2;79;73;75;12;5,8;3,2;
2026/01/19;1500 UTC;0;989;989,3;989;2001,4;28,5;23;29,1;27,9;23,6;22,7;76;71;72;11;6,5;3,6;
2026/01/19;1600 UTC;0;987,8;989;987,8;2541;29,7;22,3;29,8;28,3;24,1;22,3;75;64;65;21;6,5;3,5;
2026/01/19;1700 UTC;0;986,2;987,8;986,2;2974,8;30,4;23,2;30,7;29,4;24,3;22,3;70;63;65;13;6,5;2,9;
2026/01/19;1800 UTC;0;985,1;986,2;985,1;2260,2;30,1;22,4;31;29,9;23,3;21,9;67;60;63;32;5,7;2,9;
2026/01/19;1900 UTC;0;984,1;985,1;984,1;1566,3;30,7;23,3;31;29,8;23,9;22,3;67;62;65;1;6,5;3,6;
2026/01/19;2000 UTC;0;983,4;984,1;983,4;1709,2;30,5;22,9;31;30,3;23,5;22,2;65;61;64;20;6,5;3,9;
2026/01/19;2100 UTC;0;983,5;983,5;983,4;721,3;29,6;22,7;30,5;29,6;23,1;22,2;67;62;66;10;5,7;2,5;
2026/01/19;2200 UTC;0;984;984;983,5;78,2;27,9;22,7;29,6;27,9;23,3;22,5;75;66;73;10;4,9;1,7;
2026/01/19;2300 UTC;0;984,7;984,7;984;;26,4;23,4;27,9;26,3;23,9;22,7;86;73;84;348;2,7;,9;
2026/01/20;0000 UTC;0;985,6;985,6;984,7;;26,1;23,7;26,4;26;24,1;23,3;88;84;87;346;1,7;1;
2026/01/20;0100 UTC;0;986,5;986,5;985,6;;26;23,4;26,3;25,9;23,8;23;88;82;86;3;2,2;1,6;
2026/01/20;0200 UTC;0;987,1;987,1;986,5;;25,6;23,5;26;25,3;23,8;23,3;91;86;88;2;2,7;1,4;
2026/01/20;0300 UTC;0;987,5;987,5;987,1;;25;23,4;25,6;25;23,7;23,2;92;87;91;352;2,7;1,4;
2026/01/20;0400 UTC;0;986,5;987,5;986,5;;24,5;23,3;25;24,5;23,5;23,1;93;90;93;326;2,7;,9;
2026/01/20;0500 UTC;0;985,9;986,5;985,9;;24,1;23,2;24,6;24,1;23,3;23,1;95;93;95;335;3;1;
2026/01/20;0600 UTC;0;985,5;985,9;985,3;;23,9;23,1;24,1;23,8;23,3;23,1;96;95;96;338;2,6;1,2;
2026/01/20;0700 UTC;0;985,3;985,5;985,2;;23,5;23;23,9;23,5;23,2;23;98;96;97;316;2,8;,9;
2026/01/20;0800 UTC;0;985,9;985,9;985,2;;23,4;22,8;23,5;23,4;23,1;22,8;97;96;96;327;2,6;,9;
2026/01/20;0900 UTC;0;986,4;986,4;985,9;;23,1;22,8;23,5;23,1;22,9;22,7;98;96;98;358;2,4;1,1;
2026/01/20;1000 UTC;0;987,2;987,2;986,4;72;23,2;22,8;23,2;22,8;23;22,7;99;98;98;360;1,8;,7;
2026/01/20;1100 UTC;0;987,6;987,6;987,2;572,2;24,9;23,2;24,9;23,2;23,3;22,7;98;90;90;5;4,2;2,3;
2026/01/20;1200 UTC;0;988,3;988,3;987,6;1587,5;26,5;22,3;26,7;24,9;23,4;21,9;90;76;78;358;6,1;3,5;
2026/01/20;1300 UTC;0;988,7;988,7;988,2;1673,4;26,9;21;27,7;26,4;22,9;20,4;78;65;70;15;8;4;
2026/01/20;1400 UTC;0;988,6;988,7;988,6;1461,1;27,9;21,3;28,2;26,8;22;20,9;73;66;67;18;6,8;3;
2026/01/20;1500 UTC;0;988,3;988,6;988,3;2600;29;20,9;29,4;27,7;21,8;20,1;69;59;62;14;5,8;3,1;
2026/01/20;1600 UTC;0;987,4;988,3;987,4;3709,7;30,6;20,5;30,7;28,7;21,9;19,7;65;54;55;350;8;3,5;
2026/01/20;1700 UTC;0;986,4;987,4;986,4;3586,8;31,8;19,5;31,9;30,5;21,1;18,7;57;48;48;6;8,2;4,4;
2026/01/20;1800 UTC;0;985;986,4;985;3249,6;31,7;19,8;32,2;31,1;21;19,1;53;47;49;351;8,1;4;
2026/01/20;1900 UTC;0;984,2;985;984,2;2676;31,4;20,3;32,4;31,2;21;19;54;47;52;351;8,8;3,8;
2026/01/20;2000 UTC;0;983,9;984,2;983,9;1878,9;31,3;20,8;32;31;21,1;19,8;55;49;53;354;7,5;3,3;
2026/01/20;2100 UTC;0;984,2;984,2;983,8;971,8;30,1;21;31,8;30,1;21,5;20,4;58;52;58;8;6,4;3,2;
2026/01/20;2200 UTC;0;984,7;984,7;984,2;102,7;28,2;22,1;30,1;28,2;22,2;21,1;70;58;69;35;4,9;1,6;
2026/01/20;2300 UTC;0;985,4;985,4;984,7;;27,4;22,2;28,2;27,4;22,3;22;74;69;74;45;2,7;1,3;
2026/01/21;0000 UTC;0;986,2;986,2;985,4;;26,4;22,9;27,4;26,1;23,6;22,1;84;73;81;209;2,2;,3;
2026/01/21;0100 UTC;0;986,9;986,9;986,2;;26,1;24;26,6;25,9;24;22,5;88;80;88;299;1,5;,5;
2026/01/21;0200 UTC;0;987,2;987,3;986,9;;25,9;23,6;26,2;25,8;24;22,8;88;83;88;169;1,2;,3;
2026/01/21;0300 UTC;0;987,1;987,2;987;;25,7;23,8;25,9;25,5;24,2;23,2;91;87;90;161;,9;,4;
2026/01/21;0400 UTC;0;986,7;987,2;986,7;;25,9;23,4;25,9;25,4;24,3;23,1;93;84;86;1;1,6;1,1;
2026/01/21;0500 UTC;0;986,2;986,7;986,2;;25,2;23,9;25,9;25,2;24;23,3;93;86;93;355;1,6;,9;
2026/01/21;0600 UTC;0;985,8;986,2;985,8;;25;24,1;25,2;24,9;24,4;23,9;96;93;95;152;1,4;,2;
2026/01/21;0700 UTC;0;985,5;985,8;985,5;;25;24,5;25;24,8;24,5;24,2;97;95;97;354;1;,5;
2026/01/21;0800 UTC;0;985,8;985,8;985,5;;24,9;24,4;25,1;24,9;24,4;24;97;94;97;17;1,3;,3;
2026/01/21;0900 UTC;0;986,1;986,1;985,8;;25,2;24,2;25,3;24,9;24,5;23,4;97;90;94;6;1,2;,4;
2026/01/21;1000 UTC;0;986,7;986,7;986,1;79,7;25,2;24,3;25,2;24,9;24,5;23,5;96;91;95;17;1,1;,4;
2026/01/21;1100 UTC;0;987,1;987,1;986,7;628;27;22,3;27,1;25,2;24,3;22,3;95;76;76;336;2,5;1,2;
2026/01/21;1200 UTC;0;987,8;987,8;987,1;1777,1;28,8;22;29,4;26,9;23,5;21,8;77;65;67;349;3,7;1,7;
2026/01/21;1300 UTC;0;988,1;988,1;987,8;1416,2;29,1;22,6;29,3;28,6;22,9;21,7;70;65;68;351;3,9;2,2;
2026/01/21;1400 UTC;0;987,8;988,2;987,8;2568,8;30,7;22,7;30,7;29,1;23,5;21,7;71;62;63;14;5,5;2,7;
2026/01/21;1500 UTC;0;987,6;987,9;987,6;1974,3;27,5;24,6;30,7;25,3;25;22;91;61;84;58;10,7;1;
2026/01/21;1600 UTC;0;986,3;987,6;986,3;1534,3;29;23,4;29,6;27,4;24,4;22,2;84;67;72;166;3,4;1,5;
2026/01/21;1700 UTC;0;985,4;986,3;985,4;1223,1;29,2;24,3;29,8;28,8;24,6;23,4;76;69;75;210;3,4;,9;
2026/01/21;1800 UTC;0;984,7;985,4;984,7;537,5;28,5;24,4;29,5;28,5;25,1;23,4;80;70;79;169;3,8;2;
2026/01/21;1900 UTC;0;984,7;984,7;984,5;762,8;28,2;24,8;28,8;28,2;25,4;24,3;83;78;82;199;3,7;2;
2026/01/21;2000 UTC;0;984,7;984,8;984,6;496,1;27,7;25;28,4;27,7;25,1;24,2;85;79;85;182;5;2,6;
2026/01/21;2100 UTC;0;986,1;986,1;984,7;246,5;21,6;21,3;27,7;21,6;25,2;20,3;98;72;98;295;10,3;4,8;
2026/01/21;2200 UTC;0;986,5;986,7;986,1;4,7;21,1;21,1;21,7;21;21,3;21;100;98;100;194;10,3;2,2;
2026/01/21;2300 UTC;,2;987,3;987,3;986,5;;21,6;21,5;21,8;21,1;21,7;21,1;100;99;99;169;4,5;1,8;
2026/01/22;0000 UTC;0;988,1;988,1;987,3;;21,6;21,5;21,8;21,5;21,7;21,4;100;99;99;178;3,3;1;
2026/01/22;0100 UTC;0;988,7;988,7;988,1;;21,9;21,9;22;21,5;22;21,4;100;99;100;320;2,4;,8;
2026/01/22;0200 UTC;0;988,5;988,7;988,4;;21,9;21,9;22,2;21,9;22,2;21,9;100;100;100;179;2,2;,9;
2026/01/22;0300 UTC;0;987,9;988,5;987,9;;22,1;22;22,2;21,9;22,1;21,9;100;100;100;192;2,5;1,2;
2026/01/22;0400 UTC;0;987,1;987,9;987,1;;22,2;22,2;22,2;22;22,2;22;100;100;100;168;2,5;1;
2026/01/22;0500 UTC;0;986,3;987,1;986,3;;22,5;22,4;22,5;22,2;22,5;22,2;100;100;100;182;1,9;,4;
2026/01/22;0600 UTC;0;986;986,3;985,9;;22,7;22,7;22,7;22,3;22,7;22,3;100;100;100;360;1,2;,8;
2026/01/22;0700 UTC;0;986,2;986,2;985,9;;22,4;22,4;22,7;22,4;22,7;22,4;100;100;100;331;2,9;1,4;
2026/01/22;0800 UTC;0;986,4;986,4;986,2;;22,3;22,3;22,4;22,2;22,4;22,2;100;100;100;39;2,5;,6;
2026/01/22;0900 UTC;0;987,1;987,1;986,4;;22,5;22,5;22,6;22,3;22,5;22,3;100;100;100;61;1,4;,9;
2026/01/22;1000 UTC;0;987,7;987,7;987,1;36,6;22,6;22,5;22,7;22,4;22,6;22,4;100;100;100;132;2,3;1;
2026/01/22;1100 UTC;0;988,6;988,6;987,7;376,6;23,2;22,6;23,3;22,6;22,9;22,4;100;96;96;151;1,8;,9;
2026/01/22;1200 UTC;0;989,2;989,2;988,6;410;23,4;23;23,6;23,2;23,1;22,5;98;95;98;139;3,1;1,7;
2026/01/22;1300 UTC;0;989,5;989,5;989,2;547,7;23,8;23,2;23,8;23,3;23,4;22,9;98;96;97;175;2,9;1,2;
2026/01/22;1400 UTC;0;989,4;989,6;989,4;1531,8;25,9;23,4;26;23,8;24,8;23,2;97;86;86;150;2,8;,9;
2026/01/22;1500 UTC;0;988,8;989,4;988,8;1852,5;27,3;24,1;27,3;25,9;24,1;23;87;81;83;182;3,6;1,7;
2026/01/22;1600 UTC;0;987,3;988,8;987,3;1946,1;28,6;23,6;28,6;27;24,1;22,8;83;73;74;197;4,1;1;
2026/01/22;1700 UTC;0;986,1;987,3;986,1;2635,8;29,8;23,5;30,1;28,4;25,3;22,8;78;69;69;148;4,5;1,6;
2026/01/22;1800 UTC;0;986;986,3;986;826,4;25,8;24;29,8;25,4;24;22,8;90;68;90;61;7,6;2,6;
2026/01/22;1900 UTC;0;984,3;986;984,3;1214,6;26,2;24,3;26,2;25,2;24,6;23,4;93;86;89;164;5,8;1,8;
2026/01/22;2000 UTC;0;984,2;984,3;984;1645,5;28;23,7;28,3;26,1;24,7;23,1;90;75;78;194;3;1,4;
2026/01/22;2100 UTC;0;984,7;984,7;984,2;707,1;27,9;24,2;28,4;27,5;24,8;23,5;83;77;80;155;2,6;1,3;
2026/01/22;2200 UTC;0;985,5;985,5;984,6;90,3;27,1;23,6;27,9;27;24,5;23,2;83;79;81;200;2,7;,8;
2026/01/22;2300 UTC;0;986,2;986,2;985,5;;26,2;24,5;27,1;26,1;25;23,5;91;80;91;351;3,6;1,6;
2026/01/23;0000 UTC;0;986,5;986,5;986,2;;25,2;23,8;26,1;25,1;24,6;23,7;95;91;92;342;4,3;1,2;
2026/01/23;0100 UTC;0;987,4;987,4;986,5;;24,7;23,6;25,2;24,7;23,9;23,4;94;92;93;348;2,3;,8;
2026/01/23;0200 UTC;0;988;988,2;987,4;;24,4;23,9;24,8;24,3;24;23,6;97;93;97;354;6,6;1,6;
2026/01/23;0300 UTC;0;987,2;988;987,1;;24,3;23,7;24,5;24,3;23,9;23,7;97;96;96;290;3,5;,7;
2026/01/23;0400 UTC;0;986,6;987,2;986,6;;24,2;23,7;24,4;24,2;23,8;23,6;98;96;97;332;2,8;1;
2026/01/23;0500 UTC;0;986,1;986,6;986,1;;23,8;23,5;24,2;23,8;23,8;23,5;98;97;98;333;3,1;1,1;
2026/01/23;0600 UTC;0;985,7;986,1;985,7;;23,6;23,4;23,8;23,6;23,6;23,4;99;98;99;313;2,8;1,2;
2026/01/23;0700 UTC;0;985,7;985,8;985,6;;23,8;23,4;23,8;23,6;23,4;23,3;99;98;98;317;2,8;1;
2026/01/23;0800 UTC;,2;986;986;985,7;;23,7;23,2;23,9;23,7;23,4;23,1;98;96;97;328;2,7;,8;
2026/01/23;0900 UTC;0;986,5;986,5;986;;23,5;23;23,7;23,4;23,2;23;98;97;97;220;2;,7;
2026/01/23;1000 UTC;0;987,4;987,4;986,5;126,3;23,9;23,6;23,9;23,5;23,6;23;98;97;98;15;1,9;1,1;
2026/01/23;1100 UTC;0;988,2;988,2;987,4;574,2;25,2;23,5;25,3;23,7;23,8;23,1;98;90;90;113;1,6;,3;
2026/01/23;1200 UTC;0;988,7;988,7;988,2;961,8;26,4;23,1;26,7;25,2;24,5;22,8;91;82;82;343;1,4;,5;
2026/01/23;1300 UTC;0;989,1;989,2;988,7;2100,1;28,8;23,4;28,8;26,4;24;22,4;84;71;73;336;3,8;1,4;
2026/01/23;1400 UTC;,2;988,8;989,2;988,8;1642,9;28,9;23,7;28,9;28,1;24,7;22,9;80;71;74;319;3,8;1,1;
2026/01/23;1500 UTC;,8;988;988,8;988;2090,1;29,8;23,4;30,4;28,5;25,4;23,3;78;69;69;249;2,9;,8;
2026/01/23;1600 UTC;1;987;988;987;3010,3;31,8;23,4;32;29,4;25;22,9;74;61;61;131;4,1;1,2;
2026/01/23;1700 UTC;1,8;986,3;987,1;986,2;2940,4;31;23,6;31,9;30,7;24,3;22,6;68;59;65;50;4,2;1,8;
2026/01/23;1800 UTC;3,6;986;986,3;985,7;592,9;27,9;23,6;31,2;27,9;24,3;22,5;79;61;78;174;6,3;2,7;
2026/01/23;1900 UTC;5,4;985,6;986,1;985,5;73,7;24,8;24;27,9;24,8;24,2;23,6;95;78;95;194;7,8;2,9;
2026/01/23;2000 UTC;5,6;985;985,6;984,9;182,7;25,4;24,2;25,4;24,7;24,3;23,4;95;92;93;194;5,2;1,9;
2026/01/23;2100 UTC;5,8;985,8;985,8;985;268,9;25,9;23,9;25,9;25,4;24,4;23,4;93;87;89;182;3,4;1,2;
2026/01/23;2200 UTC;5,4;986,4;986,4;985,8;83,6;25,5;24,7;26,1;25,5;24,7;23,9;95;89;95;180;4,2;2,5;
2026/01/23;2300 UTC;4,8;987,2;987,3;986,4;;25,3;24,3;25,6;25,2;24,9;24,2;96;93;94;217;4,6;1,5;
2026/01/24;0000 UTC;1,8;988,7;988,7;987,2;;25,1;24,5;25,3;25;24,6;24,2;97;94;96;28;6,9;3,5;
2026/01/24;0100 UTC;,6;989,7;989,7;988,7;;23,7;23,3;25,1;23,5;24,5;23,1;99;92;98;10;7,7;2,3;
2026/01/24;0200 UTC;;;;;;;;;;;;;;;;;;
2026/01/24;0300 UTC;0;989,3;989,7;989,3;;23,7;23,5;23,8;23,5;23,5;22,9;99;96;99;247;2,2;,6;
2026/01/24;0400 UTC;,2;988,6;989,3;988,6;;23,6;23,6;23,8;23,5;23,6;23,2;100;98;100;320;1,8;,6;
2026/01/24;0500 UTC;0;987,8;988,6;987,8;;23,3;23,2;23,6;23,3;23,6;23,1;100;99;99;313;1,5;,4;
2026/01/24;0600 UTC;,2;987,8;987,8;987,5;;23,4;23,3;23,5;23,2;23,3;23;99;99;99;56;2,3;1,3;
2026/01/24;0700 UTC;0;987,6;987,9;987,6;;23;23;23,5;23;23,4;23;100;99;100;52;3,4;1,6;
2026/01/24;0800 UTC;,2;987,4;987,6;987,3;;23,2;23,1;23,2;22,9;23,1;22,9;100;100;100;271;2,9;,4;
2026/01/24;0900 UTC;0;987,7;987,7;987,4;;23,2;23,2;23,2;23,1;23,2;23;100;100;100;215;1,2;,2;
2026/01/24;1000 UTC;0;988,5;988,5;987,7;57,6;23,2;23,1;23,5;23,2;23,5;23,1;100;99;99;327;1,3;,8;
2026/01/24;1100 UTC;0;989,1;989,1;988,5;472,5;24,1;23,3;24,2;23,2;23,7;23,1;100;96;96;354;1,8;,8;
2026/01/24;1200 UTC;0;989,7;989,7;989,1;1448,6;25,7;22,7;26,1;24,1;24,1;22,4;96;82;83;343;2,1;,8;
2026/01/24;1300 UTC;0;990;990;989,7;1516,8;26,6;23,5;26,9;25,7;23,7;22,4;85;80;83;45;2,9;1,3;
2026/01/24;1400 UTC;0;990,1;990,2;990;2077,1;27,2;23,5;27,5;26,5;23,9;22,7;83;77;80;22;3,8;1,6;
2026/01/24;1500 UTC;0;989,6;990,2;989,6;2328,2;28,1;23,3;28,5;27,2;24,5;23;82;74;75;79;4,2;1,7;
2026/01/24;1600 UTC;0;989;989,6;989;2031,2;28,6;22,8;29,4;28,1;25;22,5;78;69;71;50;4,8;2;
2026/01/24;1700 UTC;0;987,8;989;987,8;2169;29,9;23,4;29,9;28,6;24;22,7;74;68;68;339;4,1;1,3;
2026/01/24;1800 UTC;0;986,5;987,8;986,5;2421,3;31,2;23,7;31,2;29,4;24,7;22,5;70;63;65;73;4,4;1,4;
2026/01/24;1900 UTC;0;985,5;986,5;985,5;2367;30,6;23,3;31,3;30,2;24,5;22,7;69;62;65;7;4,5;2;
2026/01/24;2000 UTC;0;985,1;985,5;985;1551,9;31;23,6;31,1;30,1;24,1;22,7;68;62;65;86;3,9;1,8;
2026/01/24;2100 UTC;0;985,9;985,9;985,1;570,6;30,3;23,5;31;30,2;23,7;22,9;68;63;67;125;3,6;1,7;
2026/01/24;2200 UTC;0;987;987;985,9;100,5;26;22,7;30,3;25,7;24,2;22,7;88;67;82;13;7,3;4,2;
2026/01/24;2300 UTC;,2;987,9;988,1;987;;23,7;23,5;26,3;22,4;23,8;21,1;100;78;99;231;10,1;1,7;
2026/01/25;0000 UTC;3,6;988,4;988,4;987,9;;23,7;23,4;23,8;23,5;23,6;23,2;99;98;98;257;4,4;,7;
2026/01/25;0100 UTC;4;989;989,1;988,4;;24,1;24;24,1;23,7;24,1;23,4;100;98;99;297;2,5;,8;
2026/01/25;0200 UTC;3,4;989,8;989,9;989;;23,8;23,6;24,4;23,8;24,4;23,5;100;98;99;340;3,8;2,3;
2026/01/25;0300 UTC;;;;;;23,9;;23,9;23,6;;;99;;99;;;;
2026/01/25;0400 UTC;2,8;988,5;989,3;988,5;;23,7;23,5;24,1;23,7;23,7;23,5;99;98;99;332;4,4;,9;
2026/01/25;0500 UTC;2,8;987,8;988,5;987,8;;23,5;23,4;23,8;23,4;23,6;23,2;99;99;99;200;1,9;,4;
2026/01/25;0600 UTC;2,6;987,7;987,8;987,5;;23,2;23,2;23,6;23,2;23,5;23,2;100;99;100;151;1;,5;
2026/01/25;0700 UTC;2,2;988;988;987,7;;23;23;23,3;22,9;23,3;22,9;100;100;100;304;2;,6;
2026/01/25;0800 UTC;1,8;988,3;988,4;988;;23;22,8;23,1;22,9;23;22,8;100;99;99;186;1,8;,5;
2026/01/25;0900 UTC;,4;988,7;988,7;988,3;;23;23;23;22,9;23;22,8;100;99;100;182;1,5;,5;
2026/01/25;1000 UTC;0;989,2;989,2;988,7;78,7;23,1;23,1;23,1;22,9;23,1;22,9;100;100;100;118;2,1;1,1;
2026/01/25;1100 UTC;0;990;990;989,2;495,3;24,6;23,6;24,6;23,1;23,8;23;100;94;94;128;2,1;,4;
2026/01/25;1200 UTC;0;990,4;990,4;990;712,2;26;24,2;26;24,6;24,4;23,5;95;90;90;133;1,2;,5;
2026/01/25;1300 UTC;0;990,4;990,4;990,3;2220;27,8;23,6;28,3;26;24,8;22,9;91;74;78;132;2,2;1;
2026/01/25;1400 UTC;0;990,1;990,5;990,1;2662,3;29,1;23,6;29,6;27,8;25,7;23,5;81;72;72;355;3,1;1,2;
2026/01/25;1500 UTC;0;989,6;990,1;989,6;2605,5;30;24,5;30,4;28,8;25,3;23,4;77;69;72;35;4,2;1,8;
2026/01/25;1600 UTC;0;988,9;989,6;988,9;2999,3;31,3;24;31,4;30;25,3;23,3;74;65;65;188;5,2;1,7;
2026/01/25;1700 UTC;0;987,9;988,9;987,9;2733,6;32,2;23,9;32,3;30,4;24,9;22,8;69;58;62;105;3,9;1,3;
2026/01/25;1800 UTC;0;986,7;987,9;986,7;2187,3;31,8;23,7;32,5;31,5;25,1;22,7;65;57;62;90;4,8;1,6;
2026/01/25;1900 UTC;0;986,2;986,7;986,2;912,5;31;24,9;31,9;30,9;24,9;23,1;70;60;70;153;4,3;1,4;
2026/01/25;2000 UTC;0;985,5;986,2;985,4;625,4;31;22,8;31,1;30,4;25;22,8;73;61;62;169;2,5;1;
2026/01/25;2100 UTC;0;985,9;985,9;985,5;454,1;30,5;24,2;31,3;30,3;24,6;22,7;71;61;69;159;2,1;,7;
2026/01/25;2200 UTC;0;986,4;986,4;985,7;61,2;29,1;25,7;30,5;29,1;25,7;23,9;82;69;82;215;2;1,1;
2026/01/25;2300 UTC;0;987,5;987,6;986,4;;27,7;25,3;29,1;27,7;26,1;25,2;87;82;87;184;3,9;1,6;
2026/01/26;0000 UTC;;988,5;988,5;;;27,3;24,7;27,7;27,2;25,2;24,5;88;85;86;;;;
2026/01/26;0100 UTC;0;989;989;988,4;;26,6;25;27,3;26,4;25,4;24,4;93;85;91;201;1,6;,4;
2026/01/26;0200 UTC;0;989,3;989,3;988,8;;26;24,5;26,7;26;25,3;24,5;94;90;91;107;2,3;1,3;
2026/01/26;0300 UTC;0;989,1;989,4;989,1;;25,6;24,4;26;25,6;24,6;23,9;93;90;93;217;2,6;,8;
2026/01/26;0400 UTC;0;988,6;989,2;988,6;;25,7;23,5;26;25,6;24,6;23,3;93;87;87;158;1,9;,9;
2026/01/26;0500 UTC;0;988,3;988,6;988,3;;25,2;22,5;25,8;25,2;23,4;22,4;87;83;85;189;4,7;2,2;
2026/01/26;0600 UTC;0;988;988,3;988;;25;22,4;25,3;24,9;22,6;22,1;87;83;86;219;4,2;1,3;
2026/01/26;0700 UTC;0;987,9;988;987,8;;24,7;23,5;25,1;24,6;23,5;22,4;93;86;93;211;2,2;,3;
2026/01/26;0800 UTC;0;988,2;988,2;987,9;;23,9;23,4;24,7;23,9;23,8;23,2;97;93;97;168;,8;,4;
2026/01/26;0900 UTC;0;988,6;988,6;988,2;;23,7;23,1;24;23,6;23,7;23,1;98;96;96;199;1,1;,6;
2026/01/26;1000 UTC;0;989,3;989,3;988,6;97,7;24,4;23,6;24,4;23,6;23,8;23;99;95;95;14;1,1;,6;
2026/01/26;1100 UTC;0;990;990;989,3;691,1;27;22,6;27;24,4;24,2;22,4;95;77;77;183;2,5;1,3;
2026/01/26;1200 UTC;0;990,6;990,6;990;1599,1;28,5;22,7;28,5;26,9;23,7;22,2;80;70;71;168;4,8;2,6;
2026/01/26;1300 UTC;0;990,7;990,8;990,6;2491,4;29,6;24;29,8;28,4;24,2;22,8;75;70;72;191;6;3,2;
2026/01/26;1400 UTC;0;990,4;990,8;990,4;2879,4;30,6;24,3;31;29,4;24,8;23,5;74;67;69;165;6,2;3,2;
2026/01/26;1500 UTC;0;990;990,4;990;2925,8;31,1;23,5;32,1;30,4;25,2;23,5;72;62;64;152;5,6;2,1;
2026/01/26;1600 UTC;0;988,9;990;988,9;2967;32,6;24,3;32,9;30,8;24,9;23,1;69;59;62;162;4,6;1,8;
2026/01/26;1700 UTC;0;987,9;988,9;987,8;3178,1;32,3;22,7;33,3;32,2;24,6;22,6;62;56;57;190;6,4;1,8;
2026/01/26;1800 UTC;0;987,1;987,9;987,1;2092,9;30,8;21,7;33,4;28,1;24;20,6;67;54;59;7;9,6;4,4;
2026/01/26;1900 UTC;0;986,4;987,1;986,4;1581,1;29,9;22,9;32,4;29,9;23,3;20,6;67;51;66;43;7,2;2,7;
2026/01/26;2000 UTC;0;986,3;986,8;985,9;447,2;29;24,6;30;29;24,8;23,1;78;66;77;331;5;1,7;
2026/01/26;2100 UTC;0;986,3;986,4;986;190,5;27,6;23,1;29,1;27,6;25;23,1;81;74;77;162;3,7;1,7;
2026/01/26;2200 UTC;0;986,9;986,9;986,3;100,7;26,5;22,4;27,6;26,5;23,6;22,4;82;74;79;192;3,1;1,4;
2026/01/26;2300 UTC;0;987,3;987,3;986,9;;26,1;23,1;26,9;26,1;23,1;22,2;83;76;83;221;2,2;,8;
2026/01/27;0000 UTC;0;987,8;987,9;987,2;;26,2;24,4;26,5;25,9;24,7;23;92;83;90;333;2;1;
2026/01/27;0100 UTC;0;989;989;987,8;;25,4;23,2;26,3;25,2;24,6;23;92;87;88;104;3,3;1,3;
2026/01/27;0200 UTC;0;989,6;989,6;989;;25;23,8;25,4;24,9;23,9;23,3;93;88;93;205;2,5;,9;
2026/01/27;0300 UTC;0;989,8;989,8;989,5;;24,8;24,2;25,2;24,8;24,3;23,6;97;92;96;343;3,4;1,4;
2026/01/27;0400 UTC;0;989;989,9;989;;24,7;23,7;24,9;24,6;24,2;23,5;96;94;94;272;2,8;,6;
2026/01/27;0500 UTC;0;988,7;989,1;988,7;;24,9;23,9;25;24,7;24,1;23,5;95;92;94;336;2,4;,9;
2026/01/27;0600 UTC;0;988,1;988,8;988;;24,8;23,1;25,1;24,8;23,9;23;94;89;90;273;2,6;1;
2026/01/27;0700 UTC;0;987,8;988,1;987,7;;24,1;23,3;24,8;24,1;23,7;22,9;96;90;95;172;2,6;,2;
2026/01/27;0800 UTC;0;988,4;988,4;987,8;;23,6;23,2;24,4;23,6;23,9;23,2;98;95;98;96;2,5;,2;
2026/01/27;0900 UTC;0;988,9;988,9;988,3;;23,3;23;23,7;23,3;23,3;23;99;98;98;59;1,9;,8;
2026/01/27;1000 UTC;0;989,8;989,8;988,9;52,8;23,3;23,1;23,4;23,1;23,2;23;99;98;99;144;1,5;,3;
2026/01/27;1100 UTC;0;990,3;990,3;989,8;387,8;24,6;24;24,6;23,3;24;23,1;99;95;97;153;1,9;,9;
2026/01/27;1200 UTC;0;991,1;991,1;990,3;1267,4;27,3;24,3;27,3;24,6;24,6;23,6;97;83;84;109;3,1;1,3;
2026/01/27;1300 UTC;0;991,7;991,8;991,1;510;25,7;23,5;27,3;25,5;24,7;23,4;90;83;88;190;5,1;2,3;
2026/01/27;1400 UTC;0;991,7;991,8;991,5;1136,3;26,9;23,3;26,9;25,7;23,9;22,8;88;79;81;158;4,8;1,9;
2026/01/27;1500 UTC;0;991,3;991,7;991,3;1359,2;27,7;23,8;27,8;26,9;24;23;82;77;80;158;3,8;1,5;
2026/01/27;1600 UTC;0;990,4;991,3;990,4;2894,3;29,2;23,9;30;27,7;24,9;23,3;80;70;73;18;4;1,4;
2026/01/27;1700 UTC;0;989,4;990,4;989,4;3411,1;29,9;23,7;30,7;29,2;25,2;23,2;75;66;69;37;4,8;1,5;
2026/01/27;1800 UTC;0;988,2;989,4;988,2;2795,3;30,3;23;31,5;29,8;24,6;23;71;64;65;1;4,8;2,5;
2026/01/27;1900 UTC;0;986,9;988,2;986,9;2246,8;30,6;24;32;30,3;24,8;22,5;68;61;68;356;4,6;3,2;
2026/01/27;2000 UTC;0;986,7;986,9;986,7;1138,5;30,5;23,8;31,3;30,2;25,2;23,1;71;65;68;339;4,6;1,8;
2026/01/27;2100 UTC;0;986,9;986,9;986,6;544,7;29,9;24,2;30,7;29,9;24,6;23,2;72;65;71;335;4;1,5;
2026/01/27;2200 UTC;0;987;987,1;986,9;79,9;28,8;24;29,9;28,8;24,3;23,9;76;71;76;319;3,3;1,3;
2026/01/27;2300 UTC;0;987,5;987,5;987;;28,1;24,4;28,8;28;24,5;23,9;81;75;81;288;2,7;1,3;
2026/01/28;0000 UTC;0;988,2;988,2;987,5;;27,4;25;28,2;27,3;25,3;24,4;89;80;87;11;2,7;,8;
2026/01/28;0100 UTC;;;;;;;;;;;;;;;;;;
2026/01/28;0200 UTC;0;990,2;990,2;989,6;;26,2;25;26,4;26,1;25,5;24,8;96;92;93;345;1,7;1;
2026/01/28;0300 UTC;0;989,9;990,2;989,8;;25,6;24,8;26,3;25,6;25,1;24,5;96;90;95;326;1,5;,7;
2026/01/28;0400 UTC;0;989,3;990;989,3;;26;24,3;26;25,5;24,9;24,2;95;90;90;297;2,1;1,2;
2026/01/28;0500 UTC;0;989,8;990;989,2;,4;22,8;22,8;26,2;22,2;24,5;21,8;100;89;100;353;14,1;7,2;
2026/01/28;0600 UTC;0;990,3;990,4;989,8;;23,3;23;23,3;22,8;23,2;22,8;100;98;98;8;12,5;2,4;
2026/01/28;0700 UTC;0;990,5;990,5;990,2;,8;22,4;21,9;23,3;22,3;23,1;21,9;99;96;97;1;7,8;3,5;
2026/01/28;0800 UTC;0;990,6;990,9;990,5;,6;22,1;21,7;22,4;22,1;21,8;21,4;98;95;97;3;6,5;1,8;
2026/01/28;0900 UTC;0;990,7;990,7;990,5;;21,7;21,4;22,1;21,7;21,7;21,4;99;97;99;335;4,3;1,8;
2026/01/28;1000 UTC;,2;991,1;991,1;990,7;23,2;22;21,8;22;21,7;21,8;21,5;99;99;99;331;4,6;1,5;
2026/01/28;1100 UTC;,2;991,9;991,9;991,1;214,2;22,3;21,8;22,3;21,9;21,9;21,5;99;96;97;324;3,6;2;
2026/01/28;1200 UTC;,2;992,3;992,4;991,9;698,7;23,2;21,7;23,2;22,2;22,1;21,4;97;91;91;329;3,4;1,6;
2026/01/28;1300 UTC;,2;992,6;992,8;992,2;1615,5;24,6;21,6;24,6;23,2;22,3;21;93;82;83;5;3,3;1,7;
2026/01/28;1400 UTC;0;992,1;992,6;992,1;2062,5;26,1;21,9;26,2;24,6;22,8;21,1;86;75;78;320;3,3;1,6;
2026/01/28;1500 UTC;,2;991,4;992,1;991,4;2394,2;27,5;21,3;27,7;26,1;22,7;20,9;81;68;69;308;3,9;1,4;
2026/01/28;1600 UTC;0;990,6;991,4;990,6;2624;29,4;23,4;29,4;27,4;23,4;21,2;75;65;70;196;3,9;1,1;
2026/01/28;1700 UTC;0;989,7;990,6;989,7;3103,3;30,6;22,3;30,8;29,1;24,2;21;71;58;61;151;3;,8;
2026/01/28;1800 UTC;,2;988,6;989,7;988,6;3281,7;31,3;21,1;31,5;30,2;23,2;20,4;66;53;54;107;3,6;1,5;
2026/01/28;1900 UTC;0;987,9;988,6;987,9;2630,5;31,4;22,1;32;31,3;22,9;21;60;53;58;102;6,1;1,8;
2026/01/28;2000 UTC;0;987,5;987,9;987,5;1161,3;31;22;31,4;30,9;22,6;20,9;61;54;59;121;3,5;1,1;
2026/01/28;2100 UTC;0;987,5;987,6;987,5;552,6;28,6;23,7;31,3;28,6;24,3;21,5;76;57;75;342;3,8;2,1;
2026/01/28;2200 UTC;,2;987,8;987,8;987,5;71,1;27,3;23,4;28,6;27,3;24,2;22,8;79;74;79;342;3,3;,8;
2026/01/28;2300 UTC;0;988,4;988,4;987,8;;26,5;24,3;27,4;26,5;24,6;22,9;88;77;88;334;1,6;,7;
2026/01/29;0000 UTC;0;989,2;989,2;988,4;;26,2;24,6;26,6;25,8;24,8;23,9;92;87;91;183;1;,6;
2026/01/29;0100 UTC;0;990,5;990,5;989,2;;25,4;24,9;26,2;25,4;25;24,5;97;91;97;263;1;,4;
2026/01/29;0200 UTC;0;990,7;990,8;990,5;;25,4;24;25,6;25,2;25;23,8;97;91;92;206;3;,9;
2026/01/29;0300 UTC;0;990,4;990,8;990,4;;25,5;24;25,5;25,4;24,4;24;94;92;92;220;2,1;1,2;
2026/01/29;0400 UTC;0;989,8;990,4;989,7;;25,2;23,9;25,5;25,2;24,2;23,9;93;91;92;186;2,4;1,4;
2026/01/29;0500 UTC;0;989,1;989,8;989;;24,8;23,2;25,8;24,8;24;23,1;94;86;91;176;7,4;2,6;
2026/01/29;0600 UTC;0;989,3;989,4;989;;24;22,8;24,8;24;23,2;22,7;93;89;93;175;5,8;2,1;
2026/01/29;0700 UTC;0;989,1;989,4;989,1;;23,5;22,4;24;23,5;22,8;22,4;94;92;94;200;3,6;1,6;
2026/01/29;0800 UTC;,2;989,3;989,3;989,1;;23,4;22,2;23,7;23,4;22,5;21,9;94;90;93;169;3,2;,7;
2026/01/29;0900 UTC;0;989,9;989,9;989,3;;23,4;22,9;23,6;23,3;22,9;22,2;98;93;98;356;1,5;,7;
2026/01/29;1000 UTC;0;990,6;990,6;989,9;60,9;23,6;23;23,6;23,2;23;22,7;98;96;97;239;1,4;,4;
2026/01/29;1100 UTC;0;991,3;991,3;990,6;702,1;25,4;23;25,7;23,6;23,5;22,8;97;85;86;287;1,4;,7;
2026/01/29;1200 UTC;0;991,8;991,8;991,3;1508;27;22,7;27,2;25,4;23,7;22,1;89;76;77;165;3,2;1,4;
2026/01/29;1300 UTC;0;992;992;991,8;2533,8;28,6;23,5;28,8;27;24,3;22,5;79;72;74;41;3,4;1,4;
2026/01/29;1400 UTC;0;991,7;992;991,7;3122,3;30,9;23,6;31;28,6;24,6;23;76;63;65;70;3,6;1,2;
2026/01/29;1500 UTC;0;991;991,7;991;3318,9;30,4;22,8;31,1;30;24,6;22,8;72;63;64;15;6;2;
2026/01/29;1600 UTC;0;989,8;991;989,8;3577,8;31,9;22,9;32,4;30,4;24,6;22,6;67;58;59;55;6;1,9;
2026/01/29;1700 UTC;0;988,6;989,8;988,6;2860,1;32,9;23,1;32,9;31,3;23,9;22,3;63;56;56;136;4,7;1,6;
2026/01/29;1800 UTC;,2;987,5;988,6;987,5;2206;30;23,8;32,9;30;24,9;22;69;56;69;143;6,7;3,3;
2026/01/29;1900 UTC;0;986,4;987,5;986,4;2123,5;33;24,1;33;29,8;24,7;23,1;72;59;60;204;6;1,7;
2026/01/29;2000 UTC;,4;986,3;986,4;986;619,3;31,1;23,7;32,9;31,1;24,4;22,7;66;58;65;162;3,7;1,5;
2026/01/29;2100 UTC;,8;986,9;986,9;986,2;319,8;29,7;24,4;31,1;29,6;24,8;23,7;74;65;73;185;3,1;1,5;
2026/01/29;2200 UTC;,8;988,2;988,2;986,9;62,8;27,9;22,1;29,7;27,9;25,2;22,1;78;70;71;92;11,6;3,2;
2026/01/29;2300 UTC;,6;988,2;988,6;988,2;;23,5;22;27,9;23,5;22,2;21,4;91;71;91;162;11,6;1,7;
2026/01/30;0000 UTC;,8;989,1;989,1;988,1;;23,5;21,9;23,6;23,4;22,3;21,8;93;90;90;187;3,2;1,5;
2026/01/30;0100 UTC;,8;989,5;989,5;988,9;;23,9;22,3;23,9;23,4;22,3;21,7;92;90;91;286;2,8;,7;
2026/01/30;0200 UTC;,8;990,2;990,2;989,5;;24;22,6;24,4;23,8;22,9;21,7;93;86;92;266;2;,3;
2026/01/30;0300 UTC;,8;989,6;990,2;989,6;;24,4;22,1;24,4;24;23;22,1;93;87;87;344;1,6;,7;
2026/01/30;0400 UTC;,8;989,1;989,6;989,1;;24,1;22,7;24,4;23,8;23;21,9;94;87;92;78;1,4;,6;
2026/01/30;0500 UTC;,8;988,9;989,1;988,8;;23,9;23,5;24,1;23,5;23,5;22,7;97;92;97;292;2;,2;
2026/01/30;0600 UTC;,6;988,5;988,9;988,4;;23,7;23,3;24,3;23,6;23,7;23,1;98;94;98;151;1,6;,5;
2026/01/30;0700 UTC;,6;988,3;988,6;988,3;;23,6;23,4;23,7;23,5;23,5;23,1;99;98;98;311;1,4;,2;
2026/01/30;0800 UTC;,6;988,2;988,5;988,2;;23,6;23,4;23,8;23,6;23,6;23,3;99;98;99;258;1,5;,3;
2026/01/30;0900 UTC;0;988,5;988,5;988,2;;23,4;23,4;23,7;23,4;23,5;23,3;99;99;99;338;1,2;,4;
2026/01/30;1000 UTC;0;988,8;988,8;988,4;42,5;23,5;23,3;23,5;23,4;23,4;23,3;100;99;99;192;2,3;1;
2026/01/30;1100 UTC;0;989,5;989,5;988,8;259;24,5;23,8;24,5;23,5;23,8;23,1;99;95;96;180;2,3;,8;
2026/01/30;1200 UTC;0;990,3;990,3;989,5;859,6;27,1;23,7;27,1;24,5;24,7;23,2;96;82;82;46;1,4;,4;
2026/01/30;1300 UTC;0;990,6;990,7;990,3;1366;27,7;24,3;27,8;26,8;24,6;23,2;85;79;82;24;2,2;,8;
2026/01/30;1400 UTC;0;990,7;990,8;990,6;2083,4;29,1;23,9;29,5;27,4;25,2;23,4;83;71;74;27;4,3;1,9;
2026/01/30;1500 UTC;0;990,1;990,7;990,1;2828,3;29,8;23,9;30,1;28,7;25,6;23,7;78;71;71;75;4,3;2;
2026/01/30;1600 UTC;0;989,4;990,1;989,4;2255,7;30;23,7;30,5;29,1;24,6;23;74;67;69;34;4;1,8;
2026/01/30;1700 UTC;0;988,5;989,4;988,5;2093,3;30,6;24,2;30,6;29,6;25,4;23,6;75;68;69;51;4,4;2,1;
2026/01/30;1800 UTC;0;987,2;988,5;987,2;1424,3;30,3;24,2;30,7;30,1;25;23,8;73;67;70;48;4,4;1,1;
2026/01/30;1900 UTC;0;985,9;987,2;985,9;1184,6;30,4;24,3;30,4;30;25,1;23,6;74;67;70;33;3,1;1,1;
2026/01/30;2000 UTC;0;985,2;985,9;985,1;1650,8;31,3;23,9;31,4;30,4;24,9;23,6;71;64;65;51;3,7;1,4;
2026/01/30;2100 UTC;0;985,4;985,4;985,1;435,7;30,4;23,7;31,6;30,4;24,5;23,5;68;63;67;13;3,1;1,8;
2026/01/30;2200 UTC;0;986,2;986,2;985,4;68,7;29,8;23,6;30,4;29,8;24,4;23,3;71;67;69;70;3,1;1,2;
2026/01/30;2300 UTC;0;986,4;986,5;986,2;;28;24,6;29,8;28;24,8;23,6;82;69;82;133;1,9;,5;
2026/01/31;0000 UTC;0;987,4;987,4;986,4;;27,4;24,7;28;26,9;25,1;24,5;89;81;85;174;1,2;,6;
2026/01/31;0100 UTC;0;988,3;988,3;987,4;;26,7;25,3;27,4;26,6;25,3;24,7;92;85;92;212;1,8;,8;
2026/01/31;0200 UTC;0;989;989;988,3;;26,3;25,1;26,7;26,3;25,5;24,8;94;90;93;219;1,6;1,1;
2026/01/31;0300 UTC;0;988,7;989;988,7;;26;24,8;26,3;25,9;25,3;24,8;95;93;93;227;1,7;,9;
2026/01/31;0400 UTC;0;988;988,7;988;;25,5;24,8;26;25,4;25;24,7;97;93;96;206;1,6;,6;
2026/01/31;0500 UTC;0;987;988;987;;25,3;24,6;25,5;25,2;24,8;24,6;97;95;96;191;1,1;,8;
2026/01/31;0600 UTC;0;986,4;987;986,4;;24,9;24,6;25,3;24,9;24,7;24,4;99;96;98;37;1,3;,3;
2026/01/31;0700 UTC;0;986,3;986,4;986,3;;24,6;24,3;24,9;24,6;24,7;24,3;99;97;98;208;1,4;,5;
2026/01/31;0800 UTC;0;986,5;986,6;986,3;;24,4;24,2;24,6;24,3;24,4;24,1;100;98;99;175;,9;,4;
2026/01/31;0900 UTC;0;986,8;986,8;986,4;;24,3;24,3;24,5;24,3;24,4;24,1;100;99;100;32;,8;,4;
2026/01/31;1000 UTC;0;987,6;987,6;986,8;69,1;24,4;24,4;24,4;24,1;24,4;24,1;100;99;100;49;1,1;,5;
2026/01/31;1100 UTC;0;988,4;988,4;987,6;687,5;26,9;24,8;26,9;24,4;25,1;24,2;100;88;88;40;1,5;,6;
2026/01/31;1200 UTC;0;989,2;989,2;988,4;1562,7;28,8;24,2;29,3;26,9;25,7;23,7;88;75;77;18;2,7;1,4;
2026/01/31;1300 UTC;0;989,3;989,6;989,2;2323,3;30,6;24,4;30,6;28,7;25,4;24,2;80;70;70;24;3,7;1,6;
2026/01/31;1400 UTC;0;989,1;989,3;989;2651,8;31,7;23,5;32,3;30,3;25,3;23,4;73;61;62;39;6,2;3;
2026/01/31;1500 UTC;0;988,7;989,2;988,7;2894,8;32,3;23,6;32,5;31;25,3;23,5;71;60;60;15;6,2;2,5;
2026/01/31;1600 UTC;0;987,9;988,7;987,9;2337,4;29,3;24,2;33;28,6;25;22,6;77;59;74;5;8,5;3,5;
2026/01/31;1700 UTC;0;986,5;987,9;986,5;3092,9;33,1;23,7;33,5;29,3;24,9;22,9;76;56;58;8;6,3;2,9;
2026/01/31;1800 UTC;0;985,1;986,5;985,1;3052,2;33,9;23,4;34,2;32,6;25,3;22,6;63;53;55;6;6,3;3,3;
2026/01/31;1900 UTC;0;984,2;985,1;984,2;1472,6;32,5;24,3;34,2;31,4;24,4;23;64;54;62;28;5,9;2,8;
2026/01/31;2000 UTC;0;983,7;984,2;983,6;824;32,1;24,3;32,6;32;24,7;23,2;64;58;64;26;5,1;2,4;
2026/01/31;2100 UTC;0;984,2;984,2;983,6;365,5;31;24,7;32,1;31;24,8;24,2;69;64;69;11;4,5;2,1;
2026/01/31;2200 UTC;0;984,7;984,8;984,2;61;29,8;24,9;31;29,7;25,2;24,5;76;69;75;16;3,8;1,1;
2026/01/31;2300 UTC;;;;;;;;;;;;;;;;;;
2026/02/01;0000 UTC;0;986,5;986,5;985,9;;28;24,7;28,5;28;25,6;24,7;85;81;83;349;2,1;1;
2026/02/01;0100 UTC;;;;;;;;;;;;;;;;;;
2026/02/01;0200 UTC;;987,8;;;;27,1;25,2;27,3;27;25,3;24,2;89;83;89;;;;
2026/02/01;0300 UTC;0;987,7;987,9;987,6;;26,5;25,3;27,4;26,5;25,5;24,6;94;85;93;318;,9;,2;
2026/02/01;0400 UTC;0;987,2;987,7;987,2;;26,1;24,9;26,5;26;25,6;24,9;96;92;93;208;1,8;1,2;
2026/02/01;0500 UTC;0;986,7;987,3;986,7;;25,9;24,5;26,1;25,6;24,9;24,2;95;91;92;174;2;,5;
2026/02/01;0600 UTC;0;986,7;986,7;986,3;;25,1;24,8;26;25,1;25;24,5;98;91;98;304;1,2;,6;
2026/02/01;0700 UTC;0;986,7;986,8;986,6;;25,1;24,7;25,2;25;24,8;24,4;98;96;98;301;1,6;,4;
2026/02/01;0800 UTC;0;986,9;986,9;986,6;;25;24,4;25,2;25;24,8;24,4;98;96;97;198;1,3;,8;
2026/02/01;0900 UTC;0;987,2;987,2;986,8;;24,4;24,1;25,1;24,4;24,4;24,1;98;96;98;146;2,2;,4;
2026/02/01;1000 UTC;0;987,7;987,7;987,1;72,5;24,9;24,2;24,9;24,4;24,3;23,9;98;95;95;156;1,4;,3;
2026/02/01;1100 UTC;0;988,8;988,8;987,7;376,2;25,6;24,8;25,7;24,9;25,1;24,1;97;94;95;48;2;1,1;
2026/02/01;1200 UTC;0;989,2;989,2;988,8;1169,5;27,7;25,1;27,7;25,6;25,6;24,7;96;86;86;184;3,7;1,9;
2026/02/01;1300 UTC;0;989,5;989,6;989,2;1766,1;29,7;25,6;29,7;27,7;25,7;24,5;87;76;79;181;3,7;1,4;
2026/02/01;1400 UTC;0;988,6;989,5;988,6;2779;31;;31,2;29,7;26,2;24,2;79;69;;216;3,7;1,2;
2026/02/01;1500 UTC;0;988,1;988,6;988;1030,3;30;24,7;31,6;29,6;25,8;24;76;69;73;228;5,3;2,2;
2026/02/01;1600 UTC;0;987,7;988,1;987,3;1644,4;26,6;24,7;31,1;26,6;26,1;24;89;70;89;147;7;4,2;
2026/02/01;1700 UTC;0;986,7;988,3;986,5;138,9;24,9;24,5;26,6;24,4;25,2;24,1;99;89;98;235;7,5;,9;
2026/02/01;1800 UTC;0;985,7;987,2;985,7;159;25,3;24,5;25,4;24,7;24,9;24,1;99;94;95;229;4,8;,9;
2026/02/01;1900 UTC;0;985,9;986,1;985,5;287,3;25,8;25,1;25,8;25,3;25,1;24,4;97;94;96;140;4,4;1,3;
2026/02/01;2000 UTC;0;985,6;986,1;985,6;203,8;25,3;24,2;25,9;25,3;25,2;24,2;96;92;94;173;4,4;1,9;
2026/02/01;2100 UTC;0;985;985,6;984,4;161,7;25;24,2;25,3;24,9;24,5;23,8;96;93;95;213;4;1,7;
2026/02/01;2200 UTC;0;985,6;985,7;985;37,3;25;24,1;25,4;24,9;24,3;23,6;96;91;95;86;3,6;1,5;
2026/02/01;2300 UTC;0;986,1;986,1;985,6;;24,6;24,1;25;24,6;24,3;23,9;98;94;98;160;3,1;1,3;
2026/02/02;0000 UTC;0;986,7;986,8;986,1;;24,4;24;24,6;24,4;24,3;24;98;98;98;307;2,4;,8;
2026/02/02;0100 UTC;0;988,1;988,1;986,7;;24,6;24,4;24,7;24,4;24,4;24,1;99;97;99;72;2;,9;
2026/02/02;0200 UTC;0;988,6;988,7;988,1;;24,3;24,2;24,7;24,2;24,5;24,2;100;99;100;220;1,9;,7;
2026/02/02;0300 UTC;0;988,7;988,9;988,6;;24,3;24,2;24,4;24,2;24,4;24,1;100;99;99;210;1,4;,8;
2026/02/02;0400 UTC;,2;988,3;988,7;988,3;;24;23,6;24,3;23,9;24,1;23,4;99;96;97;229;1,6;,6;
2026/02/02;0500 UTC;0;988;988,4;988;;24,4;24;24,4;23,9;24;23,1;98;95;98;353;1,9;1;
2026/02/02;0600 UTC;0;987,8;988;987,7;;24,4;23,9;24,5;24,1;24;23,7;98;97;97;56;1,9;,5;
2026/02/02;0700 UTC;0;987,4;987,8;987,4;;24,1;24;24,4;24;24,2;23,8;100;97;100;300;1,7;,2;
2026/02/02;0800 UTC;0;987,8;987,8;987,4;;23,8;23,8;24,1;23,8;24;23,8;100;100;100;274;1;,3;
2026/02/02;0900 UTC;0;987,6;987,8;987,4;;23,6;23,6;23,9;23,6;23,8;23,6;100;99;100;106;1,6;,7;
2026/02/02;1000 UTC;0;988,1;988,1;987,6;83,6;23,9;23,8;23,9;23,5;23,8;23,5;100;99;99;114;1,2;,2;
2026/02/02;1100 UTC;0;989;989;988,1;688,7;26,3;24,2;26,3;23,9;24,6;23,8;99;88;89;142;1,9;,6;
2026/02/02;1200 UTC;0;989,1;989,2;989;1328,3;27,5;24,8;27,5;26,2;24,9;23,7;89;83;86;9;2,2;1,2;
2026/02/02;1300 UTC;0;989;989,3;989;2328,8;28,9;25,4;29,1;27,5;25,9;24,3;86;77;81;246;3,1;1;
2026/02/02;1400 UTC;0;989;989,1;988,9;2897,2;30,6;24,9;30,9;29;26,4;23,6;83;66;71;348;4,5;2,2;
2026/02/02;1500 UTC;0;988,5;989;988,5;3383;32,1;24,6;32,4;30,6;25,8;23,8;73;64;65;360;5,2;2,5;
2026/02/02;1600 UTC;0;987,6;988,5;987,6;3104,7;32,3;24,3;32,9;31,5;25,5;23,2;68;60;63;11;6,4;3,6;
2026/02/02;1700 UTC;0;986,1;987,6;986,1;3510,8;33,4;24,2;33,5;32,3;25,3;23,4;65;58;59;355;6,2;3;
2026/02/02;1800 UTC;0;984,5;986,1;984,5;1738,3;32,5;24,4;33,5;32,2;25;23,3;64;58;62;355;6,3;2,3;
2026/02/02;1900 UTC;0;983,8;984,5;983,6;903,9;31,5;25,1;32,8;31,4;25,2;23,9;69;61;69;37;4,6;2;
2026/02/02;2000 UTC;0;984,2;984,5;983,7;532,3;31,7;23;31,7;31,3;25,6;22,9;72;59;60;326;3;1,2;
2026/02/02;2100 UTC;0;984,8;984,8;984;343,8;30,7;26,5;32;30,7;26,5;22,4;78;58;78;141;2,7;1,7;
2026/02/02;2200 UTC;0;987,5;987,5;984,8;11,4;23,6;23,6;30,7;23,5;26,4;21,7;100;65;100;128;10,9;4,1;
2026/02/02;2300 UTC;0;987,5;988;987,5;;23,6;23,6;23,8;23,5;23,8;23,5;100;100;100;226;7,9;2,3;
2026/02/03;0000 UTC;0;989,6;989,6;987,5;,1;23,2;23,2;23,9;23,1;23,8;22,9;100;98;100;20;8,2;2,1;
2026/02/03;0100 UTC;0;990,2;990,3;989,6;;23,1;23,1;23,3;22,5;23,2;22,4;100;100;100;293;5,1;2,4;
2026/02/03;0200 UTC;0;989,7;990,3;989,6;1,4;23,1;22,6;23,3;22,8;23,2;21,9;100;93;97;228;4,9;,8;
2026/02/03;0300 UTC;,8;989,9;989,9;989,6;0;23,5;23,4;23,6;23,1;23,5;22,1;99;94;99;135;3,3;1,4;
2026/02/03;0400 UTC;2,2;990,2;990,5;989,8;,5;23,3;23,2;23,7;23,3;23,5;23;100;98;99;42;5,1;1,7;
2026/02/03;0500 UTC;4,6;989,7;990,4;989,7;;23;22,9;23,4;23;23,4;22,9;100;99;100;184;5,1;2,1;
2026/02/03;0600 UTC;7,2;989,4;989,7;989,2;;22,7;22,3;23;22,6;23;22,2;100;97;97;226;4,8;1,8;
2026/02/03;0700 UTC;7,4;989,8;989,8;989,4;;23;22,8;23,1;22,7;22,8;22,3;99;97;99;59;4,1;1,2;
2026/02/03;0800 UTC;7;989,4;990,3;989,4;,5;22,1;22;23,1;22,1;23;22;100;99;99;298;5,9;1,8;
2026/02/03;0900 UTC;6,6;989,3;989,4;988,7;;22,3;22,3;22,4;22;22,3;21,8;100;99;100;172;4,4;,7;
2026/02/03;1000 UTC;5,2;990,8;990,8;989,3;30;22,1;22,1;22,6;22,1;22,6;22,1;100;100;100;16;3,9;1,9;
2026/02/03;1100 UTC;2,4;991,8;991,8;990,8;232,3;22,4;22,2;22,4;21,9;22,3;21,8;100;99;99;360;6,9;1,5;
2026/02/03;1200 UTC;0;992,3;992,3;991,7;724;23,8;22,5;23,8;22,4;22,8;21,9;99;92;93;8;3,2;,9;
2026/02/03;1300 UTC;0;992,5;992,6;992,3;1214,2;25,3;23,8;25,3;23,6;23,8;21,9;93;86;91;296;2,6;1,1;
2026/02/03;1400 UTC;,2;992,5;992,6;992,4;2006,7;26,4;23,1;26,4;25,3;23,7;22,3;91;81;82;352;3,4;1;
2026/02/03;1500 UTC;0;991,9;992,5;991,9;2328,5;27,9;24,1;27,9;26,3;24,1;22,6;84;75;80;295;3,6;,9;
2026/02/03;1600 UTC;0;991,4;991,9;991,4;2691,6;28,8;23,4;29,3;27,7;24,6;22,1;80;67;73;59;4,1;1,7;
2026/02/03;1700 UTC;0;990,3;991,4;990,3;2192,8;29,6;23,8;29,8;28,4;24,8;22,9;76;69;71;131;4,5;1,1;
2026/02/03;1800 UTC;0;989,2;990,3;989,2;2328,9;29,9;23,2;30,2;28,9;24,6;22,5;75;65;67;210;3,2;1,4;
2026/02/03;1900 UTC;0;988,4;989,2;988,4;1665,1;29,5;23;30,4;29,5;24,3;22,6;71;65;68;141;3,1;1,3;
2026/02/03;2000 UTC;0;987,8;988,4;987,8;1082,6;29,7;23,4;29,9;29,1;24;22,7;73;67;69;146;3,1;1,7;
2026/02/03;2100 UTC;0;988;988;987,8;488,2;29,1;23,4;30,2;29,1;24,2;23;73;68;72;99;3,5;1,7;
2026/02/03;2200 UTC;0;988,6;988,7;988;58,5;27;24,5;29;27;24,6;23,4;86;72;86;133;4,4;1,9;
2026/02/03;2300 UTC;0;989,3;989,3;988,6;;26,3;24,4;27;26,3;24,7;24,4;91;86;89;167;3,5;1,3;
2026/02/04;0000 UTC;0;989,6;989,6;989,3;;25,9;24,4;26,4;25,9;24,6;24,3;92;89;92;167;2,8;1,7;
2026/02/04;0100 UTC;0;989,9;989,9;989,6;;25,5;24,2;25,9;25,5;24,5;24,2;94;91;93;178;2,8;1,3;
2026/02/04;0200 UTC;0;990,1;990,1;989,9;;25,1;24,3;25,6;25,1;24,4;24,1;96;92;95;203;2,4;1,6;
2026/02/04;0300 UTC;0;989,8;990,1;989,8;;24,9;24,2;25,1;24,9;24,3;24,2;96;95;96;198;2,5;1,3;
2026/02/04;0400 UTC;0;989,2;989,8;989,2;;24,9;23,9;25;24,9;24,2;23,9;96;94;94;232;2;1,1;
2026/02/04;0500 UTC;0;988,8;989,2;988,8;;24,8;24,1;25;24,6;24,3;23,7;97;94;96;328;1,8;1,1;
2026/02/04;0600 UTC;0;988,8;988,9;988,7;;24,5;24,3;24,9;24,5;24,4;24,1;99;96;99;346;1,7;,9;
2026/02/04;0700 UTC;0;988,7;988,8;988,6;;24,2;24,2;24,5;24,2;24,4;24,1;100;99;100;327;2;,4;
2026/02/04;0800 UTC;0;989,1;989,1;988,7;;24,1;24,1;24,3;24,1;24,3;24,1;100;100;100;293;,8;,2;
2026/02/04;0900 UTC;0;989,3;989,4;989,1;;24;24;24,1;24;24,1;24;100;100;100;196;,8;,3;
2026/02/04;1000 UTC;0;990,1;990,1;989,3;64,8;23,8;23,6;24;23,8;24;23,6;100;99;99;183;1,7;1,1;
2026/02/04;1100 UTC;0;990,9;990,9;990,1;469,8;25,2;24,5;25,2;23,8;24,6;23,7;99;96;96;124;1,9;,8;
2026/02/04;1200 UTC;0;991,2;991,3;990,8;1193,7;27,6;23,5;27,7;25,2;25;23,5;96;78;78;116;2,9;1,2;
2026/02/04;1300 UTC;0;991,3;991,4;991,2;2478,5;28,9;23,8;29,2;27,5;24,6;23,1;82;73;74;126;4,1;1,7;
2026/02/04;1400 UTC;0;990,7;991,3;990,7;3136,1;30,3;23,8;30,9;28,8;24,9;22,9;77;65;68;137;6,1;2,2;
2026/02/04;1500 UTC;0;990,5;990,7;990,5;3492,8;31,1;23;31,5;29,9;24,7;22,6;71;61;62;139;6,1;2,2;
2026/02/04;1600 UTC;0;989,6;990,5;989,6;3629,8;31,9;22,8;32,1;31,1;23,9;21,9;64;56;59;165;5,2;1,2;
2026/02/04;1700 UTC;0;988,7;989,6;988,7;3158,6;33,2;22,7;33,4;31,4;24;21,3;60;53;54;127;5,2;1,1;
2026/02/04;1800 UTC;0;987,7;988,7;987,7;3336,4;32,4;22;34;32,4;24,1;21,6;58;51;54;119;4,6;1,8;
2026/02/04;1900 UTC;0;986,7;987,7;986,7;2197,5;33,9;23,9;33,9;32,1;24,1;21,6;58;53;56;314;4,4;1,1;
2026/02/04;2000 UTC;0;986,1;986,7;986,1;1424,7;33,1;22,2;34,3;32,8;24,1;21,5;56;50;53;140;4,1;1,3;
2026/02/04;2100 UTC;0;986;986,1;985,8;469,5;32,4;22,4;33,8;32,4;23,2;22,1;57;51;56;124;3,8;1,7;
2026/02/04;2200 UTC;0;986,2;986,2;986;67,1;31,1;23,5;32,4;30,8;23,7;22;66;55;64;139;2,8;1,1;
2026/02/04;2300 UTC;0;986,8;986,8;986,2;;28;25,2;31,1;28;25,7;23,7;87;64;85;250;1,7;,5;
2026/02/05;0000 UTC;0;987,5;987,5;986,8;;28;24;29;27,5;25;23,9;85;77;79;217;2,6;1,4;
2026/02/05;0100 UTC;0;988,3;988,3;987,5;;27,1;24;28;27,1;24,3;23,6;84;79;83;226;2,6;,9;
2026/02/05;0200 UTC;0;988,8;988,8;988,2;;26,6;23,8;27,1;26,6;24,3;23,8;87;83;84;224;2,2;1,1;
2026/02/05;0300 UTC;0;989,1;989,1;988,8;;26,1;23,8;26,6;26,1;24;23,3;87;82;87;261;2,3;,4;
2026/02/05;0400 UTC;0;988,4;989,1;988,4;;26;23,9;26,4;25,9;24,3;23,4;90;84;88;261;1,4;,5;
2026/02/05;0500 UTC;0;988,1;988,4;988;;25,6;23,8;26,3;25,6;24,4;23,4;92;85;90;316;2,2;,8;
2026/02/05;0600 UTC;0;987,7;988,1;987,7;;24,8;24,2;25,7;24,8;24,5;23,7;97;89;96;7;1,6;,5;
2026/02/05;0700 UTC;0;987,8;987,8;987,6;;24,6;24,2;24,8;24,6;24,3;23,9;98;96;98;13;1,4;,4;
2026/02/05;0800 UTC;0;987,6;987,9;987,6;;24,3;24;24,6;24,3;24,3;24;99;98;98;160;1,3;,8;
2026/02/05;0900 UTC;0;987,5;987,6;987,5;;24,2;24;24,3;24,2;24;23,7;98;96;98;208;1,9;,5;
2026/02/05;1000 UTC;0;987,9;987,9;987,5;63,6;24,6;24;24,6;24,2;24,2;23,7;99;96;96;40;2;,7;
2026/02/05;1100 UTC;0;988,5;988,5;987,9;761,1;27,2;23,6;27,4;24,6;24,6;23,5;96;80;81;146;1,9;,9;
2026/02/05;1200 UTC;0;989;989;988,5;1640,7;29,9;24,3;29,9;27,2;24,6;23,2;83;72;72;163;2,9;1,4;
2026/02/05;1300 UTC;0;989;989,1;988,9;2465,3;31,8;24,5;31,8;29,7;24,6;23,5;73;63;65;149;4;1,5;
2026/02/05;1400 UTC;0;988,8;989;988,7;3023,2;32,5;23,7;33;31,8;24,9;23,1;66;57;60;125;5,1;1,8;
2026/02/05;1500 UTC;0;988,1;988,8;988,1;3397,7;33,2;23,2;33,5;31,8;25;22,8;63;56;56;148;5,1;1,6;
2026/02/05;1600 UTC;0;987,3;988,1;987,3;3192,1;33,3;22,6;34,2;32,7;24,2;22,6;61;52;54;142;6;2,5;
2026/02/05;1700 UTC;0;986,2;987,3;986,2;3024,3;34;23,6;34,5;32,8;23,9;22;58;49;55;125;4,9;2,1;
2026/02/05;1800 UTC;0;984,8;986,2;984,8;3147,1;34,7;21,9;34,9;33,3;24,1;21,5;56;47;47;139;5,2;1,4;
2026/02/05;1900 UTC;0;983,8;984,8;983,8;2625,4;34,2;22,4;35;34,1;23,5;20,8;53;44;51;192;5,5;2,6;
2026/02/05;2000 UTC;0;983,2;983,8;983,2;1797,4;33,9;22,9;34,5;33,6;23,7;22,6;56;51;53;159;6,5;2,4;
2026/02/05;2100 UTC;0;983,6;983,6;983,2;393,8;33;22,8;34,2;33;23,3;22;56;50;55;171;5,1;1,8;
2026/02/05;2200 UTC;0;984,5;984,5;983,6;74,9;31,8;23;33;31,6;23,2;22,5;60;55;60;197;3;1,1;
2026/02/05;2300 UTC;;;;;;;;;;;;;;;;;;
2026/02/06;0000 UTC;;;;;;28,3;;29,9;28,3;;;80;72;80;;;;
2026/02/06;0100 UTC;;;;;;27,7;;28,4;27,7;;;;;;;;;
2026/02/06;0200 UTC;0;987;987;986,3;;27,6;24,2;28,1;27,6;25,4;23,8;87;78;82;339;5,7;1,4;
2026/02/06;0300 UTC;0;987,2;987,4;987;;26,7;24,7;27,6;26,7;24,8;23,7;89;80;89;348;3;1,3;
2026/02/06;0400 UTC;0;987,1;987,3;987,1;;26,5;24,3;26,7;26,4;24,9;24,2;91;87;88;326;2,6;1;
2026/02/06;0500 UTC;0;986,9;987,1;986,9;;26,2;24,4;26,7;26,2;24,6;24;90;86;90;10;3;1,9;
2026/02/06;0600 UTC;0;986,6;987;986,5;;25,6;24,4;26,2;25,6;24,7;24,2;94;90;93;326;3;,8;
2026/02/06;0700 UTC;0;986,2;986,7;986,1;;25,8;24,5;26,2;25,6;24,8;23,6;94;87;92;218;3;1,3;
2026/02/06;0800 UTC;0;986,1;986,2;986;;25,8;23,9;26,2;25,8;24,7;23,9;94;88;89;19;2,9;2;
2026/02/06;0900 UTC;0;986;986,2;986;;25,1;24,2;25,8;25,1;24,4;23,9;95;89;95;347;3,2;1,2;
2026/02/06;1000 UTC;0;987;987,1;986;44,9;25,1;24;25,4;25;24,3;23,8;95;91;93;339;3,5;1;
2026/02/06;1100 UTC;0;988,3;988,3;987;311,5;26;24,1;26,1;25,1;24,6;23,8;94;90;90;183;6,3;3,5;
2026/02/06;1200 UTC;0;988,8;989;988,3;901,1;27,9;24,5;28;26;24,8;24;91;81;82;181;6,3;1,2;
2026/02/06;1300 UTC;0;989;989;988,6;1703,7;28,7;24,7;29,2;28;25,4;23,9;83;75;79;109;3,6;1;
2026/02/06;1400 UTC;0;989;989;988,9;764,3;25,6;24,4;29,5;25,5;25,6;24,1;96;77;94;323;4,4;1,3;
2026/02/06;1500 UTC;0;989,2;989,3;988,8;221,9;24,9;24,6;25,5;24,8;25,1;24;99;91;98;223;4,8;2,5;
2026/02/06;1600 UTC;0;987,9;989,2;987,9;174,4;24,2;23,4;25,2;24;24,7;23,2;98;95;96;183;6;1,2;
2026/02/06;1700 UTC;0;985,9;987,9;985,9;345,3;25,1;25;25,1;24,1;25;23,5;99;96;99;225;4,3;1,4;
2026/02/06;1800 UTC;0;984,9;986,2;984,8;1095,9;28,2;24,6;28,5;25;26,4;24,6;99;81;81;298;3;1,1;
2026/02/06;1900 UTC;0;984,9;985,1;984,6;2387;29,5;27,3;30,2;28,2;27,4;24,4;91;76;88;12;4,1;2;
2026/02/06;2000 UTC;0;985,1;985,1;984,5;710,2;27,2;25,5;29,5;27,2;27,3;25,2;91;81;90;107;6,2;2,4;
2026/02/06;2100 UTC;0;985,8;985,8;985,1;239,6;24,6;23,4;27,2;24,5;25,7;23,3;94;88;93;92;8;2;
2026/02/06;2200 UTC;0;986,1;986,6;985,8;22,1;24,1;23,2;24,6;24,1;23,8;23,1;96;92;95;352;4,3;1,9;
2026/02/06;2300 UTC;;;;;;24;;24,2;23,9;;;;;;;;;
2026/02/07;0000 UTC;,2;987,3;987,3;985,8;;24;23;24,2;23,9;23,2;22,6;94;91;94;149;4,2;,6;
2026/02/07;0100 UTC;0;988,1;988,1;987,3;;23,9;23,3;24,1;23,9;23,6;23,1;98;94;97;277;1,8;,5;
2026/02/07;0200 UTC;0;988,9;988,9;988,1;;24,1;23,4;24,2;23,9;23,5;23,1;97;95;96;105;2;,6;
2026/02/07;0300 UTC;0;988,7;988,9;988,7;;23,6;23,1;24,1;23,6;23,4;23,1;98;96;98;168;2,1;,3;
2026/02/07;0400 UTC;0;988,4;988,7;988,4;;23,3;23,1;23,6;23,3;23,3;23;99;97;99;37;2,1;,3;
2026/02/07;0500 UTC;0;988,7;988,8;988,4;;23,4;23,3;23,4;23,3;23,3;23,1;100;99;100;121;2;1,1;
2026/02/07;0600 UTC;0;987,7;988,7;987,7;;23,5;23,4;23,5;23,3;23,4;23,2;100;99;100;41;1,8;,5;
2026/02/07;0700 UTC;0;987,1;987,7;987,1;;23,4;23,4;23,5;23,3;23,4;23,3;100;99;100;224;1,2;,7;
2026/02/07;0800 UTC;0;988,2;988,2;987,1;;23,2;23,2;23,4;23,2;23,4;23,2;100;100;100;105;1,7;,9;
2026/02/07;0900 UTC;,2;988,7;988,7;988,2;;23,2;23,2;23,3;23,1;23,3;23,1;100;100;100;196;2;,5;
2026/02/07;1000 UTC;,2;989,5;989,5;988,7;44,1;23,5;23,5;23,5;23,2;23,5;23,2;100;100;100;2;1,8;,6;
2026/02/07;1100 UTC;,2;990,6;990,7;989,5;170,6;24;23,6;24,1;23,5;23,9;23,5;100;98;98;232;2,7;,9;
2026/02/07;1200 UTC;1;992;992,1;990,6;67,9;22,7;22,7;24,3;22,6;23,8;22,6;100;96;100;311;7,3;2,2;
2026/02/07;1300 UTC;10,6;992,7;992,9;992;39,9;21,4;21,4;22,8;21,1;22,8;21,1;100;100;100;333;8,1;3,2;
2026/02/07;1400 UTC;14,6;992,9;993,1;992,7;125,9;22;21,6;23;21,3;22,9;21,3;100;98;98;248;8,1;2,6;
2026/02/07;1500 UTC;14,4;992,5;993,1;992,5;360,6;23,4;23,4;23,6;22;23,6;21,7;100;98;100;294;6;1,9;
2026/02/07;1600 UTC;13,6;991,5;992,5;991,5;631,4;24,2;23,7;24,3;23,4;24;23,4;100;97;97;316;4,6;1,6;
2026/02/07;1700 UTC;12,6;990,1;991,5;990,1;810,8;24,8;24,2;25;24,2;24,5;23,7;99;95;96;353;4,2;1,9;
2026/02/07;1800 UTC;6,6;989,3;990,1;989,3;852,5;25,4;23,9;25,4;24,7;24,5;23,5;97;91;92;354;3,5;1,7;
2026/02/07;1900 UTC;0;988,7;989,3;988,7;989,1;25,9;23,7;26;25,2;24,1;23,2;92;86;88;8;3,2;1,9;
2026/02/07;2000 UTC;0;988,3;988,7;988,2;978,7;25,7;24,5;26;25,4;24,5;23,3;93;86;93;30;3,8;1,9;
2026/02/07;2100 UTC;0;988,8;988,8;988,2;404,9;24,9;23,8;25,7;24,9;24,6;23,8;95;91;94;39;3,5;1,5;
2026/02/07;2200 UTC;0;989,5;989,5;988,8;84,9;24,5;24,1;25;24,5;24,2;23,6;98;92;98;109;3;1,1;
2026/02/07;2300 UTC;0;990,1;990,1;989,5;;24;23,8;24,5;23,9;24,1;23,7;99;98;99;153;2,5;,5;
2026/02/08;0000 UTC;0;991,3;991,3;990,1;;24;24;24,1;23,9;24;23,7;100;99;100;289;1;,3;
2026/02/08;0100 UTC;0;992,3;992,3;991,3;;24;24;24,1;24;24,1;23,9;100;99;100;218;1;,1;
2026/02/08;0200 UTC;0;992,6;992,8;992,3;;24;24;24,2;24;24,2;23,9;100;100;100;302;1;,6;
2026/02/08;0300 UTC;0;992,4;992,7;992,4;;24;24;24,1;24;24,1;23,9;100;100;100;320;1,3;,5;
2026/02/08;0400 UTC;0;991,7;992,4;991,7;;23,9;23,9;24,1;23,9;24,1;23,9;100;100;100;344;2;1,1;
2026/02/08;0500 UTC;0;991;991,7;991;;24,1;24,1;24,1;23,9;24,1;23,9;100;100;100;348;3,1;1,4;
2026/02/08;0600 UTC;0;990,2;991;990,2;;23,9;23,6;24,1;23,7;24,1;23,4;100;98;98;327;3,3;1,2;
2026/02/08;0700 UTC;,2;990,6;990,6;990,2;;23,5;23,2;23,9;23,5;23,8;23,2;100;98;98;341;3,3;1,9;
2026/02/08;0800 UTC;,6;991,2;991,2;990,6;;23,3;23,3;23,5;23,3;23,4;23,1;100;98;100;358;3,9;1,1;
2026/02/08;0900 UTC;,2;991,4;991,4;991,2;;23,1;23,1;23,3;23,1;23,3;23,1;100;100;100;4;3,7;2,2;
2026/02/08;1000 UTC;0;992,1;992,1;991,4;30;23,2;23,2;23,2;23;23,2;23;100;100;100;8;5,4;2,3;
2026/02/08;1100 UTC;,2;992,8;992,8;992,1;265;23,1;22,7;23,2;22,9;23,2;22,7;100;98;98;3;5,2;2,8;
2026/02/08;1200 UTC;0;993;993;992,7;550,6;23,9;23,1;23,9;23;23,2;22,6;98;95;95;6;6,5;3,8;
2026/02/08;1300 UTC;0;993,4;993,4;992,9;849,1;24,7;23;24,8;23,7;23,5;22,6;95;90;91;6;7,3;3,1;
2026/02/08;1400 UTC;0;993,3;993,6;993,3;1652,5;25,9;22,8;26,3;24,6;23,5;22,6;92;82;83;11;7,3;4,3;
2026/02/08;1500 UTC;0;992,9;993,4;992,9;1559,9;26,4;22,5;26,6;25,8;23,6;22,4;85;79;79;3;7,4;4,8;
2026/02/08;1600 UTC;0;991,9;992,9;991,9;1585,3;27,2;22,8;27,2;26,3;23,8;22,5;82;76;77;360;7,4;3,5;
2026/02/08;1700 UTC;0;990,8;991,9;990,8;1610,5;28,3;23,2;28,4;27,1;23,6;22,5;79;72;74;8;6,2;3,3;
2026/02/08;1800 UTC;0;989,8;990,8;989,8;1959,6;29;22,2;29,2;28,2;23,8;22,2;76;67;67;21;5,6;3,5;
2026/02/08;1900 UTC;0;988,7;989,8;988,7;1405,3;28,7;22,3;30;28,2;23,9;22,1;75;66;68;20;6,3;3,3;
2026/02/08;2000 UTC;0;988,5;988,7;988,4;1219,6;28,3;23;29,3;28,3;23,6;22,1;75;68;73;35;5,5;2,2;
2026/02/08;2100 UTC;0;988,3;988,5;988,3;477,6;28,4;22,8;28,9;28,3;23,7;22,6;75;70;72;27;4,5;2,4;
2026/02/08;2200 UTC;0;988,9;988,9;988,3;96,8;26,6;23,5;28,4;26,6;23,9;22,7;83;71;83;335;3,6;1,1;
2026/02/08;2300 UTC;0;989,1;989,1;988,9;;25,5;23,9;26,6;25,5;24,1;23,6;92;83;91;347;1,9;1;
2026/02/09;0000 UTC;0;989,7;989,7;989,1;;25,3;23,6;25,6;24,9;24,4;23,4;93;90;90;327;2;1,1;
2026/02/09;0100 UTC;0;990,6;990,6;989,7;;24,5;23,7;25,3;24,5;24,3;23,6;96;90;95;325;2;,6;
2026/02/09;0200 UTC;0;990,9;990,9;990,6;;24,3;23,6;24,6;24,3;23,8;23,6;96;95;96;323;1,8;,8;
2026/02/09;0300 UTC;0;990,6;991;990,6;;23,8;23,5;24,3;23,7;23,7;23,3;99;96;98;354;1,6;,7;
2026/02/09;0400 UTC;0;990;990,6;989,9;;23,5;23,1;23,9;23,5;23,6;23,1;99;97;98;354;2,5;1,1;
2026/02/09;0500 UTC;0;989,8;990,1;989,8;;23,5;22,8;23,7;23,4;23,1;22,6;98;94;96;330;3,3;1;
2026/02/09;0600 UTC;0;989,6;989,8;989,6;;23,2;22,2;23,5;23,2;22,8;22,2;96;94;94;314;3,3;1,5;
2026/02/09;0700 UTC;0;989,6;989,6;989,5;;23;22,1;23,3;23;22,4;22;95;93;95;306;3,4;1,1;
2026/02/09;0800 UTC;0;989,5;989,7;989,4;;22,8;22,4;23;22,8;22,5;22,1;98;95;98;30;2,1;,6;
2026/02/09;0900 UTC;0;989,8;989,8;989,4;;22,5;22,4;22,8;22,4;22,5;22,3;100;98;100;152;1,5;,6;
2026/02/09;1000 UTC;0;990,4;990,4;989,8;51,4;22,6;22,4;22,6;22,4;22,4;22,3;100;99;99;159;1,2;,6;
2026/02/09;1100 UTC;0;991;991;990,4;479,2;24,5;22,7;24,6;22,6;23,1;22;99;89;90;353;1,1;,2;
2026/02/09;1200 UTC;0;991,8;991,8;991;773,8;25,5;22,9;25,5;24,5;23,5;22,3;91;85;85;343;1,9;,7;
2026/02/09;1300 UTC;0;991,9;992;991,8;1510,6;26,5;23,2;26,5;25,3;23,5;22,3;85;81;82;12;3,4;2,4;
2026/02/09;1400 UTC;0;991,6;991,9;991,6;2161,3;28,1;23,9;28,1;26,5;24,4;23,2;84;76;78;344;4;1,8;
2026/02/09;1500 UTC;0;991;991,6;991;1917,9;28,9;23,2;29;27,7;24,3;23,1;80;71;71;10;4,9;3,2;
2026/02/09;1600 UTC;0;990,2;991;990,2;2438;29,8;23,5;29,9;28,9;24,1;22,6;74;67;69;352;5,5;2,1;
2026/02/09;1700 UTC;0;989,3;990,2;989,2;2084,3;27,9;21,7;30,5;27,9;23,8;21,7;71;65;69;9;8,6;3,9;
2026/02/09;1800 UTC;0;988;989,4;988;1521,1;27,7;22,5;28,2;26,4;23,3;21,3;79;69;74;14;8,6;3,4;
2026/02/09;1900 UTC;0;987;988;987;1317,5;29,3;23,1;29,4;27,7;23,7;21,3;74;67;69;337;6,9;2;
2026/02/09;2000 UTC;0;987;987;986,7;892,2;27,6;21,7;29,6;27,6;24,2;21,4;74;66;70;355;9,8;4,4;
2026/02/09;2100 UTC;0;987,3;987,3;987;314,7;26,1;21,8;27,6;26;22,6;21,1;81;71;77;269;9,8;1,4;
2026/02/09;2200 UTC;0;987,5;987,5;987,1;87,6;25,6;23,2;26,4;25,6;23,7;21,8;88;77;86;295;3,1;,5;
2026/02/09;2300 UTC;;;;;;;;;;;;;;;;;;
2026/02/10;0000 UTC;0;988,2;988,2;987,6;;24,8;24,2;25,4;24,7;24,2;23,4;96;89;96;261;2,3;,3;
2026/02/10;0100 UTC;0;989;989;988,2;;24,5;23,7;24,8;24,4;24,1;23,7;97;95;95;224;1,7;,9;
2026/02/10;0200 UTC;0;989,7;989,7;989;;24,3;23,7;24,6;24,2;23,9;23,4;97;94;97;287;1,8;,3;
2026/02/10;0300 UTC;0;989,5;989,7;989,5;;24;23,5;24,3;23,9;23,8;23,4;98;96;97;198;1,3;,4;
2026/02/10;0400 UTC;0;988,9;989,5;988,9;;23,6;23,3;24;23,6;23,6;23,3;99;97;98;194;,9;,4;
2026/02/10;0500 UTC;0;988,6;988,9;988,6;;23,8;23,7;23,9;23,5;23,8;23,2;100;98;100;341;1,4;,7;
2026/02/10;0600 UTC;0;988;988,6;988;;23,7;23,3;23,8;23,6;23,7;23,3;100;98;98;332;1,3;,5;
2026/02/10;0700 UTC;0;988,1;988,2;988;;23,6;23,5;24;23,5;23,5;23;100;95;100;130;1,6;1;
2026/02/10;0800 UTC;0;988,7;988,7;988,1;;23,5;23,2;23,6;23,4;23,5;23,1;100;98;98;118;1,7;,7;
2026/02/10;0900 UTC;0;989,1;989,1;988,7;;23,5;23,3;23,6;23,4;23,4;23,1;99;98;99;41;1;,4;
2026/02/10;1000 UTC;0;989,9;989,9;989,1;27,8;23,7;23,5;23,7;23,5;23,6;23,3;100;99;99;211;,9;,3;
2026/02/10;1100 UTC;0;990,8;990,8;989,9;374,6;25,2;24,3;25,2;23,6;24,3;23,4;99;95;95;335;1,1;,5;
2026/02/10;1200 UTC;0;991,2;991,2;990,8;1521,3;28,6;24;28,6;25,2;24,4;23,1;95;73;76;308;4,3;1,3;
2026/02/10;1300 UTC;0;991,3;991,3;991,1;2265,1;29,3;22,2;29,7;28,2;24,6;21,9;77;64;66;313;5,4;2,6;
2026/02/10;1400 UTC;0;991,2;991,3;991,2;2404,1;29,9;23,1;30,3;29,3;23,6;22,2;69;63;67;342;5,3;2,2;
2026/02/10;1500 UTC;0;990,4;991,2;990,4;2009,7;30;22,8;31,1;29,5;23,6;22;70;61;65;322;4,6;1,9;
2026/02/10;1600 UTC;;;;;;30,1;;30,9;29,7;;;;;;;;;
2026/02/10;1700 UTC;0;988,3;989,2;988,3;1985,2;28,4;24;30,8;27,9;24;22,5;78;62;77;303;7,5;2,1;
2026/02/10;1800 UTC;0;987,8;988,3;987,8;934;27,4;22,5;28,7;27,4;24,3;22,3;78;72;74;294;5,5;1,7;
2026/02/10;1900 UTC;0;987,5;988;987,5;935,1;27,3;22,7;27,6;26,6;23,7;22,3;83;74;76;319;5,7;1,9;
2026/02/10;2000 UTC;0;987,7;987,7;987,5;1065,3;27,7;22,3;28,3;27,3;23,5;22,2;76;72;72;198;4,4;1,2;
2026/02/10;2100 UTC;0;988,4;988,4;987,7;249,1;26,6;23;27,8;26,6;23,8;22,5;81;73;81;292;4,7;1,5;
2026/02/10;2200 UTC;0;989,5;989,5;988,4;30,9;26,1;23,9;26,6;26,1;23,9;22,9;87;80;87;138;3,4;1,9;
2026/02/10;2300 UTC;0;990,7;990,7;989,5;;23,9;23,6;26,1;23,9;24,2;23,4;99;87;99;113;5,8;2;
2026/02/11;0000 UTC;0;991,1;991,2;990,7;;23,2;23,2;23,9;23,2;23,7;23,2;100;99;100;332;4,8;1,7;
2026/02/11;0100 UTC;0;991;991,4;991;;23,5;23,5;23,6;23,1;23,6;23,1;100;100;100;243;2,9;1;
2026/02/11;0200 UTC;;;;;;23;;;;;;;;;;;;
2026/02/11;0300 UTC;0;990,7;991,3;990,7;;23,4;23,4;23,7;23,3;23,7;23,3;100;100;100;337;2,3;,7;
2026/02/11;0400 UTC;0;989,9;990,7;989,9;;23,3;23,3;23,5;23,2;23,5;23,2;100;100;100;65;1,6;,3;
2026/02/11;0500 UTC;0;989,4;989,9;989,4;;23,4;23,4;23,4;23,2;23,4;23,2;100;100;100;135;1,4;,6;
2026/02/11;0600 UTC;,2;989,2;989,4;989,2;;23,4;23,4;23,5;23,4;23,5;23,4;100;100;100;93;1,4;,7;
2026/02/11;0700 UTC;,2;989,4;989,4;989,2;;23,2;23,1;23,5;23,2;23,5;23,1;100;100;100;63;2,7;1;
2026/02/11;0800 UTC;,2;989,9;989,9;989,4;;23,2;23,2;23,3;23,1;23,3;23,1;100;100;100;77;1,9;,6;
2026/02/11;0900 UTC;,2;990,1;990,1;989,9;;23,3;23,3;23,4;23,2;23,4;23,2;100;100;100;140;2,5;1,4;
2026/02/11;1000 UTC;,2;990,5;990,5;990,1;25,6;23,2;23,2;23,3;23,2;23,3;23,2;100;100;100;160;2,6;1,3;
2026/02/11;1100 UTC;,2;991,4;991,4;990,5;157,9;23,7;23,5;23,8;23,2;23,6;23,2;100;99;99;190;2,8;1,2;
2026/02/11;1200 UTC;,2;992;992;991,4;546,2;24,4;23,3;24,9;23,7;24,2;23,2;99;93;93;115;2,5;1;
2026/02/11;1300 UTC;,2;992,3;992,3;992;1210,3;26,3;24,1;26,4;24,4;24,6;23,3;95;86;88;234;2,6;,7;
2026/02/11;1400 UTC;,8;992,3;992,4;992,2;2635;28,2;24,1;28,5;26,3;24,8;23,3;90;76;79;103;3,4;1,5;
2026/02/11;1500 UTC;,8;991,6;992,3;991,6;2655,8;29,1;24,6;29,3;27,8;24,6;23,3;80;72;77;69;3,7;1,7;
2026/02/11;1600 UTC;0;990,8;991,6;990,8;2883,3;29,3;23,7;30,6;29,1;25,4;22,7;78;65;72;83;4,2;1,8;
2026/02/11;1700 UTC;0;989,3;990,8;989,3;2201,8;29,3;24,3;30,4;28,7;24,8;22,4;79;64;74;21;5,9;1,7;
2026/02/11;1800 UTC;0;988,2;989,3;988,2;2473,8;30,1;23,8;31,6;29,4;25;23,3;76;63;69;76;5,5;2,6;
2026/02/11;1900 UTC;0;987,4;988,2;987,3;1357;29,2;22,1;30,5;29,1;24;22,1;72;65;66;41;4,9;2;
2026/02/11;2000 UTC;0;986,7;987,4;986,7;709;29;22,7;29,4;29;23,1;21,8;70;64;69;114;3,5;1,2;
2026/02/11;2100 UTC;0;987,3;987,3;986,7;340,9;28,6;22,7;29;28,6;23,4;22,3;73;68;71;49;2,5;,9;
2026/02/11;2200 UTC;0;987,5;987,5;987,3;66,9;27,2;24,8;28,6;27,2;24,9;22,7;87;71;87;23;1,6;,7;
2026/02/11;2300 UTC;0;988,2;988,2;987,5;;26,5;25;27,2;26;25;24;93;86;91;200;2;,7;
2026/02/12;0000 UTC;0;989;989;988,2;;26,1;24,4;26,5;26,1;25;24,4;92;90;90;160;2,1;,7;
2026/02/12;0100 UTC;0;989,6;989,7;989;;25,5;25,1;26,2;25,5;25,3;24,4;98;90;98;214;1,1;,2;
2026/02/12;0200 UTC;0;990,8;990,8;989,6;;25,6;25,2;25,9;25,5;25,3;25;98;96;98;144;3,1;1,5;
2026/02/12;0300 UTC;0;990,4;991,1;990,4;,1;23,2;23;25,6;23;25,2;22,6;100;93;98;21;6,9;1,2;
2026/02/12;0400 UTC;0;990,1;990,5;990;;23,2;23,1;23,3;23;23,2;22,7;100;98;100;321;3,8;1,5;
2026/02/12;0500 UTC;0;989,5;990,1;989,5;;23;23;23,2;23;23,2;22,9;100;99;100;322;3,8;1,3;
2026/02/12;0600 UTC;0;989,2;989,5;989,1;;23;22,9;23,1;23;23,1;22,9;100;100;100;318;2,8;,8;
2026/02/12;0700 UTC;0;988,6;989,2;988,6;;23;22,9;23,2;22,9;23,1;22,7;100;98;100;328;1,9;,9;
2026/02/12;0800 UTC;0;988,6;988,7;988,6;;22,9;22,9;23,1;22,7;23,1;22,7;100;100;100;303;2,2;,5;
2026/02/12;0900 UTC;0;988,9;988,9;988,5;;22,7;22,7;22,9;22,7;22,9;22,7;100;100;100;244;1,3;,4;
2026/02/12;1000 UTC;0;989,1;989,1;988,9;57,1;23;23;23,2;22,6;23,2;22,6;100;100;100;89;1,3;,6;
2026/02/12;1100 UTC;,2;989,8;989,8;989,1;573,4;24,2;23,5;24,2;23;23,7;23;100;96;96;2;1,8;,7;
2026/02/12;1200 UTC;0;990,8;990,8;989,8;1399,6;26,2;23,6;26,8;24,2;24,2;23;96;82;86;44;2,1;,6;
2026/02/12;1300 UTC;0;991,3;991,3;990,8;2012,9;27,6;23,9;27,9;25,9;25;23,4;89;78;80;358;4,2;2,3;
2026/02/12;1400 UTC;0;990,7;991,4;990,7;2588,9;28,5;23,4;29,4;27,5;24,7;23;83;71;74;340;5,3;2,5;
2026/02/12;1500 UTC;0;990,1;990,7;990;2507,3;30,2;23,8;30,3;28,5;24,6;23,2;77;69;69;7;6,5;3,3;
2026/02/12;1600 UTC;0;989;990,1;989;2431,8;29,8;24,1;30,6;29,6;24,1;22,4;72;63;71;12;6,1;2,1;
2026/02/12;1700 UTC;0;987,4;989;987,4;3348,3;31,6;23,6;31,7;29,8;24,4;22,8;71;61;62;24;6,6;3,6;
2026/02/12;1800 UTC;0;986,4;987,4;986,4;2297;31;24;32;30,6;24,5;22,7;68;59;67;26;6,6;1,8;
2026/02/12;1900 UTC;0;985,8;986,4;985,8;204,5;29,1;23,9;31;29,1;24;23,2;74;64;74;60;4,1;1,7;
2026/02/12;2000 UTC;0;986,7;986,7;985,7;31,2;25,3;24;29,1;25,3;24,4;23,7;93;74;92;160;4,8;1,3;
2026/02/12;2100 UTC;0;987,3;987,3;986,7;39,1;24,9;24,4;25,3;24,8;24,6;23,9;98;92;97;188;4;1,6;
2026/02/12;2200 UTC;,2;987,7;987,9;987,3;9,7;25,1;24,8;25,2;24,7;24,8;24,3;98;95;98;237;3,5;,5;
2026/02/12;2300 UTC;0;988,5;988,5;987,6;;25,1;24,8;25,3;25;25,1;24,7;99;98;98;57;2,1;,3;
2026/02/13;0000 UTC;0;989,4;989,4;988,5;;24,8;24,7;25,3;24,6;25,1;24,5;100;98;100;79;2,3;,4;
2026/02/13;0100 UTC;0;990;990;989,4;;24,7;24,7;24,9;24,6;24,9;24,5;100;99;100;342;2,3;1,1;
2026/02/13;0200 UTC;0;990,5;990,5;990;;24,4;24,4;24,8;24,4;24,7;24,3;100;100;100;312;2,3;,6;
2026/02/13;0300 UTC;0;990,6;990,6;990,4;;24,4;24,3;24,5;24;24,5;23,9;100;99;99;176;2,5;1,2;
2026/02/13;0400 UTC;,2;990,1;990,6;990,1;;23,9;23,9;24,4;23,9;24,4;23,9;100;99;100;140;3,5;1;
2026/02/13;0500 UTC;0;989,8;990,1;989,7;;23,4;23,4;24;23,4;23,9;23,4;100;100;100;147;2,8;1,5;
2026/02/13;0600 UTC;0;989,1;989,8;989,1;;22,9;22,9;23,4;22,9;23,4;22,9;100;100;100;155;3;1,4;
2026/02/13;0700 UTC;0;989;989,1;988,8;;22,6;22,6;22,9;22,6;22,9;22,6;100;100;100;163;6,3;3,1;
2026/02/13;0800 UTC;0;989,2;989,2;989;;22,6;22,5;22,7;22,5;22,6;22,5;100;99;99;161;6,4;2,4;
2026/02/13;0900 UTC;,2;989,5;989,5;989,2;;22,5;22,5;22,7;22,5;22,6;22,5;100;99;100;178;5,4;1,8;
2026/02/13;1000 UTC;0;990;990;989,5;49,2;22,6;22,5;22,6;22,5;22,5;22,4;100;99;99;169;3,6;1,6;
2026/02/13;1100 UTC;0;991,2;991,2;990;576,2;23,7;22,5;24,1;22,6;23,3;22,3;99;92;93;188;4,3;1,9;
2026/02/13;1200 UTC;0;992,7;992,7;991,2;946,4;24,2;22,9;24,9;23,7;23,2;22,3;93;87;93;109;7,4;3,1;
2026/02/13;1300 UTC;0;993;993,2;992,6;170,4;22,4;22,3;24,1;22,1;23,1;21,7;100;93;99;289;8;1,5;
2026/02/13;1400 UTC;0;992,7;993;992,7;262;22,6;22,2;22,7;22,1;22,6;21,9;100;98;98;181;3,9;1;
2026/02/13;1500 UTC;0;991,9;992,7;991,9;1821,7;25,7;24,2;25,7;22,6;24,2;22,2;98;87;91;350;3,6;1,8;
2026/02/13;1600 UTC;0;990,9;991,9;990,9;4179,3;27,4;23,2;27,7;25,6;24,6;21,5;91;74;78;39;4,7;2,4;
2026/02/13;1700 UTC;0;989,3;990,9;989,3;2352,2;27,7;23,6;28,3;27,2;24,5;22,4;81;74;79;329;4,7;1,6;
2026/02/13;1800 UTC;0;987,7;989,3;987,7;2020,7;28,2;23,4;29;27,7;25,3;23;83;72;75;17;3,6;1,4;
2026/02/13;1900 UTC;,2;987,6;987,7;987,4;464,1;26,6;23,5;28,4;26,6;24,3;22,9;85;73;83;299;4,1;2,1;
2026/02/13;2000 UTC;,4;988;988;987,5;396,1;25,9;23,7;26,8;25,9;24;22,9;89;80;88;2;4,1;1,8;
2026/02/13;2100 UTC;,2;988,4;988,6;987,9;260,1;25,5;23,4;25,9;25,5;23,9;23;89;85;88;339;3,6;1,6;
2026/02/13;2200 UTC;,4;989;989;988,3;50,1;24,9;23,2;25,5;24,9;23,6;23;92;87;90;301;3,3;1,2;
2026/02/13;2300 UTC;;990;990;989;;22,6;21,9;25,2;22,4;23,4;21,5;98;90;96;157;6,6;,7;
2026/02/14;0000 UTC;;;;;;;;;;;;;;;;;;
2026/02/14;0100 UTC;;;;;;22,4;21,9;22,7;22,3;;;98;94;97;;;;
2026/02/14;0200 UTC;,2;991,9;991,9;991,3;;22,3;21,9;22,4;22,2;22;21,5;98;95;98;217;2,6;1,1;
2026/02/14;0300 UTC;,4;991,1;991,9;991;;22,3;21,8;22,4;22,3;22,1;21,8;98;97;97;297;4;2,1;
2026/02/14;0400 UTC;,4;990,8;991,2;990,8;;22,6;22,3;22,7;22,3;22,5;21,8;99;96;98;331;5,6;1,1;
2026/02/14;0500 UTC;,4;989,8;990,8;989,8;;22,1;21,9;22,7;22;22,5;21,7;99;98;99;328;4,6;1,6;
2026/02/14;0600 UTC;,2;989;989,9;989;;22,1;21,8;22,1;22;22;21,7;100;98;99;309;4,3;1,4;
2026/02/14;0700 UTC;,4;988,8;989;988,8;;22;21,6;22,1;21,9;21,9;21,5;99;97;97;329;3,1;1,5;
2026/02/14;0800 UTC;,2;989,6;989,6;988,7;;22,2;21,4;22,2;21,8;21,6;21,2;98;95;95;101;2,6;1,2;
2026/02/14;0900 UTC;,4;989,6;989,7;989,5;;21,8;21,7;22,2;21,7;21,7;21,4;99;95;99;135;2,1;,6;
2026/02/14;1000 UTC;,2;990,6;990,7;989,6;24,8;21,9;21,8;21,9;21,6;21,8;21,5;100;99;100;31;2,2;,9;
2026/02/14;1100 UTC;,4;991,3;991,4;990,6;322,6;22,8;22,3;22,8;21,8;22,5;21,6;100;96;97;37;2,3;1,5;
2026/02/14;1200 UTC;,2;990,4;991,3;990,4;1565,3;26,1;22,5;26,1;22,7;23,4;21,5;97;79;81;257;3,4;1,4;
2026/02/14;1300 UTC;,4;990,3;990,4;990,2;2564,6;27,2;21,2;27,6;25,7;23,7;21,1;85;69;70;110;3,9;1,7;
2026/02/14;1400 UTC;,4;990,8;990,8;990,3;2873,1;28,3;22,9;28,9;26,9;23,3;20,8;76;64;72;123;5,1;2;
2026/02/14;1500 UTC;,4;990,6;990,9;990,6;3314,1;29,3;23,4;30,1;28,2;24,1;21,7;74;66;71;139;6,7;3,3;
2026/02/14;1600 UTC;,4;989,9;990,6;989,9;2807,8;28,5;22,3;29,3;28;23,7;21,8;74;68;69;138;7,7;3,9;
2026/02/14;1700 UTC;,4;989;989,9;989;2304,8;29,1;22,6;29,1;28,1;23,5;22;74;68;68;125;7,6;1,2;
2026/02/14;1800 UTC;,2;987,6;989;987,6;2834,4;30,6;24,7;30,6;29,1;24,7;22,5;72;64;71;83;5,4;1,7;
2026/02/14;1900 UTC;,2;986,9;987,6;986,9;1460,1;29,9;23,6;30,8;29,7;24,2;22,7;72;65;69;95;4;1,5;
2026/02/14;2000 UTC;,2;986,6;986,9;986,6;781,5;29;23,3;30,2;28,9;24,2;22,7;74;66;71;77;4;1,7;
2026/02/14;2100 UTC;,2;986,7;986,9;986,6;229,4;28,2;24;29;28,2;24,1;23;78;70;78;47;3,4;1,5;
2026/02/14;2200 UTC;0;987,1;987,2;986,5;18,3;27,3;24,4;28,2;27,3;24,4;23,6;84;77;84;41;3,1;1,5;
2026/02/14;2300 UTC;;;;;;26,4;;27,3;26,4;;;;;;;;;
2026/02/15;0000 UTC;0;987,6;987,6;986,5;;26,1;24,3;26,4;26;24,7;24,3;92;89;90;228;2,6;1;
2026/02/15;0100 UTC;0;989,1;989,1;987,6;;25,4;24,6;26,2;25,4;24,7;24,1;96;89;95;346;3,8;2,1;
2026/02/15;0200 UTC;,2;990;990;989,1;;25,4;24,5;25,6;25,3;24,6;24,3;95;93;95;336;3,8;1,2;
2026/02/15;0300 UTC;0;989,9;990,3;989,9;;24,9;24,3;25,5;24,9;24,7;24,3;97;95;97;3;3,2;1,2;
2026/02/15;0400 UTC;0;988,6;989,9;988,6;;24,6;24,3;24,9;24,6;24,4;24,2;98;97;98;6;2,1;1;
2026/02/15;0500 UTC;0;987,8;988,6;987,7;;24,3;24,1;24,6;24,3;24,3;24,1;99;98;98;359;2,3;1,3;
2026/02/15;0600 UTC;,2;987,1;987,9;987;;23,7;23,7;24,3;23,7;24,1;23,7;100;98;100;279;2,3;,9;
2026/02/15;0700 UTC;,2;987,1;987,2;987;;23,8;23,7;23,9;23,7;23,9;23,6;100;99;99;151;1,7;,2;
2026/02/15;0800 UTC;0;986,8;987,2;986,6;;23,7;23,7;23,8;23,6;23,8;23,6;100;99;100;301;1,9;,8;
2026/02/15;0900 UTC;,2;986,9;986,9;986,8;;23,5;23,5;23,7;23,5;23,7;23,5;100;100;100;338;2,1;,9;
2026/02/15;1000 UTC;,2;987,6;987,6;986,9;45,4;23,6;23,6;23,6;23,3;23,6;23,3;100;100;100;261;1,6;,5;
2026/02/15;1100 UTC;,2;988,8;988,8;987,6;293,2;24,4;24,1;24,4;23,6;24,2;23,4;100;98;98;18;1,2;,6;
2026/02/15;1200 UTC;,2;989,7;989,7;988,8;1442,4;26,6;24,5;26,6;24,3;24,7;23,6;98;85;88;15;3,8;2,2;
2026/02/15;1300 UTC;,4;989,9;989,9;989,7;2265,1;27,9;23,5;28,5;26,6;25,2;23;90;75;77;359;4,5;2,2;
2026/02/15;1400 UTC;,4;990,1;990,1;989,9;2788,5;29,7;24,2;30;27,8;25,4;23,2;80;69;72;45;4,5;1,4;
2026/02/15;1500 UTC;,4;989,3;990,1;989,3;2860,6;30,3;23;30,8;29;24,6;22,2;74;62;65;46;3,7;1,5;
2026/02/15;1600 UTC;,4;988,2;989,3;988,2;2632,7;31,1;23,3;31,4;29,9;24,1;22,2;69;60;63;9;4,1;1,2;
2026/02/15;1700 UTC;,4;987,7;988,2;987,3;2387,5;26,5;25,2;32,9;26,5;25,2;22,5;92;56;92;72;10,2;4,1;
2026/02/15;1800 UTC;0;986,4;987,7;986,3;1205,4;28,2;25;28,5;25,2;25,2;23,7;95;78;83;221;10,2;1,9;
2026/02/15;1900 UTC;,2;985,5;986,4;985,4;1368,1;29,2;23,4;29,3;28,1;25;23,3;84;71;71;127;3,8;1,2;
2026/02/15;2000 UTC;0;985,9;985,9;985,2;349,8;25,9;25;29,4;25,9;25,2;23,3;95;71;95;21;6,5;3,3;
2026/02/15;2100 UTC;0;986,4;986,6;985,9;150,9;25,9;25,6;26;25;25,7;24,3;99;95;98;193;6;1,3;
2026/02/15;2200 UTC;,2;986,3;986,4;986;53;25,1;24,4;26;25,1;25,7;24,2;99;94;95;145;3,6;,9;
2026/02/15;2300 UTC;0;987,9;987,9;986,3;;25,1;24,8;25,2;24,8;24,9;24,3;99;95;98;183;2,3;1,4;
2026/02/16;0000 UTC;,2;989,1;989,1;987,9;;25,2;24,7;25,3;25,1;24,9;24,6;99;97;97;177;5,6;2,4;
2026/02/16;0100 UTC;,4;988,9;989,6;988,8;,8;23,6;22,3;25,3;23,5;24,9;21,8;97;88;92;219;8,4;2,1;
2026/02/16;0200 UTC;,4;989,3;989,4;988,9;;23,2;22;23,6;23,2;22,4;21,8;94;92;93;177;4,4;1,1;
2026/02/16;0300 UTC;,6;989,1;989,3;989,1;;23,1;22,4;23,2;23;22,4;22;96;93;96;285;2,7;,6;
2026/02/16;0400 UTC;,4;988,8;989,1;988,8;;23,1;22,6;23,3;23;22,7;22,4;97;95;97;146;1,5;,5;
2026/02/16;0500 UTC;,4;988,4;988,8;988,4;;22,6;22,6;23,1;22,6;22,8;22,5;100;96;100;44;1,3;,6;
2026/02/16;0600 UTC;,6;987,9;988,5;987,9;;22;22;22,7;22;22,7;22;100;100;100;314;2,4;1,1;
2026/02/16;0700 UTC;,4;987,9;988;987,6;;22,2;22,2;22,3;21,9;22,3;21,9;100;100;100;93;2,1;,9;
2026/02/16;0800 UTC;,4;988,7;988,7;987,8;;21,9;21,9;22,3;21,8;22,3;21,8;100;100;100;34;3,1;1,9;
2026/02/16;0900 UTC;,6;988,6;989;988,4;;22,1;22,1;22,2;21,8;22,2;21,8;100;100;100;306;3,4;,8;
2026/02/16;1000 UTC;,4;988,1;988,6;988,1;45,9;22;22;22,1;21,9;22,1;21,9;100;100;100;245;1,7;,9;
2026/02/16;1100 UTC;,4;988,9;988,9;988;466,3;23,3;22,4;23,5;22;22,8;22;100;94;94;15;1,6;1,1;
2026/02/16;1200 UTC;,4;989,7;989,7;988,9;1352,1;25,8;22,5;26,2;23,3;23,2;21,7;96;81;82;124;3;,7;
2026/02/16;1300 UTC;,6;990,5;990,5;989,7;1817,1;26,3;23,7;26,7;25,6;24,4;22,3;88;80;86;75;3,4;1,1;
2026/02/16;1400 UTC;,6;991;991,1;990,5;1732,3;26,4;23,7;27;25,9;24,3;22,9;89;80;85;1;4,2;2,1;
2026/02/16;1500 UTC;,4;990,5;991,1;990,5;1400,5;27,1;23,3;27,2;26,3;23,9;22,7;85;78;80;8;3,9;1,2;
2026/02/16;1600 UTC;,6;989,5;990,5;989,5;3021,9;28,7;23,9;29,3;27,1;24,6;22,8;81;72;75;353;4,4;2,1;
2026/02/16;1700 UTC;,4;988;989,5;988;3564,4;29,4;23,3;29,9;28,5;24,8;22,6;77;67;70;18;6,1;3,1;
2026/02/16;1800 UTC;,4;986,5;988;986,5;2330,9;29,9;23,9;30,2;29,1;24,6;23,2;75;68;70;358;5,5;1,5;
2026/02/16;1900 UTC;,2;986;986,5;986;1578,2;29,9;23,8;30,4;29,6;24,9;23;74;66;70;8;4,8;2,6;
2026/02/16;2000 UTC;,2;985,9;986;985,5;1263,2;29,7;24,3;30,3;29,7;24,3;23,2;73;66;73;7;5,3;3,2;
2026/02/16;2100 UTC;0;986,9;986,9;985,9;384,6;29,2;23,6;29,8;29,2;24,6;23;75;68;72;45;4,8;,9;
2026/02/16;2200 UTC;,2;987,2;987,6;986,9;26,4;23,2;21,7;29,2;23,2;23,7;20,2;91;66;91;227;10,8;2,4;
2026/02/16;2300 UTC;;;;;;;;;;;;;;;;;;
2026/02/17;0000 UTC;;988,9;;;;23,6;22,5;23,6;23;22,5;21,8;95;91;93;;;;
2026/02/17;0100 UTC;0;989,1;989,1;988,8;;23,6;22,9;23,7;23,2;23,1;22,3;97;93;96;265;2,4;,5;
2026/02/17;0200 UTC;0;989,5;989,5;989,1;;23,8;23;23,8;23,6;23,2;22,6;97;94;95;209;1,6;,4;
2026/02/17;0300 UTC;0;989,4;989,6;989,4;;23,5;23,1;23,9;23,4;23,3;23;98;95;98;143;1,5;,5;
2026/02/17;0400 UTC;0;989,5;989,7;989,4;;22,5;22,5;23,5;22,4;23,3;22,4;100;98;100;21;2,5;1,1;
2026/02/17;0500 UTC;0;988,8;989,5;988,8;;22;21,9;22,5;22;22,4;21,8;100;99;99;27;2;,5;
2026/02/17;0600 UTC;0;988,4;988,8;988,4;;21,8;21,6;22,2;21,8;22,1;21,6;100;98;99;10;1,5;1,1;
2026/02/17;0700 UTC;0;988,7;988,9;988,3;;21,7;21,4;22;21,6;21,8;21,3;100;98;98;5;5,4;3;
2026/02/17;0800 UTC;0;988,7;988,9;988,6;;22,5;21,7;22,7;21,7;21,9;21,4;98;94;95;303;5,4;,8;
2026/02/17;0900 UTC;0;989,2;989,2;988,6;;22,8;21,5;22,9;22,4;22;21,5;96;92;93;283;3;1,3;
2026/02/17;1000 UTC;0;989,9;989,9;989,2;53,9;22,8;21,7;22,8;22,6;22;21,5;95;93;94;347;2,6;1,3;
2026/02/17;1100 UTC;0;990,4;990,5;989,9;422,3;24,1;22,5;24,1;22,8;22,5;21,7;95;90;90;315;4,7;2,3;
2026/02/17;1200 UTC;0;991,2;991,2;990,4;1441,1;26;22,6;26,6;24,1;23,2;22,4;91;79;81;334;4,7;2,2;
2026/02/17;1300 UTC;0;991,8;991,8;991,2;2042;27,6;22,8;27,9;26;23,9;22,8;84;75;75;359;5,6;3;
2026/02/17;1400 UTC;0;991,7;991,8;991,5;2590,9;28,7;22,6;29;27,5;23,7;22,4;78;69;70;358;6;2;
2026/02/17;1500 UTC;0;991,6;991,8;991,6;1263,7;25,7;24,4;29,1;25,6;24,4;21,8;93;66;93;7;4,7;1,4;
2026/02/17;1600 UTC;0;990,4;991,6;990,4;2066,9;28,1;23,8;28,6;25,7;25,9;23,5;95;76;78;318;4;1,4;
2026/02/17;1700 UTC;0;988,9;990,4;988,9;1398,8;27,8;22,1;28,3;27,5;25,1;22,1;85;71;71;15;5,1;2,2;
2026/02/17;1800 UTC;0;987,9;988,9;987,9;1707,9;28,7;22,2;29,3;27,8;23,8;21,8;77;67;68;246;4,6;1,3;
2026/02/17;1900 UTC;0;987,1;987,9;987,1;960,4;28,4;23,3;28,9;28,2;23,4;21,6;74;65;74;168;3,1;1,8;
2026/02/17;2000 UTC;0;987,3;987,3;987,1;529,2;26,6;23,6;28,4;26,6;24,1;23,3;85;74;84;178;7,7;2,2;
2026/02/17;2100 UTC;0;987,4;987,4;987,2;223,4;25,9;23,5;26,6;25,9;23,8;23,3;88;83;87;181;4,5;1,6;
2026/02/17;2200 UTC;0;987,7;987,7;987,4;32,4;25,1;23,2;25,9;25,1;23,6;23,2;90;86;89;158;4,1;2,1;
2026/02/17;2300 UTC;;;;;;;;;;;;;;;;;;
2026/02/18;0000 UTC;0;988,7;988,7;988,1;;24,4;23,7;24,7;24,3;23,7;22,9;96;90;96;74;2,1;,4;
2026/02/18;0100 UTC;0;989,4;989,4;988,7;;23,7;23,5;24,4;23,7;23,9;23,5;99;95;99;337;2,6;1;
2026/02/18;0200 UTC;0;989,7;989,8;989,4;;23,3;23,2;23,7;23,3;23,6;23,2;100;99;100;325;2,5;1,1;
2026/02/18;0300 UTC;0;989,7;989,7;989,2;;23,5;23,3;23,6;23,2;23,3;23;100;98;99;121;2,4;,4;
2026/02/18;0400 UTC;0;989,5;989,8;989,5;;23,2;23,2;23,5;23,2;23,4;23,2;100;99;100;8;1,8;1,1;
2026/02/18;0500 UTC;0;989,3;989,5;989,2;;22,9;22,9;23,2;22,9;23,2;22,9;100;100;100;308;2;,7;
2026/02/18;0600 UTC;0;989;989,4;989;;22,9;22,9;23;22,9;23;22,9;100;100;100;301;1,8;,6;
2026/02/18;0700 UTC;0;988,9;989,1;988,9;;23,1;23;23,1;22,9;23,1;22,9;100;100;100;353;1,5;,7;
2026/02/18;0800 UTC;0;988,9;989;988,8;;23,2;23;23,4;23,1;23,3;23;100;99;99;38;2,9;1,6;
2026/02/18;0900 UTC;,2;989,1;989,1;988,9;;22,9;22,9;23,3;22,9;23,3;22,9;100;99;100;346;2,9;,7;
2026/02/18;1000 UTC;0;989,6;989,6;989;47,2;22,9;22,9;23;22,8;23;22,8;100;100;100;224;1,9;,3;
2026/02/18;1100 UTC;0;990,3;990,3;989,6;476,3;24,4;23,3;24,6;22,9;23,5;22,8;100;92;94;11;1,8;1;
2026/02/18;1200 UTC;0;991;991;990,3;1291,8;25,8;23,6;25,9;24,3;24,4;23,2;95;87;88;355;3,6;2,3;
2026/02/18;1300 UTC;0;991,4;991,4;991;1724,8;27,3;23,9;28;25,7;24,7;23,3;89;78;82;310;4,1;1,4;
2026/02/18;1400 UTC;0;990,8;991,4;990,8;2436,9;28,3;23,5;29,1;27,3;25,1;23,4;85;72;75;24;4,1;1,3;
2026/02/18;1500 UTC;0;990,4;990,8;990,4;2980,8;29,9;23,8;31;28,2;24,8;22,8;78;64;70;5;3,4;1,3;
2026/02/18;1600 UTC;0;989,1;990,4;989,1;3287,1;31,7;24,4;31,7;29,6;25;22,9;72;62;66;187;4,4;1,6;
2026/02/18;1700 UTC;0;987,9;989,1;987,9;3836,9;31,9;22,4;32,4;30,8;24,6;22,1;67;56;57;145;4;2,1;
2026/02/18;1800 UTC;0;986,6;987,9;986,5;1229,1;30,8;23,3;32;30,8;23,4;22,1;65;57;64;132;4,5;2;
2026/02/18;1900 UTC;0;986;986,6;986;748,4;30,8;23;31;30,6;23,7;22,3;67;60;63;8;4,5;1,4;
2026/02/18;2000 UTC;0;985,4;986;985,3;645,9;29,4;25;30,9;29,4;25,5;22,6;78;61;77;316;4;1,8;
2026/02/18;2100 UTC;0;985,5;985,8;985,4;314,1;27,8;24,6;29,4;27,8;25,1;23,5;83;75;83;330;4,5;1,7;
2026/02/18;2200 UTC;0;987,3;987,3;985,4;62,9;24,8;22,3;27,9;24,8;25;22;86;78;86;54;11,4;4,9;
2026/02/18;2300 UTC;;;;;;;;;;;;;;;;;;
2026/02/19;0000 UTC;;;;;;;;;;;;;;;;;;
2026/02/19;0100 UTC;;;;;;24,1;;;;;;;;;;;;
2026/02/19;0200 UTC;0;988;988;987,4;;23,6;23,2;24,2;23,6;23,2;22,8;98;92;98;14;4,1;1,5;
2026/02/19;0300 UTC;0;988,3;988,4;988;;23,4;23,2;23,6;23,4;23,3;23,1;99;98;99;351;2,6;1,1;
2026/02/19;0400 UTC;0;988;988,3;988;;23,1;22,9;23,4;23,1;23,3;22,9;100;99;99;84;2,2;,3;
2026/02/19;0500 UTC;0;987,6;988;987,5;;23;23;23,2;22,9;23,1;22,8;100;98;100;113;2,5;,7;
2026/02/19;0600 UTC;0;987,8;987,8;987,5;;22,7;22,7;23;22,7;22,9;22,7;100;100;100;175;2,3;1,3;
2026/02/19;0700 UTC;0;987,8;987,9;987,8;;22,9;22,8;22,9;22,7;22,9;22,7;100;100;100;173;2,4;,8;
2026/02/19;0800 UTC;0;987,8;987,8;987,7;;23;22,9;23;22,9;22,9;22,8;100;99;99;133;1,6;,7;
2026/02/19;0900 UTC;0;988,4;988,4;987,8;;23;23;23,1;23;23,1;22,8;100;99;100;34;1,6;,8;
2026/02/19;1000 UTC;0;988,5;988,6;988,4;34,6;23,2;23,1;23,2;23;23,2;23;100;100;100;8;1,5;,4;
2026/02/19;1100 UTC;0;989;989;988,4;289,5;24,2;23,6;24,3;23,2;23,7;22,9;100;95;96;354;1,2;,3;
2026/02/19;1200 UTC;0;989,8;989,8;989;672,1;25,2;24;25,2;24,2;24,1;23,4;96;91;93;20;2,4;1,2;
2026/02/19;1300 UTC;0;990,4;990,4;989,8;1399,8;26,5;24,7;26,5;25,2;24,8;23,7;94;88;90;360;4,1;2,4;
2026/02/19;1400 UTC;0;989,6;990,4;989,6;2437;28;24,1;28,7;26,3;25,3;23,7;90;77;79;339;4,5;2,3;
2026/02/19;1500 UTC;0;988,6;989,6;988,6;2504;29,3;24,3;30;28;25,3;23,6;81;72;75;13;4,9;2,5;
2026/02/19;1600 UTC;0;987,6;988,6;987,6;2024,4;28,7;25,4;30,3;27,4;26,3;23,6;88;70;82;145;5,7;,9;
2026/02/19;1700 UTC;0;986,3;987,6;986,3;2469,9;31,1;24,3;31,3;28,7;26,2;23,7;83;66;67;34;3,1;,7;
2026/02/19;1800 UTC;0;985,6;986,3;985,6;1484;30;24,3;31,4;29,4;25,9;23,4;76;65;72;148;4,2;2,1;
2026/02/19;1900 UTC;0;985,6;985,7;985,4;440,2;23,3;21,9;30;23,3;25;21,7;92;71;92;324;6,6;2,5;
2026/02/19;2000 UTC;0;985,2;985,6;985,1;212;24,4;23,8;24,6;23,2;24,2;22;98;92;97;313;6,6;1,7;
2026/02/19;2100 UTC;0;984,8;985,2;984,7;245,7;25,1;24,5;25,2;24,2;24,6;23,4;98;95;96;183;4,9;1;
2026/02/19;2200 UTC;0;985,8;985,8;984,8;62;25;24,3;25,3;24,9;24,8;24,3;98;96;96;222;2,7;1,6;
2026/02/19;2300 UTC;;986,8;;;;24,9;24,5;25,1;24,9;24,5;24,2;98;96;98;;;;
2026/02/20;0000 UTC;;;;;;24,7;24,6;24,9;24,6;24,8;24,4;99;97;99;;;;
2026/02/20;0100 UTC;0;988,3;988,3;987,2;;24,7;24,6;25,1;24,7;25;24,6;100;99;99;47;1,7;,8;
2026/02/20;0200 UTC;,2;989,4;989,4;988,3;;24,5;24,5;24,7;24,5;24,6;24,4;100;99;100;359;1,7;1;
2026/02/20;0300 UTC;0;989,2;989,4;989,1;;24,5;24,5;24,6;24,4;24,6;24,4;100;100;100;357;2,1;,8;
2026/02/20;0400 UTC;0;988,7;989,5;988,7;;24,2;24,2;24,6;24,1;24,6;24,1;100;99;100;355;4;1,1;
2026/02/20;0500 UTC;,2;988;988,7;988;;23,9;23,8;24,2;23,8;24,1;23,7;100;99;100;254;2;,5;
2026/02/20;0600 UTC;0;987,5;988;987,5;;24;24;24,3;23,9;24,3;23,8;100;99;100;340;1,5;1;
2026/02/20;0700 UTC;0;987,2;987,5;987,1;;24;24;24;23,8;24;23,8;100;100;100;310;1,5;,2;
2026/02/20;0800 UTC;,2;987,5;987,5;987,2;;23,8;23,8;24,1;23,8;24,1;23,8;100;100;100;345;2,8;1,5;
2026/02/20;0900 UTC;0;988;988;987,5;;23,6;23,6;23,8;23,6;23,8;23,6;100;99;100;341;2,8;,8;
2026/02/20;1000 UTC;0;988,4;988,4;988;7,1;23,6;23,6;23,7;23,6;23,7;23,5;100;100;100;308;1,8;,8;
2026/02/20;1100 UTC;,2;989,4;989,4;988,4;142,5;24,2;24;24,3;23,6;24;23,5;100;98;98;347;1,6;,8;
2026/02/20;1200 UTC;0;990,3;990,3;989,4;724;25,5;23,3;25,7;24,2;24,4;23,3;99;88;88;2;3,8;2,2;
2026/02/20;1300 UTC;0;990,8;990,8;990,3;665,1;25,3;24,1;25,9;25,1;24,7;23,1;95;87;93;322;3,5;,5;
2026/02/20;1400 UTC;,2;991;991,1;990,7;142,2;23,8;23,6;25,5;23,5;24,5;23;99;89;99;136;3,4;2;
2026/02/20;1500 UTC;0;991,1;991,5;991;120,3;23,4;23,3;24;23,3;23,9;23,1;100;99;100;153;4,8;1,9;
2026/02/20;1600 UTC;0;990;991,1;990;274,1;23,1;23,1;23,6;23;23,6;23;100;99;100;168;4,7;2,6;
2026/02/20;1700 UTC;,4;988;990;988;991,7;24,4;23,3;24,7;23,1;24,1;23,1;100;94;94;207;4,3;1,6;
2026/02/20;1800 UTC;2;986,8;988;986,8;1000,7;25,5;23,9;25,6;24,3;24,1;22,9;96;88;91;204;3;1;
2026/02/20;1900 UTC;2;985,6;986,8;985,6;903,6;26,8;24,3;26,8;25,3;24,7;23,6;92;85;86;292;2,8;,6;
2026/02/20;2000 UTC;1,8;985,4;985,6;985,3;810,5;26,1;24,7;27;26;25,2;23,8;93;85;92;341;3,5;1,3;
2026/02/20;2100 UTC;2,2;985,5;985,6;985,3;558,3;26,5;24,6;26,8;26;25,3;24,5;94;89;90;56;2,3;1;
2026/02/20;2200 UTC;2;986,8;986,8;985,5;101,2;25,8;24,9;26,5;25,8;25;24,6;95;90;95;131;1,9;1;
2026/02/20;2300 UTC;2;987,6;987,6;986,8;;25;24,7;25,8;25;25;24,7;98;94;98;131;2;,7;
2026/02/21;0000 UTC;2,2;987,9;987,9;987,5;;24,3;24,2;25,1;24,3;24,8;24,2;100;98;99;147;3,2;1,5;
2026/02/21;0100 UTC;2,4;988,5;988,5;987,7;;23,9;23,8;24,3;23,9;24,2;23,8;100;99;99;101;3,2;,8;
2026/02/21;0200 UTC;2;988,9;989;988,5;;23,7;23,6;24,1;23,7;23,8;23,5;99;97;99;188;2,2;,4;
2026/02/21;0300 UTC;2,2;989,4;989,6;988,9;;23,7;23,7;23,9;23,6;23,8;23,5;100;99;100;3;1,7;,9;
2026/02/21;0400 UTC;1,8;988,5;989,3;988,5;;23,4;23,4;23,7;23,4;23,7;23,4;100;100;100;267;2;,6;
2026/02/21;0500 UTC;1,8;987,8;988,5;987,8;;23,4;23,4;23,4;23,3;23,4;23,3;100;100;100;302;1,8;,5;
2026/02/21;0600 UTC;1,6;987,5;987,9;987,5;;23,3;23,2;23,4;23,3;23,3;23,2;100;99;99;324;2,4;,6;
2026/02/21;0700 UTC;1,4;987,4;987,6;987,4;;23,1;23,1;23,3;23,1;23,3;23,1;100;99;100;295;1,7;,4;
2026/02/21;0800 UTC;1,4;987,8;987,8;987,4;;22,9;22,9;23,1;22,9;23,1;22,9;100;100;100;242;1,3;,7;
2026/02/21;0900 UTC;,2;987,9;988;987,8;;22,8;22,8;22,9;22,8;22,9;22,8;100;100;100;128;1,4;,5;
2026/02/21;1000 UTC;0;988,4;988,4;987,8;65;23,2;23,2;23,3;22,8;23,3;22,8;100;100;100;35;1,2;,7;
2026/02/21;1100 UTC;0;989;989;988,3;446,9;25,2;23,8;25,2;23,2;24,1;23,2;100;92;92;115;1,5;,4;
2026/02/21;1200 UTC;0;990,1;990,1;989;1183,8;27,1;23,9;27,6;25;25;23,5;92;81;83;10;2,4;1,1;
2026/02/21;1300 UTC;0;990,3;990,5;990,1;2142,8;28,9;24,7;29;26,8;25,1;23,7;86;75;78;110;3,6;2,2;
2026/02/21;1400 UTC;0;990;990,3;990;3193,5;30;23,6;30,5;28,4;25,3;23,6;81;69;69;54;5,3;1,7;
2026/02/21;1500 UTC;0;989,5;990;989,4;3735,9;30,5;23,9;30,7;29,5;25,2;23;75;64;68;49;4,9;2,1;
2026/02/21;1600 UTC;0;988,4;989,6;988,4;1864,4;27,7;23,9;30,9;27,5;25;23,1;84;66;80;343;7,4;1,6;
2026/02/21;1700 UTC;0;987,1;988,4;987,1;2430,2;27,3;23;29,9;27,2;24,9;22,5;84;70;77;50;9,8;4,1;
2026/02/21;1800 UTC;0;986,4;987,1;986,4;1258,4;27;23,4;27,7;26,9;23,6;22,1;81;72;81;43;7;1,8;
2026/02/21;1900 UTC;0;985,4;986,4;985,4;895,6;28,5;24,2;28,5;26,8;24,8;23,1;83;76;78;21;3,3;,6;
2026/02/21;2000 UTC;0;985,4;985,5;985,2;865,4;29,1;23,7;29,4;28,1;24,8;23,6;80;71;73;294;2;,4;
2026/02/21;2100 UTC;0;985,7;985,7;985,4;294,8;27,8;24;29,1;27,8;24,2;23,3;80;71;80;291;3,2;1,7;
2026/02/21;2200 UTC;0;986,5;986,5;985,7;54,4;26,6;23,5;27,8;26,6;25;23,5;89;80;83;308;4,3;2,2;
2026/02/21;2300 UTC;;;;;;24,6;;26,6;;;;;;;;;;
2026/02/22;0000 UTC;0;988,8;988,8;988;;23,8;23,2;24,6;23,6;23,3;23;97;91;96;310;5;1,2;
2026/02/22;0100 UTC;0;989,6;989,6;988,8;;24,1;23,1;24,2;23,8;23,3;22,8;96;93;94;302;2,8;,5;
2026/02/22;0200 UTC;0;990;990;989,6;;23,9;23,5;24,3;23,9;23,6;23,1;98;94;97;323;2,4;1,1;
2026/02/22;0300 UTC;,2;989,8;990,1;989,8;;23,9;23,6;24;23,7;23,7;23,2;98;97;98;145;2,4;,6;
2026/02/22;0400 UTC;0;989,1;989,8;989,1;;23,8;23,7;23,9;23,7;23,8;23,5;99;98;99;178;1;,2;
2026/02/22;0500 UTC;0;988,5;989,1;988,5;;23,6;23,4;23,8;23,5;23,8;23,2;100;98;99;328;1,3;,2;
2026/02/22;0600 UTC;0;987,6;988,5;987,6;;23,8;23,6;23,8;23,5;23,7;23,3;99;99;99;329;,9;,5;
2026/02/22;0700 UTC;0;987,5;987,6;987,4;;23,8;23,7;23,9;23,5;23,7;22,8;99;95;99;119;1,8;1;
2026/02/22;0800 UTC;,2;987,5;987,6;987,4;;23,4;23,4;23,8;23,3;23,7;23,3;100;99;100;114;2,1;,8;
2026/02/22;0900 UTC;0;988,1;988,1;987,5;;23,4;23,4;23,5;23,3;23,5;23,3;100;100;100;39;2,1;,9;
2026/02/22;1000 UTC;0;988,7;988,7;988;19,8;23,2;23,2;23,4;23,2;23,4;23,2;100;100;100;69;2,2;,8;
2026/02/22;1100 UTC;0;990,3;990,3;988,7;165,4;23,8;23,7;23,8;23,2;23,7;23,2;100;100;100;121;3,3;1,8;
2026/02/22;1200 UTC;0;991;991;990,3;210,4;23,8;23,5;23,9;23,6;23,8;23,4;100;98;98;86;5,5;2;
2026/02/22;1300 UTC;0;991,3;991,4;991;437,1;24,1;23,6;24,3;23,8;24;23,2;99;96;97;104;4,9;1,5;
2026/02/22;1400 UTC;0;991;991,3;991;1163,6;26,1;24,1;26,2;24,1;24,4;23,3;97;88;89;40;3,1;,6;
2026/02/22;1500 UTC;0;990,3;991;990,2;1594,9;26,8;23,5;27,1;25,9;24,3;23,3;90;82;82;6;3,3;1,4;
2026/02/22;1600 UTC;0;989,2;990,3;989,2;2499,6;28,2;23,9;28,2;26,8;24,5;23,4;85;75;78;356;4,5;2,1;
2026/02/22;1700 UTC;0;988;989,2;988;2210;29,2;23,7;29,6;27,9;25,1;23,2;80;69;72;354;5,1;2,5;
2026/02/22;1800 UTC;0;986,4;988;986,4;2922;30,3;23,8;30,5;29;24,8;23,1;75;66;68;58;5,3;2,3;
2026/02/22;1900 UTC;0;985,2;986,4;985,2;1935,1;30,4;23,5;30,9;29,8;25,5;23,1;76;65;67;32;5,5;2,6;
2026/02/22;2000 UTC;0;984,3;985,2;984,3;1703,6;31;23,6;31,5;30,1;24,5;22,6;69;62;65;319;4,6;1,3;
2026/02/22;2100 UTC;0;984,6;984,6;984,3;427,1;30,2;23,6;31,1;30,2;23,7;22,9;68;62;68;65;3,9;1,4;
2026/02/22;2200 UTC;0;985,4;985,4;984,6;58,1;28,4;24,2;30,2;28,4;24,6;23,4;78;67;78;100;2,9;,5;
2026/02/22;2300 UTC;;;;;;26,9;24,9;28,5;26,9;24,9;24,2;89;78;89;;;;
2026/02/23;0000 UTC;0;986,6;986,6;986;;26,2;25;26,9;26,2;25,2;24,5;94;87;93;209;2,1;1,4;
2026/02/23;0100 UTC;0;987,9;987,9;986,6;;25,8;24,7;26,2;25,8;25;24,6;94;92;94;214;2,1;1,1;
2026/02/23;0200 UTC;0;988,3;988,4;987,9;;25,9;24,8;26,1;25,8;24,8;24,5;94;91;93;210;2,2;1;
2026/02/23;0300 UTC;0;988,2;988,4;988,2;;25,6;24,8;26;25,6;24,9;24,5;96;92;96;198;1,8;,8;
2026/02/23;0400 UTC;0;988;988,2;988;;25,4;24,8;25,7;25,3;24,8;24,5;97;94;97;206;1,7;1,2;
2026/02/23;0500 UTC;0;987,4;988;987,4;;25;24,5;25,4;24,9;24,8;24,5;97;96;97;198;2,6;,9;
2026/02/23;0600 UTC;0;986,2;987,4;986,2;;24,8;24,3;25;24,8;24,6;24,3;98;97;97;204;2;1,1;
2026/02/23;0700 UTC;0;985,9;986,2;985,8;;24,5;24,3;24,8;24,5;24,4;24,2;99;97;98;302;2;,7;
2026/02/23;0800 UTC;0;986,5;986,5;985,9;;24,4;24,4;24,9;24,2;24,5;24,2;100;98;100;21;4,2;,9;
2026/02/23;0900 UTC;,4;987,9;987,9;986,5;,9;21,7;21,7;24,4;21,7;24,4;21,7;100;98;100;357;10,4;5,2;
2026/02/23;1000 UTC;1,4;988,4;988,4;987,8;1;21,7;21,7;21,8;21,4;21,7;21,4;100;100;100;258;8,6;,7;
2026/02/23;1100 UTC;1,4;988,8;988,8;988,4;26,5;21,7;21,7;21,9;21,5;21,9;21,5;100;100;100;343;2,4;,5;
2026/02/23;1200 UTC;1,6;989,5;989,5;988,8;149,5;22,1;22,1;22,2;21,7;22,2;21,7;100;100;100;310;1,8;,3;
2026/02/23;1300 UTC;1,4;990,2;990,2;989,5;417,5;22,7;22,3;22,8;21,9;22,5;21,9;100;97;97;133;1,4;,9;
2026/02/23;1400 UTC;1,6;990,3;990,3;990,2;622,3;23,4;23;23,6;22,7;23,4;22,2;99;97;98;140;1,8;,9;
2026/02/23;1500 UTC;1,6;989,7;990,4;989,7;1205,9;24,3;23;24,5;23,3;23,7;22,4;98;92;93;189;2,1;1,1;
2026/02/23;1600 UTC;1,6;988,4;989,7;988,4;1445,3;25,5;22,9;25,7;24,3;24,1;22,6;94;85;86;277;2,1;1,1;
2026/02/23;1700 UTC;1,8;986,9;988,4;986,9;1853,4;26,9;23,1;27,1;25,4;24,8;22,9;91;79;80;333;2,6;,8;
2026/02/23;1800 UTC;2;985,8;986,9;985,8;1573,3;26,7;24,1;27,4;26,5;24,4;22,9;86;79;85;10;3,1;1,7;
2026/02/23;1900 UTC;1,8;985,3;985,8;985,2;1492,3;27,9;24,3;28,1;26,6;25;23,5;87;78;81;306;3,1;,8;
2026/02/23;2000 UTC;2;984,9;985,3;984,9;968,9;27,5;23,4;28,1;27,5;24,7;23,3;82;77;78;290;2,5;1,2;
2026/02/23;2100 UTC;1,8;985,1;985,2;984,8;333,1;26,8;24,1;27,7;26,8;24,3;23,4;86;78;85;175;2,8;1,4;
2026/02/23;2200 UTC;1,8;985,1;985,1;984,9;47,6;25,9;25;26,8;25,9;25;24,1;95;85;95;145;2,4;1,2;
2026/02/23;2300 UTC;1,6;986,2;986,2;985,1;;25,4;24,3;25,9;25,4;25;24,3;95;93;94;167;1,9;,8;
2026/02/24;0000 UTC;1,6;987,5;987,5;986,2;;25,3;24,7;25,6;25,3;24,8;24,2;96;93;96;119;2,2;1,1;
2026/02/24;0100 UTC;1,6;988,4;988,4;987,5;;24,5;24,1;25,3;24,5;24,7;24;97;95;97;18;3,2;,5;
2026/02/24;0200 UTC;1,6;988,8;988,8;988,4;;24,3;24,1;24,5;24,3;24,2;24;99;97;99;337;1,8;,7;
2026/02/24;0300 UTC;1,4;988,5;988,8;988,4;;24,3;24,1;24,4;24,2;24,3;24;100;99;99;45;1,4;,8;
2026/02/24;0400 UTC;1,4;987,9;988,5;987,9;;24,1;24,1;24,3;24,1;24,2;23,9;100;99;100;20;1,4;,4;
2026/02/24;0500 UTC;1,2;987,1;987,9;987,1;;23,7;23,6;24,1;23,7;24,1;23,5;100;99;99;14;1,3;,3;
2026/02/24;0600 UTC;1,2;986,5;987,1;986,5;;23,8;23,7;23,9;23,6;23,8;23,5;100;99;99;60;,9;,4;
2026/02/24;0700 UTC;1,2;986,4;986,6;986,3;;23,7;23,6;23,9;23,6;23,8;23,5;100;99;100;17;,9;,4;
2026/02/24;0800 UTC;1;986,4;986,4;986,2;;23,7;23,7;23,7;23,6;23,7;23,5;100;100;100;341;1,1;,2;
2026/02/24;0900 UTC;1;986,9;986,9;986,4;;23,5;23,5;23,8;23,5;23,8;23,5;100;100;100;317;,8;,5;
2026/02/24;1000 UTC;1;987,3;987,3;986,9;52,2;23,8;23,7;23,8;23,4;23,8;23,4;100;100;100;350;1,3;,3;
2026/02/24;1100 UTC;,8;987,8;987,8;987,3;404,9;25,6;24,2;25,6;23,7;24,6;23,7;100;92;92;97;1;,3;
2026/02/24;1200 UTC;,8;988,1;988,1;987,8;1305,1;28,4;24,6;28,4;25,6;25;23,9;94;79;80;107;2,2;,8;
2026/02/24;1300 UTC;,2;988;988,1;988;2215,6;28,6;24;28,8;27,3;25;23,7;84;75;76;63;2,7;1,1;
2026/02/24;1400 UTC;0;987,9;988,1;987,9;2879,2;30,5;23,9;30,6;28,5;25,6;22,7;81;65;68;72;2,7;1,2;
2026/02/24;1500 UTC;0;987,3;987,9;987,3;3705,1;31,1;24,3;31,7;30,3;25,6;23;73;62;67;66;5,1;1,9;
2026/02/24;1600 UTC;0;986,1;987,3;986,1;3319,1;32,2;24;32,3;30,5;25,2;22,9;70;61;62;49;5,1;2;
2026/02/24;1700 UTC;0;984,6;986,1;984,6;2830,6;32;24,9;32,6;31,3;25;22,9;67;58;66;35;5,6;2,4;
2026/02/24;1800 UTC;0;983,4;984,6;983,4;2738,6;31,9;23,4;33;31,4;25,3;22,7;67;56;61;25;5,6;2;
2026/02/24;1900 UTC;0;982,6;983,4;982,6;2064,2;32,7;23,9;32,9;31,7;24,6;22,5;63;56;60;14;4,9;2,8;
2026/02/24;2000 UTC;0;982,5;982,8;982,5;1213,4;30,2;24,4;32,7;29,1;24,7;22,1;77;55;71;360;9,3;2,5;
2026/02/24;2100 UTC;0;983,4;983,4;982,5;247,5;28,9;24,2;30,6;28,9;24,3;22,4;76;62;76;336;5,3;2;
2026/02/24;2200 UTC;0;984,2;984,2;983,4;29,9;27,5;24,5;28,9;27,5;25,3;24,3;86;76;84;301;4,6;1,5;
2026/02/24;2300 UTC;0;985,3;985,3;984,2;;27,2;23,9;27,5;27,2;24,6;23,8;84;81;82;289;3,8;1,3;
2026/02/25;0000 UTC;0;986,2;986,2;985,3;;26,7;23,6;27,3;26,6;24;23,3;85;80;83;282;4,1;1,6;
2026/02/25;0100 UTC;0;987;987;986,2;;26,8;24,3;26,9;26,7;24,5;23,6;88;83;86;227;3,9;,8;
2026/02/25;0200 UTC;0;987,2;987,3;987;;26,5;24;26,8;26,5;24,7;23,8;88;84;86;286;3;1;
2026/02/25;0300 UTC;0;986,8;987,2;986,8;;26,4;23,6;26,6;26,2;24,1;23,6;88;84;85;294;2,6;1;
2026/02/25;0400 UTC;0;986,6;987,1;986,6;;25,7;24,2;26,4;25,7;24,3;23,7;92;85;92;307;2,2;1;
2026/02/25;0500 UTC;0;986;986,6;986;;25,2;24,5;25,7;25,2;24,5;24;96;91;96;318;2,6;,9;
2026/02/25;0600 UTC;0;985,6;986;985,6;;24,6;24,2;25,2;24,6;24,6;24,1;98;96;98;304;5,5;1,4;
2026/02/25;0700 UTC;0;985,6;985,7;985,5;;25,2;23,8;25,2;24,6;24,2;23,8;98;92;92;281;3,9;1,3;
2026/02/25;0800 UTC;0;986,2;986,2;985,6;;25,2;24,1;25,3;25,1;24,1;23,8;93;91;93;98;2,9;,7;
2026/02/25;0900 UTC;0;986,9;986,9;986,2;;24,6;24,4;25,2;24,6;24,7;24,1;99;93;99;113;2,8;1,3;
2026/02/25;1000 UTC;0;987,5;987,5;986,9;3,3;23,8;23,7;24,6;23,7;24,4;23,7;100;99;100;167;3,9;2,1;
2026/02/25;1100 UTC;,2;988,6;988,6;987,5;75,6;23,8;23,8;23,8;23,7;23,8;23,7;100;100;100;167;3,3;2,1;
2026/02/25;1200 UTC;,2;989,5;989,5;988,6;290,1;24,3;24,2;24,4;23,8;24,3;23,8;100;99;99;169;3,4;2,1;
2026/02/25;1300 UTC;,2;989,7;989,7;989,5;515,3;25;24,4;25,1;24,3;24,7;24,1;100;96;96;187;4,2;1,4;
2026/02/25;1400 UTC;,2;989,9;989,9;989,7;678,6;25,8;24,4;25,9;24,9;24,8;24,1;97;92;92;187;3,5;1,6;
2026/02/25;1500 UTC;0;989,1;989,8;989,1;1119,1;26,9;24,4;26,9;25,7;24,8;24;93;86;86;175;5,6;2,5;
2026/02/25;1600 UTC;0;988,2;989,1;988,2;883,3;26,3;24,7;27,4;26,3;24,7;23,5;91;81;91;124;4,9;2,6;
2026/02/25;1700 UTC;,2;987,8;988,2;987,8;138,1;22,8;22,8;26,3;22,8;24,7;22,8;100;91;100;90;6,2;2,8;
2026/02/25;1800 UTC;,6;986,9;987,8;986,9;90,8;22,3;22,3;22,8;22,2;22,8;22,2;100;100;100;306;5,9;1,3;
2026/02/25;1900 UTC;,2;985,6;986,9;985,6;145,7;22,6;22,6;22,6;22,2;22,6;22,2;100;100;100;311;2,8;1,3;
2026/02/25;2000 UTC;,4;984,7;985,6;984,7;399,3;23,2;22,9;23,4;22,4;23,3;22,4;100;98;98;319;4,4;1,2;
2026/02/25;2100 UTC;,6;985,4;985,4;984,7;413,8;23,8;23;24;23,2;23,5;23;99;95;96;323;2,6;1,2;
2026/02/25;2200 UTC;,8;985,7;985,8;985,4;57,7;23,3;23,2;23,8;23,2;23,4;22,9;100;96;100;356;3;1,9;
2026/02/25;2300 UTC;,8;986,1;986,1;985,6;;23;23;23,3;23;23,2;23;100;100;100;43;2,9;1;
2026/02/26;0000 UTC;,8;987;987;986,1;;23,1;23,1;23,2;23;23,2;23;100;100;100;48;2;,7;
2026/02/26;0100 UTC;,8;987,4;987,4;986,9;;23,1;23,1;23,2;23;23,2;23;100;100;100;13;1,8;1,1;
2026/02/26;0200 UTC;;;;;;;;;;;;;;;;;;
2026/02/26;0300 UTC;,6;987,6;987,7;987,5;;23;23;23,1;22,9;23,1;22,9;100;100;100;342;2,3;1,3;
2026/02/26;0400 UTC;,6;987,3;987,6;987,2;;22,8;22,8;23;22,8;23;22,8;100;100;100;348;2,8;1,7;
2026/02/26;0500 UTC;,6;986,8;987,3;986,8;;22,8;22,8;22,9;22,7;22,8;22,7;100;100;100;306;3,5;1,3;
2026/02/26;0600 UTC;,6;986,7;986,9;986,7;;22,8;22,8;22,9;22,8;22,9;22,8;100;100;100;338;3,9;1,7;
2026/02/26;0700 UTC;,4;986,8;986,8;986,4;;22,8;22,8;22,9;22,8;22,9;22,8;100;100;100;321;3,6;,9;
2026/02/26;0800 UTC;,4;986,6;986,9;986,6;;22,9;22,9;22,9;22,8;22,9;22,8;100;100;100;344;3;1,6;
2026/02/26;0900 UTC;,4;986,8;986,8;986,6;;22,8;22,8;22,9;22,8;22,9;22,8;100;100;100;315;3;,9;
2026/02/26;1000 UTC;,2;987,1;987,1;986,7;42,6;23;23;23;22,8;23;22,8;100;100;100;351;3,9;2,2;
2026/02/26;1100 UTC;,2;987,8;987,8;987;563,7;24,4;24;24,4;22,9;24;22,9;100;97;97;327;3,9;1;
2026/02/26;1200 UTC;,4;988,3;988,4;987,8;1245;27,2;23,8;27,6;24,2;24,8;23,4;97;82;82;260;3,2;1,2;
2026/02/26;1300 UTC;,2;988,6;988,6;988,3;2679,4;29,8;24,5;30;27;25,8;23,7;85;71;73;286;4,5;1,9;
2026/02/26;1400 UTC;0;988,5;988,7;988,5;2584;29,7;23,7;29,9;28,4;24,9;23,3;78;70;70;313;5,6;2,2;
2026/02/26;1500 UTC;0;988,1;988,5;988,1;3144,5;30,5;24,8;30,8;29,6;25,5;23,4;75;68;72;349;5,4;2,6;
2026/02/26;1600 UTC;0;986,7;988,1;986,7;3944,3;31,8;23,6;32;30;24,9;22,6;71;59;62;338;5,5;2,8;
2026/02/26;1700 UTC;,2;985,2;986,7;985,2;3466,8;31;24,7;32,3;31;24,8;22,8;69;59;69;340;6,3;3;
2026/02/26;1800 UTC;0;984,2;985,2;984,2;3051,3;31,5;23,5;31,8;30,4;25,7;22,7;74;60;62;343;6,3;3,1;
2026/02/26;1900 UTC;0;983,4;984,2;983,2;2563,7;32,2;22;32,5;31,6;23,4;21,4;63;53;55;334;5,5;2,7;
2026/02/26;2000 UTC;0;983,2;983,5;982,8;1388,2;29,3;23,8;32,6;29,3;24,7;21,9;72;53;72;353;9;4,3;
2026/02/26;2100 UTC;0;983,7;983,7;983,2;424,8;28,6;23,9;29,3;28,6;24,3;23,4;77;71;76;333;7,4;1,9;
2026/02/26;2200 UTC;0;984,1;984,2;983,6;66,7;27,3;23,7;28,6;27,3;24,2;23,2;82;73;81;339;4,4;2,4;
2026/02/26;2300 UTC;;;;;;26,5;;27,3;26,5;;;;;83;;;;
2026/02/27;0000 UTC;,2;986,6;986,6;985,4;;26,2;23,7;26,5;26,2;24;23,3;87;82;86;317;5,4;1,6;
2026/02/27;0100 UTC;;;;;;25,7;;26,2;;;;;;;;;;
2026/02/27;0200 UTC;,2;987;987,1;986,7;;25,4;24,3;25,9;25,4;24,4;24;94;90;94;352;3,2;1,5;
2026/02/27;0300 UTC;,2;986,9;987,1;986,9;;25,8;24,3;25,8;25,3;24,5;24;95;90;91;360;2,2;1;
2026/02/27;0400 UTC;0;985,5;987;985,5;;25,5;24,1;25,9;25,5;24,8;23,9;95;89;92;31;3,9;2,2;
2026/02/27;0500 UTC;,2;985,2;985,8;985,2;;25,1;24,3;25,6;25,1;24,4;23,7;96;89;96;1;3,9;1,3;
2026/02/27;0600 UTC;,2;985;985,2;984,9;;24,7;24,5;25,1;24,6;24,5;24,2;99;96;99;101;2,2;,7;
2026/02/27;0700 UTC;0;984,7;985,1;984,7;;24,7;24,7;24,8;24,6;24,7;24,5;100;99;100;350;1,7;,9;
2026/02/27;0800 UTC;,2;985,2;985,2;984,7;;24,9;24,3;24,9;24,5;24,7;24,1;100;96;97;353;3,5;2;
2026/02/27;0900 UTC;,2;985,7;985,7;985,2;;24,6;23,8;24,9;24,6;24,3;23,7;97;94;95;330;4,5;2,2;
2026/02/27;1000 UTC;,2;987;987;985,7;7,1;24,4;23,8;24,6;24,3;23,9;23,6;97;95;96;346;4,4;,9;
2026/02/27;1100 UTC;,2;988,1;988,1;987;34,7;24,5;24,2;24,7;24,4;24,3;23,8;98;96;98;183;2,3;1,1;
2026/02/27;1200 UTC;,2;989,2;989,2;988,1;54,7;24,2;23,9;24,6;24,2;24,4;23,7;99;97;98;326;3;,8;
2026/02/27;1300 UTC;,4;989,3;989,5;989,2;124,7;23,7;23,7;24,2;23,7;24,1;23,7;100;98;100;295;4,5;2,3;
2026/02/27;1400 UTC;,2;989,6;989,7;989,3;405,9;24,1;24,1;24,2;23,5;24,2;23,5;100;100;100;305;4,2;1,2;
2026/02/27;1500 UTC;,2;989,6;989,8;989,6;669,8;24,6;24,5;24,7;24,1;24,6;24;100;99;99;332;3,6;1,7;
2026/02/27;1600 UTC;,4;988,9;989,6;988,9;617,9;23,8;23,7;24,9;23,8;24,9;23,7;100;99;99;336;5,8;3;
2026/02/27;1700 UTC;,6;987,8;988,9;987,8;665,5;24;24;24,3;23,7;24,1;23,5;100;99;100;269;5,8;1;
2026/02/27;1800 UTC;,6;987,2;987,8;987,2;583;24,6;24,4;24,7;23,8;24,5;23,7;100;98;99;319;3,3;1,4;
2026/02/27;1900 UTC;,8;986,7;987,2;986,7;273,1;24,5;24,4;24,7;24,3;24,7;23,9;100;97;100;354;3,6;2,2;
2026/02/27;2000 UTC;,8;986,5;986,7;986,4;271,1;24,4;24,4;24,6;24,1;24,4;23,7;100;97;100;352;5,4;1,6;
2026/02/27;2100 UTC;,8;986,9;986,9;986,5;181,6;23,7;23,7;24,5;23,7;24,5;23,7;100;99;100;330;4,8;1,1;
2026/02/27;2200 UTC;1;987,3;987,3;986,9;36,9;23,6;23,6;23,9;23,6;23,9;23,6;100;100;100;329;3;1,2;
2026/02/27;2300 UTC;1;988,1;988,1;987,3;;23,5;23,5;23,7;23,4;23,7;23,4;100;100;100;318;2,7;,8;
2026/02/28;0000 UTC;1;988,6;988,6;988,1;;23,5;23,5;23,7;23,5;23,7;23,5;100;100;100;336;3,5;1,1;
2026/02/28;0100 UTC;1,2;989,4;989,4;988,6;;23,3;23,3;23,6;23,3;23,6;23,3;100;100;100;93;3,5;,3;
2026/02/28;0200 UTC;1;989,6;989,7;989,4;;23,3;23,3;23,4;23,3;23,4;23,3;100;100;100;315;1,8;,8;
2026/02/28;0300 UTC;1,2;989,2;989,6;989,2;;23,4;23,4;23,4;23,3;23,4;23,3;100;100;100;350;1,7;,8;
2026/02/28;0400 UTC;1;988,4;989,2;988,4;;23,2;23,2;23,4;23,2;23,4;23,1;100;100;100;346;2,4;1,4;
2026/02/28;0500 UTC;1,4;987,7;988,4;987,7;;22,9;22,7;23,2;22,9;23,2;22,7;100;99;99;313;4,4;1,6;
2026/02/28;0600 UTC;1,2;987,1;987,7;987,1;;22,7;22,4;22,9;22,7;22,7;22,4;99;98;99;323;4;1,7;
2026/02/28;0700 UTC;1,2;986,7;987,1;986,7;;22,5;22,5;22,7;22,5;22,5;22,4;100;99;100;360;4;1;
2026/02/28;0800 UTC;1,4;986,7;986,8;986,7;;22,4;22,3;22,5;22,3;22,5;22,2;100;99;99;332;3,7;1,5;
2026/02/28;0900 UTC;1,2;986,8;986,8;986,6;;22,4;22,4;22,5;22,3;22,4;22,2;100;99;100;327;3,9;1,7;
2026/02/28;1000 UTC;;;;;;;;;;;;;;;;;;
2026/02/28;1100 UTC;1,4;988,5;988,5;987,4;419;23,6;22,9;23,6;22,5;22,9;22,5;100;96;96;327;1,9;1;
2026/02/28;1200 UTC;1,2;989,2;989,2;988,5;1024,4;24,8;23,2;24,8;23,6;23,3;22,4;96;90;91;329;5,3;2,4;
2026/02/28;1300 UTC;1,6;989,8;989,8;989,2;1677,7;25,8;23,2;25,8;24,7;23,6;22,6;91;85;85;312;5,1;2,3;
2026/02/28;1400 UTC;1,6;989,7;989,9;989,7;1909,1;26,9;23,3;27,5;25,8;24,7;22,7;86;79;81;309;4,9;1,7;
2026/02/28;1500 UTC;1,4;989,2;989,7;989,2;2792,6;27,4;23,1;28,3;26,6;24,4;22,4;82;73;77;321;6,4;2,6;
2026/02/28;1600 UTC;1,6;988;989,2;988;2722,7;28;22,9;28,3;26,9;24,1;22,2;83;73;74;329;5,8;2,6;
2026/02/28;1700 UTC;1,4;986,7;988;986,7;2242,2;28,2;23,5;28,8;27,6;24,5;22,9;80;72;75;329;5,8;2,7;
2026/02/28;1800 UTC;1,4;985,7;986,7;985,7;2213,5;28,5;22,7;29;28,1;24,3;22,4;77;69;71;323;6,5;2,9;
2026/02/28;1900 UTC;1,2;984,8;985,7;984,8;2612,5;29,3;22,4;30,4;28,5;24,2;21,8;71;61;66;321;6,1;3,2;
2026/02/28;2000 UTC;1;984,3;984,9;984,2;1807;28,9;22;29,9;28,9;23,4;21,4;68;60;66;332;6,5;3,2;
2026/02/28;2100 UTC;1,2;984,9;984,9;984,3;368;28,4;22,5;28,9;28,1;23,2;22;74;66;71;339;6,5;1,9;
2026/02/28;2200 UTC;1;985,6;985,6;984,9;61,9;26,5;23,6;28,4;26,5;24;22,4;85;70;84;8;3,1;,6;
2026/02/28;2300 UTC;1,2;986,4;986,4;985,6;;25,7;24,2;26,6;25,7;24,7;23,8;93;84;91;357;1,5;,8;
2026/03/01;0000 UTC;1;987,3;987,3;986,4;;25,6;24;26,1;25,6;24,5;23,9;93;88;91;349;1,8;,7;
2026/03/01;0100 UTC;1;988,1;988,1;987,3;;25,6;24,3;25,7;25,4;24,5;23,9;94;91;92;19;1,8;1,1;
2026/03/01;0200 UTC;;;;;;25,2;;25,6;25,2;;;;;;;;;
2026/03/01;0300 UTC;,4;988,5;988,6;988,5;;25,1;23,9;25,3;24,9;24,4;23,8;95;93;93;333;2,6;1,2;
2026/03/01;0400 UTC;0;988;988,5;988;;25;23,9;25,2;24,9;24,1;23,8;95;93;94;3;2,7;1,8;
2026/03/01;0500 UTC;0;987,3;988;987,3;;24,4;23,8;25;24,4;24,1;23,8;97;94;96;344;2,8;1,3;
2026/03/01;0600 UTC;0;986,8;987,3;986,8;;24,4;23,5;24,5;24,4;23,9;23,4;97;94;95;346;3,4;1,8;
2026/03/01;0700 UTC;0;987;987;986,8;;24,2;23,6;24,4;24,2;23,7;23,4;97;95;96;327;3,4;1,3;
2026/03/01;0800 UTC;0;987,2;987,2;987;;24;23,4;24,2;24;23,6;23,4;97;96;97;324;3;1,3;
2026/03/01;0900 UTC;0;987,3;987,3;987,2;;23,7;23,1;24;23,7;23,5;23,1;98;96;96;339;5,2;2,7;
2026/03/01;1000 UTC;0;987,7;987,7;987,3;29,3;23,8;23,3;24;23,7;23,3;22,8;97;93;97;357;5,2;2,4;
2026/03/01;1100 UTC;0;988,5;988,5;987,7;287,6;24,3;23,4;24,3;23,7;23,5;23,1;98;94;95;327;4;2,1;
2026/03/01;1200 UTC;0;989,2;989,2;988,5;1107,5;25,8;22,9;25,9;24,3;23,7;22,7;95;84;84;343;4,9;2,8;
2026/03/01;1300 UTC;0;989,4;989,4;989,2;2034,3;27,5;22,6;27,9;25,7;23,7;22,5;86;74;75;333;6,7;3,4;
2026/03/01;1400 UTC;0;989,3;989,4;989,3;2026;27,6;22,8;28,2;27;24;22,7;81;74;75;301;6,5;2,4;
2026/03/01;1500 UTC;0;988,6;989,3;988,6;2412,8;29,9;24,1;29,9;27,5;25,3;22,2;82;67;71;289;6,3;2,6;
2026/03/01;1600 UTC;0;987,5;988,6;987,4;2406,2;29,3;23,3;30,9;29;24,7;22,6;73;66;70;329;7,4;3,6;
2026/03/01;1700 UTC;0;986,4;987,5;986,4;2583,8;31;25,2;31;28,2;25,2;23;81;66;71;276;7,4;2,1;
2026/03/01;1800 UTC;0;985,5;986,4;985,5;1497,7;27,8;24;31,1;26,8;25,5;23;88;65;80;229;7,3;2;
2026/03/01;1900 UTC;0;984,6;985,5;984,5;2439,2;29,9;24,2;31,3;27,8;26;23,9;81;68;72;316;6;2,6;
2026/03/01;2000 UTC;0;984,2;984,5;984,1;1249,2;30;22,9;31,2;29,4;25,8;22,9;77;65;66;326;4,7;2,1;
2026/03/01;2100 UTC;0;984,3;984,4;984,2;658,8;29,9;22,9;30,2;29,7;23,5;22,5;69;64;66;310;4,2;1,3;
2026/03/01;2200 UTC;0;984,5;984,5;984,2;107,4;28;23,2;29,9;27,9;24,1;22,7;79;66;75;263;2,9;,3;
2026/03/01;2300 UTC;0;985,4;985,4;984,5;;27,6;25,2;28,1;27,4;25,2;23,1;87;74;87;81;2;,7;
2026/03/02;0000 UTC;;;;;;;;;;;;;;;;;;
2026/03/02;0100 UTC;;;;;;25,1;;;;;;;;;;;;
2026/03/02;0200 UTC;;;;;;;;;;;;;;;;;;
2026/03/02;0300 UTC;0;987,2;987,7;987,2;;24,8;24,7;24,9;24,7;24,8;24,6;100;99;100;206;2,4;1;
2026/03/02;0400 UTC;0;987,2;987,4;987,2;;24,7;24,6;24,8;24,6;24,8;24,5;100;99;99;167;3;1,9;
2026/03/02;0500 UTC;0;986,4;987,2;986,4;;24,3;24,3;24,8;24,3;24,7;24,3;100;99;100;161;3,4;1,4;
2026/03/02;0600 UTC;0;985,9;986,4;985,8;;24,1;24,1;24,3;24;24,3;24;100;100;100;227;2,5;,8;
2026/03/02;0700 UTC;0;985,6;985,9;985,6;;24,2;24,2;24,3;24,1;24,3;24,1;100;100;100;18;1,7;1,1;
2026/03/02;0800 UTC;0;985,9;985,9;985,6;;24;24;24,2;24;24,2;24;100;100;100;210;1,7;,4;
2026/03/02;0900 UTC;0;986,3;986,3;985,9;;24,1;24,1;24,1;24;24,1;23,9;100;100;100;168;1,8;1,2;
2026/03/02;1000 UTC;0;986,9;987;986,3;49,2;24,3;24,3;24,4;24,1;24,4;24,1;100;100;100;8;1,8;1,1;
2026/03/02;1100 UTC;0;987,9;987,9;986,9;392,8;25,1;24,7;25,1;24,2;24,9;24,1;100;98;98;54;1,8;,8;
2026/03/02;1200 UTC;0;988,6;988,7;987,9;857,9;26,2;24,8;26,3;25,1;25,1;24,5;98;92;92;28;1,6;,8;
2026/03/02;1300 UTC;0;988,7;988,9;988,7;1773,8;28;24,5;28,1;26,2;25,5;24,3;93;81;81;356;3,5;1,2;
2026/03/02;1400 UTC;0;987,9;988,7;987,9;2922,3;29,7;24,4;29,9;27,8;25,5;23,5;83;72;73;324;5,2;2,1;
2026/03/02;1500 UTC;0;987,4;987,9;987,4;2646,8;28,8;24,4;30,4;28,8;25,3;23,6;79;70;77;327;6,4;3,6;
2026/03/02;1600 UTC;0;986,2;987,4;986,2;3149,3;31,1;23,9;31,1;28,5;25,1;23,4;81;65;65;321;6,9;2,2;
2026/03/02;1700 UTC;0;984,7;986,2;984,7;2562,3;31,2;24,5;31,7;29,7;25,2;23,4;76;63;68;357;6,6;2,6;
2026/03/02;1800 UTC;0;983,8;984,7;983,8;2206,8;31,5;;31,8;30,5;25;22,1;70;57;;5;6,4;3,4;
2026/03/02;1900 UTC;0;983;983,8;983;2006,2;31,6;23,5;32;31,2;24,8;23,1;69;62;62;351;5,8;2,8;
2026/03/02;2000 UTC;0;982,9;983;982,7;1015,7;30,3;24,2;31,7;30,3;24,2;22,7;70;60;70;11;5,5;3,1;
2026/03/02;2100 UTC;0;983,4;983,7;982,9;277,3;28,6;24,8;30,4;28,6;25,4;24;80;69;80;27;6,9;3,6;
2026/03/02;2200 UTC;0;984,5;984,5;983,4;25,9;27,7;24,8;28,6;27,7;25,3;24,8;85;80;84;54;6,9;1,4;
2026/03/02;2300 UTC;0;985,2;985,2;984,3;;26,6;24,9;27,7;26,6;25,1;24,8;91;84;90;43;3;1,3;
2026/03/03;0000 UTC;0;986,6;986,7;985,1;;26,6;25,2;26,7;26,3;25,6;24,9;95;90;92;133;2,3;1,3;
2026/03/03;0100 UTC;0;986,9;986,9;986,4;;26;24,6;26,6;26;25,4;24,6;94;91;92;299;4,2;,7;
2026/03/03;0200 UTC;0;987,4;987,5;986,9;;25,8;24,8;26,1;25,8;25,1;24,5;95;91;94;323;1,8;,7;
2026/03/03;0300 UTC;;;;;;25,6;;25,9;25,6;;;;;95;;;;
2026/03/03;0400 UTC;0;986,7;987,1;986,7;;25,3;24,9;25,6;25,3;25;24,7;98;95;98;28;2,4;1,8;
2026/03/03;0500 UTC;0;986,3;986,7;986,3;;25;24,7;25,3;25;25,1;24,7;99;98;99;337;2,4;1,2;
2026/03/03;0600 UTC;0;985,5;986,3;985,5;;24,5;24,3;25,1;24,5;24,9;24,2;99;98;98;335;3,2;1;
2026/03/03;0700 UTC;0;985,3;985,5;985,2;;24,3;23,9;24,6;24,2;24,3;23,7;99;97;98;247;3,1;,5;
2026/03/03;0800 UTC;0;985,7;985,7;985,2;;24,2;23,9;24,4;24,2;24;23,8;98;97;98;179;1,1;,5;
2026/03/03;0900 UTC;0;986,3;986,3;985,7;;24,3;24,3;24,4;24,3;24,4;23,9;100;98;100;177;2;,9;
2026/03/03;1000 UTC;0;986,9;986,9;986,3;22,9;24,4;24,4;24,5;24,3;24,4;24,3;100;100;100;191;1,9;1,1;
2026/03/03;1100 UTC;0;987,9;987,9;986,9;199;24,6;24,5;24,8;24,4;24,7;24,4;100;99;99;165;3,8;2,2;
2026/03/03;1200 UTC;0;988,7;988,7;987,9;672,9;25,7;24,4;25,9;24,5;25;24,1;99;91;93;179;4,2;2,2;
2026/03/03;1300 UTC;0;988,9;989;988,7;992,2;26,6;23,9;26,6;25,7;24,5;23,7;93;85;85;149;4,6;1,9;
2026/03/03;1400 UTC;0;988,5;988,9;988,5;2918,7;28,8;23,6;28,9;26,6;25,4;23,4;85;74;74;140;3,9;1,5;
2026/03/03;1500 UTC;0;987,9;988,5;987,9;2313,7;27,8;24,5;30,7;27,8;25,1;23,3;82;67;82;332;7,5;3,8;
2026/03/03;1600 UTC;0;986,6;987,9;986,6;2314,4;29,9;25,4;31,2;26,3;27,5;24,5;97;74;77;86;7,5;1,3;
2026/03/03;1700 UTC;0;985,2;986,6;985,2;2256;30,5;23,9;31;29,4;25,8;23,8;79;67;68;5;7,3;3,7;
2026/03/03;1800 UTC;0;984,6;985,2;984,5;2823,4;29,7;24,6;31,3;29,7;26;23,6;75;67;74;346;7,3;3,5;
2026/03/03;1900 UTC;0;984,1;984,7;984,1;703,3;28;25;30,1;28;25,5;24,4;85;73;84;323;6,2;2,5;
2026/03/03;2000 UTC;0;984;984,3;983,9;434,8;26,3;24,6;28,2;26,3;25,5;24,6;91;83;90;357;6,4;3,3;
2026/03/03;2100 UTC;0;984,5;984,5;984;74,8;26,5;24,3;26,6;26;24,7;23,8;91;87;88;331;5,3;2;
2026/03/03;2200 UTC;0;984,8;984,8;984,4;19;26;25,1;26,5;26;25,2;24,3;95;88;95;43;3,6;1,6;
2026/03/03;2300 UTC;;;;;;25,2;24,8;26;25,2;;;98;95;97;;;;
2026/03/04;0000 UTC;0;986,1;986,1;985,4;;25,2;25;25,3;25,1;25;24,8;99;97;98;281;3,2;,5;
2026/03/04;0100 UTC;0;987,1;987,1;986,1;;25,8;24,9;25,9;25,2;25,1;24,8;99;95;95;343;2,2;1;
2026/03/04;0200 UTC;0;988;988;987,1;;25,4;25,3;25,8;25,4;25,5;24,6;99;95;99;358;3,4;1,5;
2026/03/04;0300 UTC;0;987,9;988,3;987,9;;25;25;25,4;25;25,4;25;100;99;100;347;2,1;,3;
2026/03/04;0400 UTC;0;987,1;987,9;987,1;;24,8;24,8;25,1;24,8;25,1;24,8;100;100;100;301;2,4;,7;
2026/03/04;0500 UTC;0;986,3;987,1;986,3;;24,9;24,9;25;24,8;25;24,8;100;100;100;333;1,6;,7;
2026/03/04;0600 UTC;0;985,6;986,3;985,6;;24,7;24,7;24,9;24,7;24,9;24,7;100;100;100;332;2;1,1;
2026/03/04;0700 UTC;0;985,7;985,7;985,5;;24,7;24,7;24,8;24,6;24,7;24,6;100;100;100;4;2,3;1;
2026/03/04;0800 UTC;0;985,3;985,7;985,3;;24,5;24,5;24,7;24,5;24,7;24,5;100;100;100;3;1,9;,9;
2026/03/04;0900 UTC;0;986;986;985,3;;24,4;24,4;24,5;24,3;24,5;24,3;100;100;100;185;1,7;1;
2026/03/04;1000 UTC;0;986,9;986,9;986;27,5;24,5;24,5;24,5;24,4;24,5;24,4;100;100;100;193;1,7;,8;
2026/03/04;1100 UTC;0;988;988;986,9;480,2;25,3;24,6;25,3;24,5;25,3;24,4;100;96;96;151;1,7;,3;
2026/03/04;1200 UTC;0;988,9;988,9;988;718,6;26,5;25,1;26,6;25,3;25,5;24,4;97;91;92;155;2,2;1,3;
2026/03/04;1300 UTC;0;989,3;989,4;988,9;2376,1;29;24,8;29,1;26,5;25,8;23,9;92;76;78;47;2,9;1,2;
2026/03/04;1400 UTC;0;988,9;989,4;988,9;2196;30;24,1;30,3;28,3;25,8;23,1;80;69;71;298;3,4;1,5;
2026/03/04;1500 UTC;0;987,9;988,9;987,9;2532;30;24,1;30,8;29,2;25,4;23,6;78;67;71;339;5,1;2,7;
2026/03/04;1600 UTC;0;986,7;987,9;986,7;2022,9;30,3;24,6;30,4;29,2;25,7;23,8;77;69;71;17;6,1;3,2;
2026/03/04;1700 UTC;0;985,5;986,7;985,4;1493,7;28;24,5;31;27,7;25,6;23,2;82;66;81;274;6,4;2,1;
2026/03/04;1800 UTC;0;984,4;985,5;984,4;586,6;26,7;24,3;28,1;26,7;24,9;23,8;88;78;87;190;5;1,8;
2026/03/04;1900 UTC;0;984,1;984,5;984,1;480,1;27,2;24,5;27,2;26,7;24,8;23,9;88;84;85;195;3,4;1,2;
2026/03/04;2000 UTC;0;984,9;984,9;984,1;566,1;27,9;24,6;27,9;27,1;24,8;24,1;85;81;82;191;2,8;,9;
2026/03/04;2100 UTC;0;985,5;985,5;984,9;183,5;25,7;23,6;27,9;25,7;25,1;23,4;89;81;89;282;9,8;3,4;
2026/03/04;2200 UTC;0;986,2;986,2;985,5;7,9;24,4;24,1;25,7;24,3;24,2;23,6;98;89;98;335;7,3;1,2;
2026/03/04;2300 UTC;0;986,3;986,3;986,2;;24,2;24,1;24,6;24,1;24,4;24;100;98;99;322;2,3;1,2;
2026/03/05;0000 UTC;0;986,8;986,8;986,2;;24,3;24,3;24,4;24,2;24,4;24,1;100;99;100;37;3,4;2;
2026/03/05;0100 UTC;0;988,2;988,2;986,8;;24,2;24,2;24,3;24,1;24,3;24,1;100;100;100;34;3,4;1,1;
2026/03/05;0200 UTC;;;;;;;;;;;;;;;;;;
2026/03/05;0300 UTC;0;987,9;988,5;987,9;;23,9;23,9;24,1;23,8;24;23,8;100;100;100;339;2;,3;
2026/03/05;0400 UTC;0;986,8;987,9;986,8;;23,9;23,9;24;23,8;24;23,8;100;100;100;353;2,4;1,3;
2026/03/05;0500 UTC;0;986,1;986,8;986,1;;23,8;23,8;23,9;23,7;23,8;23,7;100;100;100;352;2,5;1,3;
2026/03/05;0600 UTC;0;986,3;986,3;986,1;;23,7;23,7;23,8;23,6;23,8;23,6;100;100;100;338;3;,7;
2026/03/05;0700 UTC;0;986,7;986,7;986,3;;23,8;23,8;23,8;23,6;23,8;23,6;100;100;100;349;1,3;,5;
2026/03/05;0800 UTC;0;987,1;987,1;986,7;;23,8;23,8;23,9;23,7;23,9;23,7;100;100;100;344;2;1;
2026/03/05;0900 UTC;0;987,4;987,4;987,1;;23,8;23,8;24;23,8;24;23,8;100;100;100;327;2,3;,9;
2026/03/05;1000 UTC;0;987,9;987,9;987,4;30,4;23,8;23,8;23,9;23,7;23,9;23,7;100;100;100;324;3,5;1,8;
2026/03/05;1100 UTC;0;988,7;988,7;987,9;473,8;24,8;24,2;24,8;23,8;24,3;23,7;100;97;97;355;5;2,7;
2026/03/05;1200 UTC;0;989,2;989,2;988,7;1319,9;26,5;24,2;26,6;24,7;24,7;23,7;97;87;87;337;5,4;2,4;
2026/03/05;1300 UTC;0;989,4;989,4;989,2;1867,3;27,3;24,2;27,5;26,2;25,2;23,7;89;81;84;338;5,9;2,8;
2026/03/05;1400 UTC;0;989,2;989,4;989,2;1726,5;27,9;24,4;28,4;27;24,8;23,5;86;76;81;347;5,6;2,7;
2026/03/05;1500 UTC;0;988,4;989,2;988,4;2326,6;29,3;25;29,6;27,6;25,3;23,5;83;71;78;332;5,7;2,9;
2026/03/05;1600 UTC;0;986,8;988,4;986,8;3517,9;30,2;23,6;30,8;29;25,1;22,5;77;64;68;347;5,8;2,1;
2026/03/05;1700 UTC;0;985,5;986,8;985,5;2847,6;31,6;23,7;31,6;29,8;25,1;22,9;73;62;63;345;5,7;2,2;
2026/03/05;1800 UTC;0;984,4;985,5;984,4;2874,5;32;22,5;32,5;30,8;24,6;22,5;65;58;58;359;5,6;2,7;
2026/03/05;1900 UTC;0;983,6;984,4;983,6;2666,9;32,4;22,8;32,6;31,7;23,9;21,6;63;54;57;358;5,2;2,3;
2026/03/05;2000 UTC;0;983,1;983,6;983,1;1326,7;31,3;23,3;32,5;31,2;23,5;22,3;63;56;62;1;5,5;2,5;
2026/03/05;2100 UTC;0;984,1;984,1;983,1;599;30,5;23,2;31,7;30,5;23,5;22,4;65;58;65;11;4,7;2,3;
2026/03/05;2200 UTC;0;985;985;984,1;39;28,5;23,6;30,5;28,5;23,9;22,8;75;64;75;345;3,9;1,2;
2026/03/05;2300 UTC;0;986,4;986,4;985;;27,1;24,2;28,5;27;24,5;23,6;86;75;84;178;4,2;1,1;
2026/03/06;0000 UTC;;;;;;;;;;;;;;;;;;
2026/03/06;0100 UTC;;;;;;;;;;;;;;;;;;
2026/03/06;0200 UTC;0;988,5;988,6;988,3;;25;24,3;25,7;25;24,5;23,9;96;93;96;142;4,9;2;
2026/03/06;0300 UTC;0;988,5;988,9;988,5;;24,2;23,9;25;24,2;24,5;23,8;98;96;98;152;4,8;1,6;
2026/03/06;0400 UTC;0;988,2;988,5;988,2;;23,8;23,8;24,2;23,8;24,1;23,8;100;98;100;123;4,2;2,4;
2026/03/06;0500 UTC;0;987,5;988,2;987,5;;23,3;23,3;23,8;23,2;23,8;23,3;100;100;100;189;5,7;2,9;
2026/03/06;0600 UTC;0;986,7;987,5;986,7;;23,1;23,1;23,3;23,1;23,3;23,1;100;100;100;183;5,7;1,1;
2026/03/06;0700 UTC;0;986,8;986,8;986,5;;23,2;23,2;23,2;23;23,2;23;100;100;100;129;3;1;
2026/03/06;0800 UTC;0;987,5;987,5;986,8;;23,1;23,1;23,3;23,1;23,3;23,1;100;100;100;143;3,1;,5;
2026/03/06;0900 UTC;0;988,1;988,1;987,5;;23,2;23,2;23,3;23;23,3;23;100;100;100;234;1,9;,7;
2026/03/06;1000 UTC;0;988,6;988,6;988,1;8;23,2;23,2;23,4;23,1;23,4;23,1;100;100;100;293;2,4;1;
2026/03/06;1100 UTC;,2;989,5;989,5;988,6;202,3;23,4;23,4;23,6;23,1;23,6;23,1;100;100;100;184;2,4;1;
2026/03/06;1200 UTC;,2;990,5;990,5;989,5;371,4;24,1;24;24,2;23,4;24,2;23,4;100;99;99;87;2,3;1;
2026/03/06;1300 UTC;,2;991,2;991,2;990,5;482,5;24,4;24,1;24,6;24;24,4;23,9;100;98;98;45;2,5;1,4;
2026/03/06;1400 UTC;,4;991,5;991,5;991,2;609,4;24,5;24,5;24,9;24,4;24,7;24,1;100;98;99;28;3,9;2,1;
2026/03/06;1500 UTC;,4;990;991,5;990;710,3;24,7;24,2;24,8;24,3;24,8;23,9;100;97;97;323;3,9;1,1;
2026/03/06;1600 UTC;,6;987,8;990;987,8;1067,8;25,8;24,7;25,9;24,5;24,9;23,9;98;93;94;273;4,3;1,7;
2026/03/06;1700 UTC;,8;986,8;987,8;986,5;826,9;25,9;24,3;26;25,5;25;24,1;95;90;91;317;5,5;2;
2026/03/06;1800 UTC;,6;987,3;987,3;986,8;800,6;26,1;24,8;26,3;25,8;25,2;24,2;95;91;93;21;5,1;2,4;
2026/03/06;1900 UTC;1;986,6;987,3;986,6;1573,2;27,6;25,1;27,6;26,1;25,1;23,9;94;83;86;40;3,8;1,8;
2026/03/06;2000 UTC;1;986,2;986,6;986,2;1121,8;27,3;24,7;27,6;27;25;23,8;87;82;86;2;4;1,8;
2026/03/06;2100 UTC;1,2;986,7;986,7;986,1;309,7;26,4;24,4;27,3;26,4;24,7;23,8;89;82;89;122;3;1,2;
2026/03/06;2200 UTC;1,4;986,9;987;986,7;18,4;25,6;24,6;26,4;25,5;24,7;24,3;94;89;94;199;2,1;1,1;
2026/03/06;2300 UTC;1,8;987,3;987,3;986,9;;25;23,7;25,6;25;24,7;23,6;96;91;92;179;4,2;2,3;
2026/03/07;0000 UTC;2,2;988;988;987,3;;24,8;24,7;25;24,6;24,7;23,7;99;92;99;159;4,1;,6;
2026/03/07;0100 UTC;2;988,5;988,5;988;;24,4;24,3;24,8;24,4;24,7;24,3;100;99;99;174;2,7;1,4;
2026/03/07;0200 UTC;2,2;988,6;988,8;988,5;;24,1;24,1;24,5;24,1;24,3;24,1;100;99;100;161;2,5;,9;
2026/03/07;0300 UTC;2,2;988,4;988,6;988,4;;23,9;23,9;24,1;23,9;24,1;23,9;100;100;100;155;2,1;,9;
2026/03/07;0400 UTC;2;987,8;988,4;987,8;;23,6;23,6;23,9;23,6;23,9;23,6;100;100;100;169;2;1,2;
2026/03/07;0500 UTC;2;987;987,8;987;;23,5;23,5;23,7;23,5;23,7;23,5;100;100;100;206;2,5;,9;
2026/03/07;0600 UTC;1,8;986,4;987;986,4;;23,3;23,3;23,5;23,3;23,5;23,3;100;100;100;242;1,6;,3;
2026/03/07;0700 UTC;1,6;986,5;986,5;986,3;;23,1;23,1;23,3;23,1;23,3;23,1;100;100;100;194;1,4;,8;
2026/03/07;0800 UTC;1,4;987,2;987,2;986,4;;23,1;23,1;23,1;23;23,1;23;100;100;100;217;1,8;,5;
2026/03/07;0900 UTC;1,4;987,6;987,7;987,1;;23,1;23,1;23,2;23,1;23,2;23,1;100;100;100;143;1,7;,9;
2026/03/07;1000 UTC;1;988,2;988,2;987,6;30;23,1;23,1;23,1;22,9;23,1;22,9;100;100;100;176;2,6;1,3;
2026/03/07;1100 UTC;,6;989,2;989,2;988,2;257,7;24;23,8;24;23,1;23,8;23,1;100;99;99;182;4;1,8;
2026/03/07;1200 UTC;,2;990;990;989,2;550,3;24,6;23,7;24,8;23,9;24,1;23,7;99;95;95;185;4,4;2,1;
2026/03/07;1300 UTC;,2;989,7;990;989,7;2026,1;26,6;23,7;27,5;24,6;24,6;23,4;95;82;84;188;5,5;2,6;
2026/03/07;1400 UTC;0;989,4;989,7;989,4;2597,2;28,2;23;29,2;26,6;25;22,9;85;72;74;164;5,4;2,8;
2026/03/07;1500 UTC;0;988,7;989,4;988,7;2704,2;29,4;23,7;29,8;28,1;24,9;22,9;78;68;71;183;5,6;2,7;
2026/03/07;1600 UTC;0;987,4;988,7;987,4;2324,6;29,2;23,8;30;29,2;25;22,9;75;67;73;189;6,2;2,9;
2026/03/07;1700 UTC;,2;986,2;987,4;986,2;2039,2;31;23,8;31;27,2;27,1;23,5;92;66;66;180;5,9;2,4;
2026/03/07;1800 UTC;,4;985,1;986,2;985,1;1632;29,7;24;31,4;28,6;26;23,1;81;64;72;171;4,7;1,3;
2026/03/07;1900 UTC;,2;984,3;985,2;984,3;1551,7;30,8;23,9;31,7;29,6;25,4;23,2;74;64;67;177;7,8;2,8;
2026/03/07;2000 UTC;,4;983,9;984,3;983,9;1082,6;29,8;24,2;31,4;29,7;25;23,2;72;66;72;196;7,8;1,6;
2026/03/07;2100 UTC;,2;984;984,3;983,8;319,3;26;25,6;30,1;25,8;25,7;23,8;98;69;97;305;7,4;1,6;
2026/03/07;2200 UTC;,2;984,3;984,3;983,9;62;25,8;25,4;26,1;25,8;25,8;25;98;95;97;77;3,1;,9;
2026/03/07;2300 UTC;,2;985,2;985,2;984,3;;25,3;25,3;25,9;25,3;25,6;25,2;100;97;100;218;1,7;,7;
2026/03/08;0000 UTC;;;;;;;;;;;;;;;;;;
2026/03/08;0100 UTC;,2;986,4;986,4;985,8;;24,9;24,9;25,3;24,9;25,3;24,9;100;100;100;230;2;1;
2026/03/08;0200 UTC;,2;987,2;987,2;986,4;;24,5;24,5;24,9;24,5;24,9;24,5;100;99;100;256;1,9;,3;
2026/03/08;0300 UTC;,2;987,1;987,2;987,1;;24,1;24,1;24,6;24,1;24,6;24,1;100;100;100;327;,8;,4;
2026/03/08;0400 UTC;,2;986,6;987,1;986,6;;23,9;23,9;24,2;23,8;24,2;23,8;100;100;100;342;1,4;,4;
2026/03/08;0500 UTC;0;985,9;986,6;985,9;;23,7;23,7;24;23,7;24;23,7;100;100;100;246;1,7;,5;
2026/03/08;0600 UTC;,2;985,6;985,9;985,6;;23,3;23,3;23,7;23,2;23,7;23,2;100;100;100;284;1,3;,3;
2026/03/08;0700 UTC;0;985,5;985,6;985,5;;23;22,9;23,3;23;23,3;22,9;100;99;99;195;1,4;,7;
2026/03/08;0800 UTC;,2;985,5;985,6;985,5;;22,8;22,8;23,1;22,8;23;22,8;100;99;100;216;1,4;1;
2026/03/08;0900 UTC;0;985,7;985,7;985,5;;22,6;22,6;22,8;22,5;22,8;22,5;100;100;100;215;1,5;,9;
2026/03/08;1000 UTC;0;986,8;986,8;985,7;61;23,1;23,1;23,1;22,6;23,1;22,6;100;100;100;274;1,4;,4;
2026/03/08;1100 UTC;,2;987,8;987,8;986,8;701,6;25,2;23,8;25,2;23;24;23;100;92;92;349;1,9;,8;
2026/03/08;1200 UTC;0;988,5;988,5;987,8;1643,8;27,9;24,8;28;25,2;25,1;23,7;93;81;83;245;2;1;
2026/03/08;1300 UTC;0;988,5;988,7;988,5;2476,6;29,3;24,2;30,1;27,5;25,6;23,9;84;72;74;202;2,7;1,4;
2026/03/08;1400 UTC;0;988,3;988,6;988,3;2718,7;30,9;24,7;30,9;29,3;26;23,5;78;66;70;85;3,3;1,3;
2026/03/08;1500 UTC;,2;987,2;988,3;987,2;2957,8;29,9;24;32,1;29,9;25,9;22,9;73;60;71;179;5,4;3,1;
2026/03/08;1600 UTC;0;986;987,2;986;3434,4;32,9;24,7;32,9;29,9;25,2;23,3;73;59;62;2;4,9;1,4;
2026/03/08;1700 UTC;,2;986;986;985;3262;26,5;22,8;33,6;26,5;25;22,1;80;54;80;32;16,4;9,1;
2026/03/08;1800 UTC;0;986;986,4;985,7;719,8;24,2;23,9;26,5;23,8;24,2;22,7;100;80;99;2;16,4;2,4;
2026/03/08;1900 UTC;0;985,3;986,2;985,3;86,1;23,8;22,9;24,2;23,7;23,9;22,8;99;95;95;283;4,4;1,7;
2026/03/08;2000 UTC;,2;984,4;985,3;984,3;53,9;24,4;23,3;24,4;23,8;23,3;22,3;95;89;94;322;3,6;,7;
2026/03/08;2100 UTC;,4;984,3;984,8;984,3;66,2;24,2;23,4;24,7;24,2;23,6;22;95;86;95;254;2,2;,9;
2026/03/08;2200 UTC;,4;984,7;984,8;984,3;17,2;23,8;23,3;24,4;23,8;23,6;23;97;93;97;326;3,3;,6;
2026/03/08;2300 UTC;,6;985,6;985,6;984,7;;23,9;23,5;24,1;23,7;23,6;22,7;98;93;98;208;1,8;,4;
2026/03/09;0000 UTC;,8;986,7;986,7;985,6;;23,7;23,1;24;23,5;23,6;22,9;98;96;97;180;1,7;,5;
2026/03/09;0100 UTC;,6;987,2;987,2;986,7;;23,6;23,2;23,8;23,5;23,4;22,9;98;96;98;346;1,7;,7;
2026/03/09;0200 UTC;,6;987,7;987,7;987,2;;23,4;23,2;23,6;23,3;23,2;22,6;99;96;99;42;2,2;,3;
2026/03/09;0300 UTC;,4;987,5;987,7;987,5;;23,2;23,1;23,4;23,1;23,3;23,1;100;99;100;320;,9;,4;
2026/03/09;0400 UTC;,6;987;987,5;987;;23,1;23,1;23,3;23,1;23,3;23;100;100;100;335;1,3;,4;
2026/03/09;0500 UTC;,2;986,7;987;986,7;;22,9;22,9;23,2;22,9;23,2;22,9;100;100;100;35;1,3;,9;
2026/03/09;0600 UTC;,2;986,2;986,8;986,2;;22,9;22,9;23;22,9;23;22,9;100;100;100;65;1,3;,8;
2026/03/09;0700 UTC;,2;986,2;986,2;986;;22,7;22,7;23;22,7;23;22,7;100;100;100;157;1,6;,5;
2026/03/09;0800 UTC;0;986,5;986,5;986,2;;22,6;22,6;22,7;22,6;22,7;22,6;100;100;100;154;1,2;,4;
2026/03/09;0900 UTC;0;987,5;987,5;986,5;;22,5;22,5;22,6;22,5;22,6;22,5;100;100;100;199;1,3;,8;
2026/03/09;1000 UTC;0;988,4;988,4;987,5;54,9;22,6;22,6;22,6;22,5;22,6;22,5;100;100;100;178;2,4;1,2;
2026/03/09;1100 UTC;0;989,5;989,5;988,4;427,7;23,8;23,6;23,8;22,6;23,6;22,7;100;98;99;198;2,4;1;
2026/03/09;1200 UTC;0;990,2;990,2;989,5;1573,4;27,2;24,6;27,2;23,7;24,6;23,2;99;82;86;83;2,1;,8;
2026/03/09;1300 UTC;0;990,3;990,4;990,2;2256,1;28,3;24,6;28,5;26,5;25,2;23,5;88;78;81;19;2,7;1,1;
2026/03/09;1400 UTC;0;990,1;990,3;990,1;3138,3;29,7;24,9;30;28,1;25,7;24;83;73;76;360;5,2;3,3;
2026/03/09;1500 UTC;0;989,6;990,1;989,6;3255,4;30,8;24,1;31;29,6;25,9;23,8;79;67;68;23;6,7;2,5;
2026/03/09;1600 UTC;0;988,6;989,6;988,6;3231,2;31,4;24;32,1;30,5;26;23,1;76;61;65;8;5,6;2,4;
2026/03/09;1700 UTC;0;987,4;988,6;987,4;3319,5;31,9;23,7;32,2;30,7;25,1;22,8;68;60;62;2;5,6;2,5;
2026/03/09;1800 UTC;0;986,4;987,4;986,4;2574;32,5;23,8;32,6;31,4;24,9;22,7;67;58;61;37;4,4;1,9;
2026/03/09;1900 UTC;0;985,4;986,4;985,4;2417,4;32,5;23,7;33;32,1;24,6;22,7;63;56;60;4;4,5;1,3;
2026/03/09;2000 UTC;0;985,3;985,5;985,3;1011,5;31,3;23,8;32,5;31,3;24,3;22,9;66;58;65;29;4,5;2,1;
2026/03/09;2100 UTC;0;985,5;985,5;985,3;242,3;30,3;23,9;31,3;30,3;24,2;23,3;70;63;69;63;3,3;,7;
2026/03/09;2200 UTC;0;985,3;985,8;985,2;21;28,7;24,8;30,3;28,3;25,1;23,7;81;68;79;142;2,7;,8;
2026/03/09;2300 UTC;0;986;986;985,3;;27,3;25,6;28,7;27,3;25,7;24,4;90;78;90;189;2,1;1,1;
2026/03/10;0000 UTC;0;987;987;986;;26,9;25,1;27,3;26,6;25,9;25,1;95;89;90;233;2;1,1;
2026/03/10;0100 UTC;0;987,8;987,9;987;;26,1;24,8;26,9;26,1;25,3;24,7;94;89;93;230;2;,9;
2026/03/10;0200 UTC;0;988,8;988,8;987,8;;25,7;24,7;26,4;25,7;25;24,6;95;90;94;235;1,5;,5;
2026/03/10;0300 UTC;0;988,6;988,9;988,6;;25,6;24,8;25,8;25,4;25;24,4;96;93;95;276;1,9;,5;
2026/03/10;0400 UTC;0;988,3;988,6;988,3;;25,2;24,7;25,6;25,1;24,8;24,4;98;95;97;216;1,9;,4;
2026/03/10;0500 UTC;0;988,1;988,3;988,1;;25;24,8;25,2;24,8;24,8;24,4;99;96;99;171;1,6;,2;
2026/03/10;0600 UTC;0;987,7;988,1;987,7;;24,5;24,3;25,4;24,5;25,1;24,3;99;97;99;248;2,3;,4;
2026/03/10;0700 UTC;0;987,2;987,8;987,2;;24,5;24;24,6;24,4;24,3;24;99;97;97;187;2,3;,9;
2026/03/10;0800 UTC;0;987,8;987,8;987,2;;24,4;24,1;24,6;24,3;24,1;23,9;98;96;98;333;2;,4;
2026/03/10;0900 UTC;0;988,4;988,5;987,8;;24,1;24;24,4;24,1;24,2;23,9;100;98;99;132;1,4;,8;
2026/03/10;1000 UTC;0;989,3;989,3;988,4;50,8;24,4;24,4;24,4;23,9;24,4;23,8;100;99;100;134;1,4;,2;
2026/03/10;1100 UTC;0;990,1;990,1;989,2;422,7;26,2;24,7;26,2;24,4;24,9;24,2;100;92;92;217;2,3;1,1;
2026/03/10;1200 UTC;0;991,3;991,3;990,1;703,8;27,2;24,9;27,3;26,2;25,2;24,5;93;86;87;184;3,6;2,1;
2026/03/10;1300 UTC;0;992,1;992,1;991,3;2061,6;27,9;24,7;28,9;27,2;25,9;24,7;88;80;83;182;5,8;2,8;
2026/03/10;1400 UTC;0;993,1;993,1;992;519,6;22,5;20,7;28,3;22,5;25,9;20,1;90;75;90;26;13,2;5,6;
2026/03/10;1500 UTC;0;991,7;993,1;991,3;121;21,8;21,2;22,5;21,4;21,6;20,8;99;90;96;48;10,1;2,1;
2026/03/10;1600 UTC;,2;989,5;991,7;989,5;174,5;22,1;21,9;22,1;21,8;22;21,2;99;96;99;196;4;2;
2026/03/10;1700 UTC;,2;988,1;989,5;988,1;737,6;24;22,9;24;22,1;23,2;22;100;93;94;162;4;,7;
2026/03/10;1800 UTC;,4;987;988,1;986,9;1403,5;25,4;23,9;25,8;24;24,4;22,9;96;89;92;121;4,1;2,3;
2026/03/10;1900 UTC;,2;986,5;987;986,4;1315,5;26,9;24,6;26,9;24,9;25,6;23,7;95;86;87;357;4,1;,4;
2026/03/10;2000 UTC;,2;986,5;986,6;986,3;1114,9;27;24,6;27,1;26,5;24,9;23,9;89;85;87;2;3,2;1,5;
2026/03/10;2100 UTC;0;986,6;986,6;986,2;514,1;26,4;24,3;27;26,3;24,8;23,9;89;85;88;58;3,1;1;
2026/03/10;2200 UTC;0;986,9;986,9;986,6;42,2;25,5;24,5;26,4;25,5;24,6;23,9;94;86;94;55;2,5;1,3;
2026/03/10;2300 UTC;0;987,3;987,3;986,9;;25;24,2;25,5;25;24,5;24,2;95;93;95;53;2,5;,5;
2026/03/11;0000 UTC;,2;987,5;987,6;987,3;;24,4;24,3;25;24,4;24,4;24,1;99;95;99;261;1,1;,4;
2026/03/11;0100 UTC;0;988,1;988,1;987,4;;24,3;24,2;24,5;24,2;24,4;24,2;100;99;100;192;1,4;,4;
2026/03/11;0200 UTC;0;988,3;988,3;988,1;;24,1;24,1;24,3;24;24,2;24;100;100;100;338;1,1;,7;
2026/03/11;0300 UTC;0;988;988,3;987,9;;23,6;23,5;24,1;23,6;24,1;23,5;100;99;99;304;2,6;1,3;
2026/03/11;0400 UTC;0;988,1;988,3;987,9;;23,5;23,5;23,7;23,5;23,5;23,3;100;98;100;320;2,8;1;
2026/03/11;0500 UTC;0;988;988,2;987,9;;23,4;23,4;23,6;23,4;23,6;23,4;100;99;100;321;2,9;,9;
2026/03/11;0600 UTC;0;987,4;988;987,4;;23,4;23,3;23,5;23,3;23,4;23,3;100;99;99;334;2,4;,8;
2026/03/11;0700 UTC;0;987;987,4;987;;23,3;23,3;23,4;23,3;23,4;23,2;100;99;100;304;1,5;,4;
2026/03/11;0800 UTC;0;987,1;987,1;987;;23,1;23,1;23,4;23;23,4;23;100;100;100;164;1;,3;
2026/03/11;0900 UTC;0;987,3;987,3;987;;22,8;22,8;23,1;22,8;23,1;22,8;100;100;100;139;2,3;,8;
2026/03/11;1000 UTC;0;987,2;987,3;987,2;74;22,7;22,7;22,8;22,5;22,7;22,5;100;100;100;184;1,7;,5;
2026/03/11;1100 UTC;0;987,7;987,7;987,2;757,5;25,5;23,6;25,5;22,7;23,7;22,6;100;89;89;119;2,3;1,2;
2026/03/11;1200 UTC;0;988,3;988,3;987,7;1616,9;27,9;24,6;27,9;25,5;24,8;23,5;90;79;82;164;3,1;1,5;
2026/03/11;1300 UTC;0;988,7;988,7;988,3;2620,3;29,4;24;29,6;27,9;24,7;23,2;82;71;73;157;4,7;2,2;
2026/03/11;1400 UTC;0;988,5;988,8;988,5;3145,2;31,4;23,4;31,4;29,4;24,3;22,8;73;63;63;85;4,4;2;
2026/03/11;1500 UTC;0;988,1;988,5;988,1;3566,6;31,8;23,7;32,1;30,6;24,5;21,8;66;55;62;109;5,1;1,7;
2026/03/11;1600 UTC;0;987,1;988,1;987,1;3496,5;32,6;21,4;32,8;30,9;23,8;21,4;63;52;52;48;5,6;2,6;
2026/03/11;1700 UTC;0;986,1;987,1;986,1;2811,5;32,3;22,3;33,2;31,9;23,1;21,4;59;52;56;53;4,9;1,6;
2026/03/11;1800 UTC;0;984,9;986,1;984,9;2078,2;32,7;22,2;33,2;31,2;24,2;21,9;65;53;54;88;4,1;1,8;
2026/03/11;1900 UTC;0;984,2;984,9;984,2;1670,3;32,6;23,3;33,4;31,2;23,9;22,1;65;53;58;74;4,8;2,1;
2026/03/11;2000 UTC;0;983,6;984,1;983,6;1610,6;32,2;21,7;32,9;32,2;22,9;21,5;58;52;54;47;4,7;2;
2026/03/11;2100 UTC;0;983,9;983,9;983,5;662,6;30;23,5;32,4;30;24,3;21,5;69;53;68;343;6,8;2,9;
2026/03/11;2200 UTC;;;;;;;;;;;;;;;;;;
2026/03/11;2300 UTC;0;985,1;985,1;984,5;;27,5;24,3;28,2;26,9;24,3;23,3;84;76;83;324;2,2;,8;
2026/03/12;0000 UTC;0;986,1;986,1;985,1;;26,8;24,2;27,5;26,8;24,5;23,2;86;77;86;347;2,1;,9;
2026/03/12;0100 UTC;0;986,7;986,7;986,1;;26,1;24,1;26,8;26,1;24,6;24,1;90;86;89;307;1,5;,5;
2026/03/12;0200 UTC;0;987,1;987,1;986,7;;26,1;23,9;26,3;25,8;24,7;23,9;93;88;88;3;1,6;1,1;
2026/03/12;0300 UTC;0;987,1;987,3;987,1;;25,7;24,1;26,3;25,6;24,4;23,8;92;87;91;295;2,2;1,1;
2026/03/12;0400 UTC;0;986,5;987,1;986,5;;26,1;23,8;26,1;25,5;24,4;23,7;93;87;87;315;2,2;1,1;
2026/03/12;0500 UTC;0;986,2;986,5;986,1;;26,2;23,6;26,3;26;24;23,5;88;85;86;327;2,5;1,2;
2026/03/12;0600 UTC;0;986,2;986,2;986;;26,4;23,7;26,4;26,1;23,9;23,4;87;84;86;324;2,5;,8;
2026/03/12;0700 UTC;0;986;986,2;986;;26;23,5;26,4;26;24,2;23,4;89;85;86;269;2,5;,9;
2026/03/12;0800 UTC;0;986,3;986,3;985,9;;25,6;24,3;26,4;25,6;24,3;23,1;93;83;93;112;2,1;,8;
2026/03/12;0900 UTC;0;986,9;986,9;986,3;;24,9;24,5;25,5;24,9;24,7;24,4;98;93;97;132;2,7;,7;
2026/03/12;1000 UTC;0;988;988;987;,3;24,2;23,9;25;24,2;24,6;23,9;99;97;99;56;7,3;3,4;
2026/03/12;1100 UTC;0;989,4;989,4;988;7,6;23;23;24,2;22,9;23,9;22,9;100;99;100;8;7,6;2,2;
2026/03/12;1200 UTC;0;990,7;990,7;989,4;39,9;22,7;22,7;23,2;22,6;23,1;22,6;100;100;100;325;3,2;1;
2026/03/12;1300 UTC;0;990,9;991,1;990,7;196,8;22,7;22,5;23,1;22,7;23,1;22,5;100;99;99;315;3,6;1,7;
2026/03/12;1400 UTC;0;990;990,9;990;859,7;24,4;23,6;24,4;22,7;23,6;22,4;100;93;96;291;3,3;1,1;
2026/03/12;1500 UTC;0;989,4;989,9;989,4;2264,5;26,7;24,6;26,7;24,3;24,8;22,7;96;85;89;342;4,2;1,8;
2026/03/12;1600 UTC;0;987,5;989,4;987,5;2659,4;28,2;23,7;28,3;26,3;25,1;23,1;89;74;76;351;4,4;2,1;
2026/03/12;1700 UTC;,6;985,7;987,5;985,7;3139,7;29,4;23,6;29,7;28,2;25,3;22,8;80;68;71;36;4,4;2,3;
2026/03/12;1800 UTC;1,2;984,8;985,7;984,8;2696,1;30,4;23,9;30,4;29,4;25;23,2;75;66;68;32;4,5;1,5;
2026/03/12;1900 UTC;1,6;984,1;984,8;984,1;1679,1;30,3;24,6;30,6;29,9;24,8;23,4;73;67;71;19;4,5;1,4;
2026/03/12;2000 UTC;1,8;983,9;984,1;983,9;974,3;29,8;23,8;30,4;29,8;25;23,6;74;68;70;57;3,6;1,2;
2026/03/12;2100 UTC;2,2;984,1;984,1;983,8;378,7;28,8;25;29,9;28,8;25,2;23,7;81;70;80;145;3,1;1,1;
2026/03/12;2200 UTC;4,8;984,6;984,6;984,1;48;27,4;25;28,8;27,4;25,6;24,5;88;80;87;218;2;,5;
2026/03/12;2300 UTC;;;;;;;;;;;;;;;;;;
2026/03/13;0000 UTC;5,6;986,7;986,8;985,6;;26,2;25;26,9;26,2;25,4;24,9;94;90;93;282;2;,5;
2026/03/13;0100 UTC;;988;988;;;26,4;25,1;26,6;26,2;25,7;25;95;91;93;;;;
2026/03/13;0200 UTC;2,8;988,8;988,9;988;,6;25,1;24,6;26,4;24,4;25,2;24,2;100;92;97;320;9,4;1,4;
2026/03/13;0300 UTC;5,4;988,3;988,8;988,3;;24,6;24,3;25,2;24,5;24,7;24,1;98;97;98;301;4,2;1,3;
2026/03/13;0400 UTC;4,4;987,8;988,5;987,8;;24,9;24,7;25;24,6;24,9;24,2;99;97;99;322;2,6;,9;
2026/03/13;0500 UTC;3,6;988,5;988,5;987,7;,6;24,2;24,2;25,1;24,2;24,8;24,2;100;97;100;72;4,6;2,1;
2026/03/13;0600 UTC;3,8;988,3;988,7;988,3;,1;23,3;23,3;24,2;23,1;24,2;23,1;100;100;100;337;5,9;,9;
2026/03/13;0700 UTC;3,6;988;988,3;987,9;;23,3;23,3;23,7;23,3;23,7;23,3;100;100;100;334;3,1;1,7;
2026/03/13;0800 UTC;3,6;988;988,1;987,9;;22,8;22,8;23,3;22,7;23,3;22,7;100;100;100;297;5;2,6;
2026/03/13;0900 UTC;3,4;988,4;988,4;988;;22,8;22,5;22,9;22,7;22,9;22,5;100;99;99;298;5,4;2,3;
2026/03/13;1000 UTC;2,8;988,8;988,8;988,4;40,8;22,9;22,6;22,9;22,6;22,6;22,3;99;98;98;315;4;1,4;
2026/03/13;1100 UTC;2,6;989,7;989,7;988,8;346,8;24,1;23,3;24,1;22,8;23,3;22,5;99;95;96;337;3,3;,6;
2026/03/13;1200 UTC;2;990,2;990,2;989,7;1063,1;25,7;24;25,7;23,9;24,4;22,8;95;88;90;352;3,6;1,9;
2026/03/13;1300 UTC;,8;990,7;990,7;990,2;1834,1;26,9;23,9;27;25,4;24,6;23,3;90;82;83;344;3,8;1,6;
2026/03/13;1400 UTC;0;990,8;990,9;990,7;2733,8;29,8;23,7;29,9;26,9;25,4;23;86;66;70;330;3,3;1,4;
2026/03/13;1500 UTC;0;990,2;990,8;990,2;3516,4;30;24,5;30,4;28,9;24,9;22,1;75;64;73;355;4,9;2,3;
2026/03/13;1600 UTC;0;988,9;990,2;988,9;2880,6;30,3;23,5;31;29,9;25,4;23,2;74;65;67;303;4,9;1,8;
2026/03/13;1700 UTC;0;987,1;988,9;987,1;2541,4;29,6;24,7;31,3;29,6;24,9;23,2;75;64;75;347;6,3;2,5;
2026/03/13;1800 UTC;0;986,1;987,1;986,1;1678,1;30,8;23,5;31,5;27,9;26,6;23,5;88;65;65;278;6,9;1;
2026/03/13;1900 UTC;0;985,3;986,1;985,3;1674,4;31,1;24,1;31,8;30,2;25,2;23,2;74;62;66;309;4,3;1,6;
2026/03/13;2000 UTC;0;984,8;985,3;984,8;1504,5;30,9;23;32,1;30,8;24,5;22,3;68;59;63;185;4,3;1,4;
2026/03/13;2100 UTC;0;985,2;985,2;984,7;328,4;29,8;24,6;30,9;29,8;24,6;22,9;74;63;74;134;2,5;1,3;
2026/03/13;2200 UTC;0;985,8;985,8;985,2;53,1;27,2;25,2;29,8;27,2;25,4;24,4;89;73;89;354;4,7;1,6;
2026/03/13;2300 UTC;0;986,2;986,2;985,8;;26,9;25,2;27,2;26,9;25,3;24,8;91;88;90;126;2,6;,6;
2026/03/14;0000 UTC;0;987;987;986,2;;26,5;25,2;26,9;26,4;25,7;25,1;94;90;92;155;1,6;,7;
2026/03/14;0100 UTC;;;;;;;;;;;;;;;;;;
2026/03/14;0200 UTC;,2;988,9;988,9;988,2;;25,4;25,1;26,7;25,2;26;24,6;99;95;98;223;4,9;1,6;
2026/03/14;0300 UTC;0;988,6;989;988,6;;25,3;25,2;25,5;25,3;25,4;25;100;98;100;290;3,4;1,2;
2026/03/14;0400 UTC;0;988,4;988,6;988,3;;24,8;24,2;25,3;24,7;25,2;24,2;100;97;97;311;3;1;
2026/03/14;0500 UTC;,2;988;988,5;988;;24,6;24,3;24,9;24,6;24,4;24,1;98;96;98;357;3;,5;
2026/03/14;0600 UTC;0;987,2;988;987,2;;24,6;24,4;24,7;24,5;24,5;24,2;99;98;99;330;2,2;1;
2026/03/14;0700 UTC;0;987,3;987,3;987,1;;24,3;24,2;24,6;24,3;24,4;24,2;99;99;99;67;2,4;,3;
2026/03/14;0800 UTC;,2;988;988;987,3;;24,1;24,1;24,4;24,1;24,4;24,1;100;99;100;14;1,9;,9;
2026/03/14;0900 UTC;0;988,1;988,2;988;;24;24;24,1;24;24,1;24;100;100;100;48;1,9;,6;
2026/03/14;1000 UTC;0;988,8;988,9;988,1;87,4;24,1;24,1;24,1;23,9;24,1;23,9;100;100;100;358;1,6;,5;
2026/03/14;1100 UTC;,2;989,1;989,1;988,8;719,2;26,7;24,6;26,8;24,1;24,9;24,1;100;88;88;54;2,7;,5;
2026/03/14;1200 UTC;0;989,2;989,2;989,1;1652,9;28,3;24,3;28,3;26,1;24,9;23,6;91;76;79;165;1,8;,6;
2026/03/14;1300 UTC;0;989;989,2;988,9;2418,8;30,1;24,5;30,1;27,9;25,3;23;80;71;72;289;3,3;1,1;
2026/03/14;1400 UTC;0;989,3;989,3;989;2949,4;30,3;24,5;30,7;29,3;26,3;23,5;78;70;71;11;6,1;2,6;
2026/03/14;1500 UTC;0;988,8;989,3;988,7;3403;31,4;24,9;31,6;29,5;25,7;23,3;77;63;69;1;5,4;2,2;
2026/03/14;1600 UTC;0;987,3;988,8;987,3;3246,8;31,5;23,3;32,1;30,6;26;23,3;73;61;62;317;4,3;1,7;
2026/03/14;1700 UTC;0;986;987,3;986;2595,1;32,5;24,2;32,7;31,3;26,3;22,9;71;60;62;33;4,6;,8;
2026/03/14;1800 UTC;0;985;986;984,9;1773;30,7;23,9;32,4;27,2;27;23,6;87;60;67;28;8,1;2,4;
2026/03/14;1900 UTC;0;984,6;985,1;984,5;1896,2;30,5;24,9;32,1;30,2;25,4;23,7;75;62;72;284;6,1;3;
2026/03/14;2000 UTC;0;984,9;985,3;984,4;949,3;25,8;24,4;31,4;25,3;26,4;23,5;94;69;92;331;10,7;,9;
2026/03/14;2100 UTC;0;985,2;985,2;984,6;314,9;27;24,7;27;25,9;25;23,6;93;82;87;343;3,1;1,2;
2026/03/14;2200 UTC;0;985,8;985,9;985,2;39;26,6;25;27;26,5;25,3;24;92;85;91;337;2,5;1,3;
2026/03/14;2300 UTC;,2;986,4;986,4;985,8;0;27;24,9;27;26,3;25,4;24,3;94;86;89;200;2;,8;
2026/03/15;0000 UTC;0;987,3;987,3;986,4;;26,4;25,6;26,9;26,4;25,8;24,6;96;88;95;348;1,9;1,2;
2026/03/15;0100 UTC;0;987,9;987,9;987,3;;26;25,7;26,4;26;25,7;24,6;98;91;98;75;1,9;1;
2026/03/15;0200 UTC;0;988,8;988,8;987,9;;25,6;25,2;26;25,5;25,7;25,2;99;97;97;218;2,6;,9;
2026/03/15;0300 UTC;0;988,8;989;988,8;;25,5;25,4;25,8;25,4;25,5;25,2;99;97;99;157;2,1;1;
2026/03/15;0400 UTC;0;987,8;988,8;987,8;;24,9;24,9;25,6;24,9;25,6;24,9;100;99;100;360;4,1;1,7;
2026/03/15;0500 UTC;0;987,2;987,9;987,2;;24,7;24,7;25;24,6;25;24,4;100;99;100;317;2,7;1,4;
2026/03/15;0600 UTC;0;986,6;987,2;986,6;;24,6;24,6;24,9;24,5;24,9;24,5;100;100;100;343;2,3;,3;
2026/03/15;0700 UTC;0;986,3;986,6;986,3;;24,5;24,5;24,6;24,4;24,6;24,5;100;100;100;353;1,2;,3;
2026/03/15;0800 UTC;0;986,8;986,9;986,3;;24,6;24,6;24,6;24,3;24,6;24,3;100;100;100;221;1,4;,8;
2026/03/15;0900 UTC;,2;987;987;986,8;;24,3;24,3;24,6;24,3;24,6;24,3;100;100;100;29;1,6;,5;
2026/03/15;1000 UTC;0;987,5;987,5;987;52,4;24,6;24,5;24,6;24,3;24,5;24,3;100;100;100;7;1,1;,4;
2026/03/15;1100 UTC;0;988,4;988,4;987,5;811,7;26,6;25,3;26,6;24,6;25,6;24,6;100;92;92;135;1,7;,8;
2026/03/15;1200 UTC;0;989;989;988,4;1289,4;27,8;25,3;27,9;26,3;26,2;24,9;95;84;86;351;3,2;1,6;
2026/03/15;1300 UTC;0;989,2;989,2;989;1997,9;29,4;25,6;29,4;27,5;25,8;24,1;89;79;80;342;3,2;1,4;
2026/03/15;1400 UTC;0;989,1;989,3;989,1;2271,1;30,5;23,8;30,9;28,6;26,2;23,8;83;67;67;344;3,7;,9;
2026/03/15;1500 UTC;0;988,2;989,1;988,2;3081,1;31,4;25,2;31,6;30;26,1;24,1;76;67;70;4;3,5;2;
2026/03/15;1600 UTC;0;986,8;988,1;986,8;3079,1;31,5;24,7;32,6;30,7;26,4;23,5;74;60;67;29;3,7;1,8;
2026/03/15;1700 UTC;0;985,4;986,8;985,4;3353,4;32,1;25,2;32,3;30,9;26,6;24,1;78;63;67;6;6,3;2,8;
2026/03/15;1800 UTC;0;984,8;985,4;984,8;2048,6;31,1;24,7;32,2;30,4;26,3;23,9;77;63;69;12;5,8;2,3;
2026/03/15;1900 UTC;0;984,8;985,1;984,4;593,3;27,6;23,7;31,1;27,5;25,2;23,4;81;69;79;302;7,3;1,3;
2026/03/15;2000 UTC;0;984,8;985;984,5;129,9;26,7;24,7;28;26,2;24,7;23,6;89;78;89;214;6,2;2;
2026/03/15;2100 UTC;0;984,3;984,8;984,3;118,4;26,7;24,3;26,9;26,5;24,8;24,2;89;86;87;183;4,2;1,1;
2026/03/15;2200 UTC;0;985,3;985,3;984,3;11,5;26;24,6;26,9;26;25;24,2;93;85;92;60;3,7;1,1;
2026/03/15;2300 UTC;,2;986,1;986,1;985,3;;25,5;24,5;26,1;25,5;25,2;24,4;96;91;94;291;3,2;1,7;
2026/03/16;0000 UTC;0;987,5;987,5;986,1;;25,6;24,9;25,7;25,5;24,9;24,5;96;94;96;173;3,1;1,5;
2026/03/16;0100 UTC;0;988,7;988,7;987,5;;25,6;25;25,7;25,5;25,1;24,9;98;96;96;169;2,8;1,1;
2026/03/16;0200 UTC;0;989,4;989,4;988,7;;25,2;25;25,6;25,2;25,1;24,9;99;96;98;184;2,3;1,2;
2026/03/16;0300 UTC;0;988,8;989,6;988,8;;25,3;25,2;25,4;25,2;25,2;24,9;100;98;100;356;2,3;,6;
2026/03/16;0400 UTC;0;987,6;988,8;987,6;;25;25;25,3;25;25,2;25;100;99;100;96;1;,3;
2026/03/16;0500 UTC;0;986,7;987,6;986,7;;24,6;24,6;25;24,6;25;24,6;100;100;100;43;2;1,2;
2026/03/16;0600 UTC;0;986;986,7;986;;24,4;24,4;24,6;24,4;24,6;24,4;100;100;100;61;2,6;,6;
2026/03/16;0700 UTC;0;986;986;985,8;;24,1;24,1;24,4;24,1;24,4;24,1;100;100;100;38;2,4;,8;
2026/03/16;0800 UTC;0;986,5;986,5;986;;24;24;24,1;24;24,1;24;100;100;100;95;2,2;,8;
2026/03/16;0900 UTC;0;986,3;986,5;986,3;;23,9;23,9;24;23,9;24;23,9;100;100;100;245;2;,9;
2026/03/16;1000 UTC;,2;986,8;986,8;986,3;50,1;24,1;24,1;24,1;23,8;24,1;23,8;100;100;100;239;1,9;,5;
2026/03/16;1100 UTC;0;988,1;988,1;986,8;660,7;26,2;24,8;26,2;24,1;24,8;24,1;100;92;92;187;1,9;,8;
2026/03/16;1200 UTC;0;988,6;988,6;988,1;1496,2;28,1;24,9;28,3;26,2;26,1;24,5;92;83;83;110;2,5;1,2;
2026/03/16;1300 UTC;0;989;989;988,6;2468;29,3;25,1;29,6;27,8;26,3;24,8;88;77;78;35;3,7;1,6;
2026/03/16;1400 UTC;0;988,9;989,1;988,9;3009,4;30,1;25,2;30,5;28,7;26,4;24,4;81;73;75;331;5,2;2,3;
2026/03/16;1500 UTC;0;988,3;988,9;988,3;2688;30,6;24,5;31,3;29,3;26,3;23,7;80;66;70;64;5,1;1,7;
2026/03/16;1600 UTC;,2;987;988,3;987;3299,6;31,5;25,1;32,2;30,5;26,4;24,2;75;64;69;44;5,3;1,9;
2026/03/16;1700 UTC;0;985,4;987;985,4;2884,4;31,9;24,5;32,3;31,4;26;23,8;72;61;65;26;5,1;2,3;
2026/03/16;1800 UTC;0;983,5;985,4;983,5;2637;32,1;24,2;33,1;31,5;26,3;24;70;61;63;39;6,4;2,9;
2026/03/16;1900 UTC;,2;982,9;983,5;982,9;1873;31,8;25,3;33,1;31,5;25,6;23,6;69;59;68;27;5,5;3,2;
2026/03/16;2000 UTC;0;983,4;983,4;982,6;1452,7;30,3;24,2;33,2;30,3;25,7;23,6;70;58;70;44;7,6;3,8;
2026/03/16;2100 UTC;0;983,8;983,8;983,2;331,8;28,4;24,3;30,3;28,4;24,9;23,6;78;70;78;16;7,9;2;
2026/03/16;2200 UTC;0;984,9;984,9;983,8;17;27,5;24,4;28,4;27,5;24,7;24;84;78;83;320;4,3;,8;
2026/03/16;2300 UTC;0;985,8;985,8;984,6;;27,3;24,7;27,5;26,9;24,8;23,8;88;81;86;268;2,5;,7;
2026/03/17;0000 UTC;0;986,5;986,5;985,8;;27,4;24,5;27,7;27,2;25,5;24;88;81;84;343;2,1;,6;
2026/03/17;0100 UTC;0;988,1;988,1;986,5;;26,8;24,4;27,4;26,7;25,3;24,3;88;84;87;232;3,3;1,5;
2026/03/17;0200 UTC;0;988,9;988,9;988,1;;26;23,6;26,8;25,9;24,7;23,6;91;87;87;207;5,4;2,4;
2026/03/17;0300 UTC;,2;988,4;989,1;988,4;;25,6;23,7;26;25,5;23,8;23,5;90;87;89;204;4,8;1,1;
2026/03/17;0400 UTC;0;987,2;988,4;987,2;;24,9;23,9;25,6;24,9;23,9;23,6;94;89;94;126;3,9;,5;
2026/03/17;0500 UTC;0;986,9;987,3;986,9;;24,2;23,4;24,9;24,2;24;23,4;96;93;96;167;2,5;,8;
2026/03/17;0600 UTC;0;986,9;987;986,7;;23,5;23,1;24,2;23,5;23,4;23,1;98;95;98;175;4,2;2,2;
2026/03/17;0700 UTC;0;987;987;986,8;;23,5;22,8;23,5;23,4;23,1;22,6;98;95;96;163;4,2;1,7;
2026/03/17;0800 UTC;,2;988,1;988,1;987;0;22;22;23,5;22;23;22;100;96;100;107;8,1;3,8;
2026/03/17;0900 UTC;0;988,3;988,4;988,1;;21,9;21,9;22;21,8;22;21,8;100;100;100;149;8,1;1;
2026/03/17;1000 UTC;0;987,9;988,3;987,8;4,1;22,1;22,1;22,1;21,9;22,1;21,9;100;100;100;195;3,6;2;
2026/03/17;1100 UTC;,2;988,8;988,8;987,9;76,2;22,2;22,2;22,3;22;22,3;22;100;100;100;256;4,1;1,2;
2026/03/17;1200 UTC;8,2;990,7;990,7;988,8;249,8;22,9;22,8;23;22,2;22,9;22,2;100;99;100;36;4;1,7;
2026/03/17;1300 UTC;12;991;991,2;990,7;527,9;23,8;23,6;23,8;22,8;23,6;22,7;100;99;99;274;3,7;1,8;
2026/03/17;1400 UTC;11;991,2;991,2;990,8;1197,5;25,2;23,1;25,6;23,6;24,1;22,7;99;87;88;13;4,4;1,8;
2026/03/17;1500 UTC;10,6;990,6;991,2;990,6;1654,2;26;24,1;26,4;25,2;24,4;22,8;91;84;89;19;4,1;2,5;
2026/03/17;1600 UTC;1,6;989,6;990,6;989,6;1056,8;26,7;24,4;26,7;25,9;24,6;23,3;91;85;87;5;4,1;1,2;
2026/03/17;1700 UTC;,4;988,1;989,6;988,1;1348;27,6;25,3;27,6;25,6;25,4;23,6;95;82;87;26;5,7;3,6;
2026/03/17;1800 UTC;0;986;988,1;986;1659;27,5;24,2;27,7;26,9;24,8;23,3;87;80;82;38;7,2;1,3;
2026/03/17;1900 UTC;0;984,7;986;984,7;2162,6;29,5;24,1;29,6;27,4;26,4;23,3;89;72;73;308;4,2;1,4;
2026/03/17;2000 UTC;0;984,2;984,7;984,1;1329,2;28,7;24,2;29,5;28,2;25;23,4;82;72;77;321;2,8;,9;
2026/03/17;2100 UTC;0;984,8;984,8;984,2;634,9;27,9;24,2;29,1;27,9;24,5;23;80;72;80;126;3;1,5;
2026/03/17;2200 UTC;0;985,4;985,4;984,8;34,7;26,8;24,6;27,9;26,8;24,7;24;88;80;88;55;2,7;1,3;
2026/03/17;2300 UTC;0;986,3;986,3;985,4;;26;24,4;26,8;26;24,9;24,1;91;88;90;92;2,5;,8;
2026/03/18;0000 UTC;0;987,2;987,2;986,3;;25,4;24,3;26;25,3;24,5;24,1;94;90;93;193;1,7;,7;
2026/03/18;0100 UTC;0;988,1;988,1;987,2;;25,3;24,4;25,5;25,1;24,7;24,2;97;93;95;195;1,6;1;
2026/03/18;0200 UTC;0;988,8;988,8;988,1;;25;24,6;25,3;25;24,9;24,4;98;95;98;50;1,8;,2;
2026/03/18;0300 UTC;0;988,7;988,9;988,7;;24,8;24,4;25,1;24,8;24,9;24,2;99;96;98;355;2,3;1,4;
2026/03/18;0400 UTC;0;988,3;988,7;988,3;;24,6;24,3;24,8;24,5;24,4;24,2;99;98;99;344;2,3;,5;
2026/03/18;0500 UTC;0;987,5;988,3;987,5;;24,3;24,2;24,6;24,3;24,4;24,1;99;99;99;307;1;,3;
2026/03/18;0600 UTC;0;986,9;987,5;986,8;;24,2;24,1;24,4;24,1;24,3;24,1;100;99;100;168;1,4;,9;
2026/03/18;0700 UTC;0;986,6;986,9;986,5;;24,2;24,2;24,2;24,1;24,2;24,1;100;100;100;201;1,4;,5;
2026/03/18;0800 UTC;0;986,7;986,7;986,4;;24,3;24,3;24,3;24,2;24,3;24,2;100;100;100;111;1,2;,3;
2026/03/18;0900 UTC;0;987;987;986,7;;23,9;23,9;24,3;23,9;24,3;23,9;100;100;100;159;1,4;,6;
2026/03/18;1000 UTC;0;987,3;987,3;986,8;68,7;24,1;24,1;24,2;23,9;24,2;23,9;100;100;100;147;1,3;,4;
2026/03/18;1100 UTC;0;987,9;987,9;987,3;705,8;26;24,5;26;24,1;24,8;24,1;100;91;92;138;2,1;,9;
2026/03/18;1200 UTC;0;988,7;988,7;987,9;1030,7;26,8;24,7;27;25,8;25,2;24,2;93;87;88;152;2,8;1,2;
2026/03/18;1300 UTC;0;989;989,1;988,7;2008,9;29;24,3;29,4;26,8;25,3;23,9;90;73;76;212;2,2;,7;
2026/03/18;1400 UTC;0;989,1;989,2;989;2347,5;29,5;24,3;30,5;29;25,1;23,1;78;68;73;34;4,2;1,7;
2026/03/18;1500 UTC;0;988,1;989,1;988,1;2604;30,3;23,5;31,2;29,5;25,3;23,2;76;64;67;88;4,3;1,9;
2026/03/18;1600 UTC;0;986,9;988,1;986,9;3363,8;31,7;24,9;31,8;30,2;25,5;23,1;72;62;67;28;5,3;2,4;
2026/03/18;1700 UTC;0;985,2;986,9;985,2;3208,2;32,4;24;32,5;30,8;26,2;23,7;73;61;62;42;4,7;1,8;
2026/03/18;1800 UTC;0;984;985,2;984;2731,5;32,6;23,9;32,8;31;25,1;22,9;67;57;60;38;5,7;2,6;
2026/03/18;1900 UTC;0;983,1;984;983,1;2539,7;32,6;23,2;33,1;32,4;24,5;22,2;63;54;58;36;5,7;2,9;
2026/03/18;2000 UTC;0;982,9;983,2;982,7;1325,7;30,4;24,7;32,8;30,4;24,7;22,5;72;56;72;343;7,1;3,3;
2026/03/18;2100 UTC;0;983,4;983,4;982,9;370,8;29,4;24,6;30,8;29,4;24,8;23,9;75;67;75;346;6,3;1,7;
2026/03/18;2200 UTC;0;984,2;984,2;983,4;17,9;28,2;24,2;29,4;28,1;25;24,2;82;75;79;287;3,1;1;
2026/03/18;2300 UTC;0;985,1;985,1;984,2;;27,3;24,6;28,4;27,3;24,9;24;85;77;85;269;3;,4;
2026/03/19;0000 UTC;0;985,8;985,8;985,1;;26,7;25,1;27,6;26,7;25,4;24,2;91;83;91;148;1,9;1;
2026/03/19;0100 UTC;0;987;987;985,8;;25,7;25;26,7;25,7;25,6;24,9;96;91;96;284;2,4;,4;
2026/03/19;0200 UTC;0;987,3;987,5;987;;26,2;24,8;26,2;25,7;25,3;24,6;97;92;92;346;1,8;,7;
2026/03/19;0300 UTC;0;987,3;987,4;987,3;;25,3;24,9;26,2;25,2;25,1;24,4;98;90;98;333;1,8;,4;
2026/03/19;0400 UTC;0;986,7;987,3;986,7;;25;24,4;25,3;24,8;25;24,4;99;97;97;244;2,4;,9;
2026/03/19;0500 UTC;0;986;986,7;986;;24,6;24,3;25,2;24,6;24,7;24,1;99;95;99;174;2,4;,8;
2026/03/19;0600 UTC;0;985,6;986;985,5;;24,6;24,6;24,6;24,4;24,6;24,3;100;99;100;124;1,5;,3;
2026/03/19;0700 UTC;0;985;985,6;985;;24,2;24,2;24,6;24,2;24,6;24,2;100;100;100;11;1,2;,3;
2026/03/19;0800 UTC;0;985,2;985,2;984,9;;24,1;24,1;24,4;24,1;24,4;24,1;100;100;100;4;1,4;,8;
2026/03/19;0900 UTC;0;986;986;985,2;;23,9;23,8;24,2;23,8;24,2;23,8;100;100;100;75;1,9;,8;
2026/03/19;1000 UTC;0;986,4;986,4;985,9;40,1;24,1;24,1;24,1;23,7;24,1;23,7;100;100;100;125;1,5;,5;
2026/03/19;1100 UTC;0;987,4;987,4;986,4;311;25;24,7;25;24,1;24,7;24,1;100;98;98;67;2,3;1;
2026/03/19;1200 UTC;0;988,5;988,5;987,4;442,5;25,4;25;25,6;24,9;25,2;24,6;99;97;98;94;3,6;1,6;
2026/03/19;1300 UTC;,4;989,8;989,8;988,5;114,3;22,4;22,4;25,4;22,4;24,9;22,4;100;93;100;62;11,2;3,5;
2026/03/19;1400 UTC;5,2;989,8;990,5;989,8;125,3;22;22;22,4;21,8;22,3;21,8;100;100;100;63;9,2;2,5;
2026/03/19;1500 UTC;5,4;989,2;990;989,2;283,8;22,7;22,7;22,7;22;22,7;22;100;100;100;15;4,9;2;
2026/03/19;1600 UTC;5;987,1;989,2;987,1;609,9;23,1;22,9;23,2;22,5;23,1;22,4;100;98;99;321;4,2;1,1;
2026/03/19;1700 UTC;5;984,9;987,1;984,9;868,6;24,3;23,1;24,4;23,1;23,5;22,2;99;90;93;327;3,6;1,7;
2026/03/19;1800 UTC;5,2;983,6;984,9;983,6;839;25,1;23,5;25,1;24,2;23,6;22,6;94;88;91;293;4,1;1,9;
2026/03/19;1900 UTC;4,2;982,9;983,6;982,9;880,7;25,8;23,5;25,8;25,1;24;22,7;92;85;87;335;3,5;1,7;
2026/03/19;2000 UTC;3,2;983;983;982,8;1473,6;26,2;23,3;26,5;25,8;24,1;22,6;89;81;84;32;4,7;2,3;
2026/03/19;2100 UTC;,2;983,7;983,7;983;466;25;23,4;26,2;25;23,6;22,5;91;81;91;5;4,7;2;
2026/03/19;2200 UTC;0;984,3;984,3;983,7;29,9;23,9;22,8;25;23,9;23,5;22,8;94;90;94;329;3,3;1,3;
2026/03/19;2300 UTC;;;;;;;;;;;;;;;;;;
2026/03/20;0000 UTC;0;985,8;985,8;984,7;;23,3;23,1;23,7;23,2;23,2;23;99;97;99;263;1,5;,4;
2026/03/20;0100 UTC;0;986,6;986,6;985,8;;23,3;23;23,3;23,1;23,2;22,9;100;98;98;223;1,6;,8;
2026/03/20;0200 UTC;0;987,3;987,3;986,6;;23,3;23;23,4;23,2;23,2;22,9;99;98;98;158;1,8;,8;
2026/03/20;0300 UTC;0;987,5;987,5;987,3;;23,2;23,1;23,3;23,1;23,1;22,9;99;98;99;278;2;,5;
2026/03/20;0400 UTC;0;986,8;987,5;986,8;;23,2;23;23,3;23,1;23,2;22,9;100;98;99;342;1,5;,9;
2026/03/20;0500 UTC;0;986,2;986,8;986,2;;22,8;22,8;23,2;22,8;22,9;22,7;100;98;100;23;1,7;,9;
2026/03/20;0600 UTC;0;986;986,2;985,9;;22,4;22,4;22,8;22,3;22,8;22,3;100;100;100;125;1,3;,7;
2026/03/20;0700 UTC;0;985,6;986;985,6;;22,3;22,3;22,5;22,3;22,4;22,3;100;100;100;154;2;,5;
2026/03/20;0800 UTC;0;985,6;985,7;985,6;;22,2;22,2;22,3;22,1;22,3;22,1;100;100;100;242;1,3;,3;
2026/03/20;0900 UTC;0;986;986;985,6;;22,4;22,4;22,4;22;22,4;22;100;100;100;215;1,5;,6;
2026/03/20;1000 UTC;,2;986,7;986,7;986;42,5;22,8;22,8;22,8;22,4;22,8;22,4;100;100;100;33;1;,6;
2026/03/20;1100 UTC;0;987,7;987,7;986,7;324,2;24;23,6;24;22,8;23,7;22,8;100;98;98;153;1,2;,3;
2026/03/20;1200 UTC;0;988;988;987,7;1112,4;26,9;24,2;26,9;24;24,8;23,4;98;85;85;272;2,8;1,1;
2026/03/20;1300 UTC;0;988,1;988,1;987,9;2525,6;29;25,2;29;26,9;25,2;23,3;86;75;80;269;3,9;1,4;
2026/03/20;1400 UTC;0;988,2;988,3;988,1;3073,9;30,1;24,8;30,1;28,6;25,7;23,7;81;72;73;324;5,8;2,6;
2026/03/20;1500 UTC;0;987,8;988,3;987,8;2640,9;30,2;24,8;30,7;29,1;25,6;23,6;77;69;73;350;5,8;1,8;
2026/03/20;1600 UTC;0;986,2;987,8;986,2;3213;31,1;24,3;31,7;30;26,2;23,4;79;62;67;318;4,9;2;
2026/03/20;1700 UTC;0;984,8;986,2;984,8;2830,7;31,1;24,6;32;30,5;25,7;23;73;62;69;292;7,3;3,1;
2026/03/20;1800 UTC;0;983,7;984,8;983,6;2160,2;31,2;;31,6;29,5;25,9;23,8;78;64;;294;7,1;2,2;
2026/03/20;1900 UTC;0;983,9;984;983,3;1288,6;25;23,8;31,8;25;24,6;22,7;93;60;93;4;11,4;4,9;
2026/03/20;2000 UTC;,2;983,7;983,9;983,4;199,4;25,9;25,2;25,9;24,6;25,3;23,2;97;91;96;263;7,8;,8;
2026/03/20;2100 UTC;,2;985,5;985,5;983,7;38,6;24,6;24;26,6;24,6;25,4;23,7;97;91;97;6;6;3,3;
2026/03/20;2200 UTC;0;986,4;986,4;985,4;12,3;23,1;22,8;24,7;23,1;24;22,6;98;93;98;332;10;3,4;
2026/03/20;2300 UTC;0;986,5;986,5;986,2;;23,4;23,3;23,5;23,1;23,4;22,8;99;98;99;291;6,4;1,5;
2026/03/21;0000 UTC;,2;987,1;987,1;986,5;;23,5;23,5;23,8;23,4;23,7;23,2;100;99;100;304;4;,8;
2026/03/21;0100 UTC;0;987,5;987,5;987,1;;23,5;23,4;23,7;23,5;23,6;23,3;100;99;99;29;2,5;,4;
2026/03/21;0200 UTC;,2;987,5;987,5;987,3;;23,5;23,4;23,7;23,5;23,5;23,3;100;98;100;118;2,8;1,5;
2026/03/21;0300 UTC;,2;987,6;987,8;987,5;;23,4;23,3;23,5;23,4;23,4;23,3;100;100;100;41;2,9;,7;
2026/03/21;0400 UTC;,2;986,8;987,6;986,8;;23,6;23,6;23,6;23,4;23,6;23,3;100;99;100;269;2,5;,3;
2026/03/21;0500 UTC;0;986,5;986,8;986,5;;23,7;23,7;23,8;23,6;23,8;23,6;100;100;100;205;1,6;,5;
2026/03/21;0600 UTC;,2;986,8;986,8;986,4;;23,8;23,8;23,9;23,7;23,9;23,7;100;100;100;5;2,1;1,2;
2026/03/21;0700 UTC;,2;987,3;987,3;986,8;;23,5;23,5;23,8;23,5;23,8;23,5;100;100;100;358;2,6;,8;
2026/03/21;0800 UTC;0;987,8;987,8;987,3;;23,5;23,5;23,7;23,5;23,7;23,5;100;100;100;355;2,7;1,6;
2026/03/21;0900 UTC;,2;988,3;988,3;987,8;;23,2;23,2;23,5;23,2;23,5;23,2;100;100;100;17;3,9;1,3;
2026/03/21;1000 UTC;,2;988,8;988,9;988,3;11,9;22,9;22,9;23,3;22,8;23,3;22,8;100;100;100;46;4,2;1,2;
2026/03/21;1100 UTC;0;989,2;989,2;988,8;130,6;23,1;23;23,2;22,8;23,2;22,8;100;99;100;86;2,3;,8;
2026/03/21;1200 UTC;,2;989,6;989,6;989,2;563,5;24,1;23,6;24,3;23,1;24,1;23,1;100;97;97;120;3,5;1,2;
2026/03/21;1300 UTC;0;990,2;990,2;989,6;1190,4;25,9;24,1;25,9;24,1;24,7;23,7;98;90;90;13;2,9;1,3;
2026/03/21;1400 UTC;,2;990;990,2;990;1701,5;27,5;24,2;27,5;25,7;24,8;23,5;91;81;83;346;3,6;1,3;
2026/03/21;1500 UTC;0;989,4;990;989,4;2191,8;28,6;23,4;29;27,2;25,4;23,1;87;73;73;240;3,6;1;
2026/03/21;1600 UTC;0;988,6;989,3;988,6;2526,8;29,8;23,5;30;28,1;25,3;23,3;82;69;69;16;4,6;1,5;
2026/03/21;1700 UTC;0;987,4;988,6;987,4;2778,7;30,5;23,6;30,6;29,3;25,8;22,7;78;64;67;327;5,2;1,8;
2026/03/21;1800 UTC;0;986,2;987,4;986,2;2125,7;30,8;24,2;31;29,3;25,3;22,4;74;65;68;358;4,7;1,1;
2026/03/21;1900 UTC;0;985,4;986,2;985,4;1566,9;30,3;23,5;31,1;30;25,3;23;72;64;67;6;4,6;2,1;
2026/03/21;2000 UTC;0;985,3;985,4;985,1;564,1;29,2;24,1;30,3;29,1;24,9;22,9;78;65;74;19;3,4;1,1;
2026/03/21;2100 UTC;0;985,3;985,3;985,2;278,5;28,4;25,2;29,3;28,4;25,6;23,2;83;71;83;140;1,9;,5;
2026/03/21;2200 UTC;0;986,1;986,1;985,3;29,6;26,9;25,1;28,4;26,9;25,6;25,1;93;83;90;171;1,6;,4;
2026/03/21;2300 UTC;0;986,9;986,9;986,1;;26,9;25,5;27,4;26,9;25,7;25,1;93;89;92;309;2;,1;
2026/03/22;0000 UTC;0;987,7;987,7;986,9;;26;23,9;27,1;26;25,9;23,7;95;87;88;27;5,4;1,2;
2026/03/22;0100 UTC;0;988,4;988,4;987,7;;25,6;24,5;26;25,6;24,7;23,5;94;86;93;175;2;1,3;
2026/03/22;0200 UTC;0;989;989;988,4;;25,3;24,9;25,7;25,3;25;24,5;97;93;97;120;2,9;1,7;
2026/03/22;0300 UTC;0;989;989,1;988,9;;25;24,7;25,3;25;24,8;24,6;98;97;98;173;3,2;,9;
2026/03/22;0400 UTC;0;988,5;989;988,5;;24,9;24,6;25;24,9;24,8;24,6;99;98;98;214;1,6;,5;
2026/03/22;0500 UTC;0;988;988,5;988;;25;24,7;25,1;24,8;24,8;24,6;99;97;98;197;1,3;,9;
2026/03/22;0600 UTC;0;987,3;988;987,3;;24,8;24,4;25,1;24,8;24,7;24,4;98;97;98;175;1,7;1;
2026/03/22;0700 UTC;0;987,1;987,3;987,1;;24,4;24,4;24,8;24,3;24,5;24,2;100;97;100;224;1,7;,3;
2026/03/22;0800 UTC;0;986,9;987,1;986,9;;24,3;24,3;24,4;24,2;24,4;24,2;100;100;100;217;1,3;,6;
2026/03/22;0900 UTC;0;987,2;987,2;986,9;;24;24;24,3;24;24,3;24;100;100;100;212;1,4;,5;
2026/03/22;1000 UTC;0;988;988;987,2;57,2;24;24;24;23,8;24;23,8;100;100;100;203;1,5;,5;
2026/03/22;1100 UTC;0;988,6;988,6;988;492,9;25,8;23,8;25,9;24;24,9;23,8;100;89;89;157;1,3;,4;
2026/03/22;1200 UTC;0;989,4;989,4;988,6;1278,9;27,2;24,2;27,6;25,8;25;23,6;90;80;84;53;3;1;
2026/03/22;1300 UTC;0;989,7;989,7;989,4;2298,8;29;23,7;29,3;27,2;25;23,5;86;73;73;36;4,1;1,8;
2026/03/22;1400 UTC;0;989,2;989,7;989,2;2733,2;30;25,3;30,5;28,8;25,4;23,7;80;69;76;31;5,2;2;
2026/03/22;1500 UTC;0;988,4;989,2;988,4;3031,6;31,1;24,3;32,2;29,7;25,6;23,2;76;62;67;110;4,4;1,4;
2026/03/22;1600 UTC;0;987,4;988,4;987,4;2635,4;31,4;23,5;32,3;30,8;25,2;23,1;72;61;63;78;4;2,2;
2026/03/22;1700 UTC;0;986,4;987,4;986,4;2268,6;28,7;23;32,7;28,7;25,6;22,9;72;60;72;9;7,6;3,9;
2026/03/22;1800 UTC;0;985;986,4;985;1932,8;31,6;23,8;31,6;28,1;24,6;22,3;75;60;63;345;7,6;1,5;
2026/03/22;1900 UTC;0;984,5;985;984,3;1675,2;26,1;22,5;32,6;26,1;24,6;22;81;59;81;126;8;3,1;
2026/03/22;2000 UTC;0;984,1;984,8;984,1;203,6;26,4;23,2;26,4;25,3;23,2;22,1;86;77;83;221;7,4;2,1;
2026/03/22;2100 UTC;0;984,5;984,6;984,1;205,3;26,7;23,8;26,7;26,4;23,8;23;85;81;84;223;4,1;,8;
2026/03/22;2200 UTC;0;986;986;984,5;23,7;25,8;23,8;26,8;25,7;24,6;23,3;92;81;89;185;4,4;1,3;
2026/03/22;2300 UTC;0;986,3;986,3;985,7;;26;24,1;26,1;25,8;24,3;23,7;91;87;89;225;2,5;1,2;
2026/03/23;0000 UTC;0;987,2;987,2;986,3;;25,9;24,4;26,2;25,9;24,4;23,9;91;88;91;216;2,1;1,1;
2026/03/23;0100 UTC;0;987,9;987,9;987,2;;25,4;24,4;26,1;25,3;24,5;23,7;95;88;94;271;3,1;,7;
2026/03/23;0200 UTC;0;988,3;988,3;987,9;;25,5;24,6;25,6;25,3;25;24,3;96;94;95;332;1,9;1,1;
2026/03/23;0300 UTC;0;987,8;988,3;987,8;;25,1;24,5;25,6;25,1;24,7;24,4;96;94;96;333;1,9;,9;
2026/03/23;0400 UTC;0;987;987,8;987;;24,9;24,4;25,2;24,9;24,6;24,3;97;96;97;348;1,5;,8;
2026/03/23;0500 UTC;0;986,7;987;986,7;;24,6;23,7;24,9;24,6;24,4;23,7;97;95;95;332;2,7;1,1;
2026/03/23;0600 UTC;0;986,1;986,7;986,1;;24,1;23,6;24,7;24,1;23,9;23,6;97;94;97;286;2,1;,2;
2026/03/23;0700 UTC;0;985,7;986,1;985,7;;24;23,5;24,2;23,9;23,7;23,4;98;96;98;20;1,4;,8;
2026/03/23;0800 UTC;0;986,4;986,4;985,7;;23,9;23,5;24;23,8;23,6;23,3;98;97;97;334;1,6;,5;
2026/03/23;0900 UTC;0;987,2;987,3;986,4;;23,8;23,6;24,1;23,7;23,7;23,4;99;97;99;5;5;2,1;
2026/03/23;1000 UTC;0;986,8;987,2;986,7;48,9;24;23,7;24;23,6;23,8;23,6;100;99;99;276;3,7;,7;
2026/03/23;1100 UTC;0;987,5;987,5;986,7;819,9;26,2;24,2;26,4;24;24,8;23,8;99;88;89;353;2,8;1,6;
2026/03/23;1200 UTC;0;988,5;988,5;987,5;813;27;24,8;27;26,2;25;24;90;86;88;124;2,8;,9;
2026/03/23;1300 UTC;0;989,1;989,1;988,5;2322,7;29;24,6;29,3;26,9;25,5;24,3;89;76;77;75;3,3;1,3;
2026/03/23;1400 UTC;0;988,7;989,1;988,7;2919,6;30,6;24,8;30,7;28,9;25,9;23,6;81;69;71;59;5,3;1,7;
2026/03/23;1500 UTC;0;987,6;988,7;987,6;2866,4;30,7;25;31,2;29,3;26,7;23,7;82;68;72;126;4,1;2;
2026/03/23;1600 UTC;0;986;987,6;986;3193,6;31,5;24,3;31,7;30,5;26,2;24,1;74;65;66;56;4,1;1,4;
2026/03/23;1700 UTC;0;984,5;986;984,5;3442,1;32,2;23,6;32,9;31,3;25,4;23,3;69;58;61;55;5,3;2,4;
2026/03/23;1800 UTC;0;983,8;984,5;983,8;2530,4;32,3;24,4;32,8;31,3;25,3;23,1;67;58;63;346;5,1;1,9;
2026/03/23;1900 UTC;0;983,7;983,8;983,2;2064,5;26,9;25,2;33,2;26,4;25,6;23,7;94;59;91;358;11,7;3,1;
2026/03/23;2000 UTC;,2;983,6;983,9;983,4;1363,1;27,5;25,5;29,4;26,9;26,1;24,2;93;76;89;30;6,5;2,5;
2026/03/23;2100 UTC;,2;984,8;984,8;983,6;180,3;26,9;25;27,6;26,9;25,7;24,1;90;84;89;334;4;1,4;
2026/03/23;2200 UTC;0;985,6;985,6;984,8;1,4;26,7;24,7;27;26,4;25,1;24,1;90;85;89;340;2,5;,7;
2026/03/23;2300 UTC;,2;986,5;986,5;985,6;;26,3;25,2;26,9;26,3;25,3;24,2;94;86;94;155;2,3;1,4;
2026/03/24;0000 UTC;0;986,6;986,6;986,4;;25,2;24,8;26,3;25,2;25,6;24,8;98;94;98;163;3,1;1,5;
2026/03/24;0100 UTC;0;986,8;986,8;986,6;;25;24,8;25,3;25;25,1;24,7;99;98;98;188;2,2;,9;
2026/03/24;0200 UTC;,2;987,5;987,5;986,8;;25;24,7;25,2;25;24,9;24,6;99;97;99;167;2;,7;
2026/03/24;0300 UTC;0;986,9;987,5;986,9;;25;24,9;25,1;24,9;25;24,7;100;99;100;346;2,2;,8;
2026/03/24;0400 UTC;,2;986,7;986,9;986,5;;24,6;24,6;25;24,6;25;24,6;100;100;100;13;1,9;,7;
2026/03/24;0500 UTC;0;986,8;986,9;986,4;;24,4;24,4;24,6;24,3;24,6;24,3;100;100;100;226;1,8;,5;
2026/03/24;0600 UTC;0;986,6;986,8;986,5;;24,5;24,4;24,5;24,4;24,5;24,3;100;100;100;42;1,8;,5;
2026/03/24;0700 UTC;,2;986,5;986,6;986,4;;24,1;24,1;24,5;24,1;24,5;24,1;100;100;100;180;2,1;1;
2026/03/24;0800 UTC;0;986,6;986,7;986,4;;24,2;24,2;24,2;24,1;24,2;24,1;100;100;100;101;2,6;,5;
2026/03/24;0900 UTC;0;987,3;987,3;986,6;;24,1;24,1;24,3;24,1;24,3;24,1;100;100;100;61;1,6;,8;
2026/03/24;1000 UTC;0;988;988;987,3;39,9;24,2;24,2;24,2;24;24,2;24;100;100;100;1;2;1;
2026/03/24;1100 UTC;,2;988,6;988,6;988;202,9;24,1;23,7;24,5;23,7;24,5;23,3;100;96;98;9;3,9;1,4;
2026/03/24;1200 UTC;0;989,4;989,4;988,6;985,3;25,8;25;25,8;24;25,2;23,6;99;95;96;11;3,9;1,6;
2026/03/24;1300 UTC;0;989,8;989,8;989,4;1015,5;26,5;24,9;26,8;25,7;25,7;24,5;96;90;91;337;3,3;1,2;
2026/03/24;1400 UTC;0;989,6;989,8;989,6;1194,2;27,2;25,1;27,8;26,4;26;24,7;92;87;88;347;3,9;2;
2026/03/24;1500 UTC;0;989;989,6;989;1504,8;28,7;25,2;28,9;27,1;26;24,6;90;79;81;26;3,5;1,7;
2026/03/24;1600 UTC;0;987,1;989;987,1;3400,7;30,4;24,9;30,6;28,6;26,2;24,5;83;71;73;347;4,5;2,3;
2026/03/24;1700 UTC;0;985,6;987,1;985,6;3140,3;30,4;23,8;31,5;30,2;26,3;23,8;75;67;68;16;5,6;2,5;
2026/03/24;1800 UTC;2,4;986,7;987,2;985,6;972,8;22,7;22,7;32,2;22,5;25,6;22,5;100;63;100;182;14,1;,6;
2026/03/24;1900 UTC;25,8;985,5;986,7;985,5;199,3;23,3;23,3;23,5;22,4;23,4;22,4;100;100;100;235;3,3;1,1;
2026/03/24;2000 UTC;1;985,6;986;985,5;242,6;23,9;23,6;24;22,9;23,8;22,9;100;97;98;164;3,4;1,1;
2026/03/24;2100 UTC;0;985,8;985,9;985,5;156,6;24,1;23,8;24,1;23,7;23,9;23,2;99;97;98;157;2,3;1;
2026/03/24;2200 UTC;0;986,4;986,4;985,8;10,1;24,1;23,5;24,2;23,9;24,1;23,5;99;96;96;162;3,2;1,9;
2026/03/24;2300 UTC;,2;986,9;986,9;986,4;,7;24;23,8;24,3;24;23,9;23,3;99;95;99;196;3,9;1,4;
2026/03/25;0000 UTC;0;988;988;986,9;;23,6;23,4;24,1;23,6;23,8;23,4;99;97;99;142;3,6;2,2;
2026/03/25;0100 UTC;0;988,8;988,8;988;;23,3;23,1;23,6;23,3;23,4;23,1;99;98;99;173;3,6;1,9;
2026/03/25;0200 UTC;0;989,2;989,2;988,8;;23,2;23,1;23,3;23,2;23,2;23,1;100;99;99;164;3,5;1,7;
2026/03/25;0300 UTC;0;989,3;989,4;989,2;;23,2;23,2;23,3;23,1;23,2;23,1;100;99;100;222;3,1;1;
2026/03/25;0400 UTC;0;988,6;989,3;988,6;;23,5;23,3;23,6;23,2;23,4;23,2;100;98;99;204;2,8;1,4;
2026/03/25;0500 UTC;0;988,1;988,6;988,1;;23,5;23,4;23,6;23,5;23,4;23,3;100;98;100;140;2,6;1;
2026/03/25;0600 UTC;0;988,2;988,2;988;;23,4;23,4;23,5;23,4;23,4;23,4;100;100;100;197;2,2;,9;
2026/03/25;0700 UTC;0;988,4;988,4;988;,9;23,5;23,2;23,6;23,4;23,5;23,1;100;98;98;126;4,9;1,8;
2026/03/25;0800 UTC;0;988,7;988,7;988,3;,3;22,8;22,4;23,5;22,8;23,2;22,3;98;97;97;38;5,3;2,1;
2026/03/25;0900 UTC;,8;989,4;989,4;988,7;;22,5;22,4;22,8;22,4;22,5;22,2;100;97;100;5;4,1;1,8;
2026/03/25;1000 UTC;4;989,7;989,7;989,3;2,2;22,1;22,1;22,5;22,1;22,5;22,1;100;99;100;312;3;1,5;
2026/03/25;1100 UTC;3,6;989,8;989,9;989,7;90,8;22,4;22,4;22,4;22,1;22,4;22,1;100;100;100;314;2,6;,9;
2026/03/25;1200 UTC;1,4;990,1;990,1;989,8;342,4;23,1;22,7;23,2;22,4;22,9;22,3;100;97;98;40;1,9;,7;
2026/03/25;1300 UTC;0;990,6;990,6;990,1;1036;24,4;23,4;24,5;23,1;24;22,8;99;95;95;331;3,4;1,8;
2026/03/25;1400 UTC;0;990,3;990,7;990,3;1331,2;26;24,5;26,1;24,4;24,7;23,2;96;89;91;358;3,5;1,3;
2026/03/25;1500 UTC;0;990;990,3;990;1442,5;26,5;23,8;27,1;25,8;25;23,5;92;83;85;355;3,9;2,4;
2026/03/25;1600 UTC;,2;989,8;990,1;989,8;1071,9;26,4;25;26,6;26,3;25,4;23,5;94;84;92;9;4,4;2,5;
2026/03/25;1700 UTC;0;989,1;989,8;989,1;1871;27,3;23,9;27,5;26,1;25;23,7;93;80;82;355;4,5;2,1;
2026/03/25;1800 UTC;0;988,2;989,1;988,2;1810,2;27,6;24,1;27,7;27,1;25,2;23;87;78;81;9;5,6;3;
2026/03/25;1900 UTC;0;986,7;988,2;986,7;1318,2;27,3;23,9;28;27,1;24,9;23;84;77;82;352;4,6;1,3;
2026/03/25;2000 UTC;0;985,8;986,7;985,8;1127;27,4;23;27,9;27,3;24,7;22,4;84;74;77;86;2,9;1,3;
2026/03/25;2100 UTC;0;985,5;985,8;985,4;302,8;26,4;23,1;27,4;26,4;23,9;22,5;83;77;82;128;2,5;1,1;
2026/03/25;2200 UTC;0;986,5;986,5;985,5;14,5;25,4;23,9;26,4;25,4;24;22,7;92;81;92;38;1,9;1,1;
2026/03/25;2300 UTC;0;988,2;988,2;986,5;;25,2;24,2;25,4;25,2;24,2;23,9;94;92;94;62;2,4;1,2;
2026/03/26;0000 UTC;0;989,1;989,1;988,2;;25;24,3;25,2;25;24,4;24,2;96;94;96;127;2,4;1,1;
2026/03/26;0100 UTC;0;989,5;989,5;989,1;;24,4;24,2;25;24,4;24,3;24,1;99;96;99;205;1,9;1,1;
2026/03/26;0200 UTC;;;;;;24,5;;;;;;;;;;;;
2026/03/26;0300 UTC;0;989,4;989,8;989,4;;24,3;24;24,5;24,3;24,1;23,9;99;97;99;200;1,5;,6;
2026/03/26;0400 UTC;0;989,4;989,5;989,4;;24,3;24;24,3;24,2;24,1;23,9;99;98;98;169;1,4;,9;
2026/03/26;0500 UTC;0;989,2;989,4;988,9;;24,3;24,2;24,4;24,2;24,2;23,9;100;98;100;95;4,2;1,6;
2026/03/26;0600 UTC;,2;988,7;989,2;988,7;;23,2;23;24,3;23,2;24,2;22,9;100;97;99;179;4,5;1;
2026/03/26;0700 UTC;,4;988,3;988,7;988,3;;23,1;22,9;23,2;23;23,1;22,9;100;99;99;163;2,8;1,6;
2026/03/26;0800 UTC;,4;987,8;988,4;987,8;;23;23;23,1;22,9;23;22,9;100;99;100;154;2,8;,8;
2026/03/26;0900 UTC;0;987,7;987,8;987,6;;22,8;22,8;23;22,8;23;22,8;100;100;100;216;2,2;1;
2026/03/26;1000 UTC;,2;988,3;988,3;987,7;33,2;22,9;22,9;22,9;22,7;22,9;22,7;100;100;100;208;1,9;1,1;
2026/03/26;1100 UTC;0;988,8;988,8;988,2;258,7;23,7;23,3;23,7;22,9;23,4;22,9;100;97;98;218;2,2;,9;
2026/03/26;1200 UTC;0;989,7;989,7;988,8;835;25,2;23,2;25,2;23,7;23,6;22,8;98;89;89;219;2,6;,9;
2026/03/26;1300 UTC;0;989,8;989,8;989,7;2260,9;27,7;23,2;28,2;25,2;24,6;22,5;93;76;77;87;2,9;1;
2026/03/26;1400 UTC;0;989,6;989,8;989,6;2488,2;28,6;24,5;28,6;27,3;24,9;22,9;85;75;79;91;3,6;1,1;
2026/03/26;1500 UTC;0;988,8;989,6;988,8;3999;29,8;23,5;30,5;28,3;26,1;23,1;82;69;69;80;4,5;1,3;
2026/03/26;1600 UTC;0;987,9;988,8;987,9;3411,8;30,6;23,7;30,8;29,4;25,3;22,7;76;65;67;112;4,4;1,4;
2026/03/26;1700 UTC;0;986,6;987,9;986,6;3032,9;31,7;23,7;32,1;29,8;25,9;21,9;72;58;63;80;3,5;1,4;
2026/03/26;1800 UTC;0;985,1;986,6;985,1;2128,3;32,2;23;32,3;30,6;25;22,1;68;58;59;39;3,6;1,1;
2026/03/26;1900 UTC;0;983,7;985;983,7;1714,8;30,9;22,8;32,6;30,9;24,1;21,5;63;54;62;196;3,1;1,5;
2026/03/26;2000 UTC;0;984;984;983,6;856,6;30,8;23,9;31,9;30,8;24,2;21,2;66;55;66;24;3,2;1,4;
2026/03/26;2100 UTC;0;985;985;984;260,1;30;23,9;30,9;30;24,9;22;73;59;70;52;2,2;,6;
2026/03/26;2200 UTC;0;985,7;985,8;985;15,7;28,6;25;30;28,4;25,1;23,4;82;68;81;175;2,2;,9;
2026/03/26;2300 UTC;0;986,8;986,8;985,7;;27,1;25,2;28,6;27;25,4;24,6;90;79;89;210;2,2;,6;
2026/03/27;0000 UTC;0;987,4;987,4;986,8;;26,6;24,5;27,2;26,5;25,4;24,5;93;86;88;171;2,7;1,5;
2026/03/27;0100 UTC;0;988;988;987,4;;26,3;24,3;26,8;26,1;24,5;24,2;90;86;89;179;3,4;,9;
2026/03/27;0200 UTC;,2;989,3;989,3;988;;24,9;24,3;26,3;24,9;24,6;24,1;96;89;96;18;5;1,3;
2026/03/27;0300 UTC;,6;988,4;989,3;988,4;;24,1;23,7;24,9;24,1;24,3;23,6;98;96;97;312;4,5;1,3;
2026/03/27;0400 UTC;,4;987,8;988,4;987,8;;23,9;23,7;24,2;23,9;23,8;23,5;99;97;99;291;2,9;1;
2026/03/27;0500 UTC;,2;987,3;987,8;987,3;;23,6;23,2;24,2;23,6;23,9;23,2;99;98;98;292;3,9;,9;
2026/03/27;0600 UTC;,2;986,7;987,3;986,7;;23,7;23,6;23,7;23,5;23,6;23,2;99;98;99;217;2,7;,8;
2026/03/27;0700 UTC;0;986,6;986,7;986,6;;23,5;23,3;23,7;23,4;23,6;23,3;100;99;99;201;3;1,8;
2026/03/27;0800 UTC;,2;986,8;986,8;986,5;;23,6;23,6;23,6;23,5;23,6;23,3;100;98;100;286;3,2;,3;
2026/03/27;0900 UTC;0;987,8;987,8;986,8;;23,3;23,2;23,7;23,2;23,7;23,2;100;99;100;328;2,6;,9;
2026/03/27;1000 UTC;0;988,6;988,6;987,8;17,1;23,3;23,3;23,3;23,1;23,3;23;100;100;100;81;2,9;1,5;
2026/03/27;1100 UTC;,2;989,1;989,1;988,5;231,7;23,9;23,9;23,9;23,2;23,9;23,2;100;100;100;50;3,9;1,8;
2026/03/27;1200 UTC;,2;990,5;990,5;989,1;61,9;22,3;22,3;23,9;22,3;23,9;22,3;100;100;100;183;6;1,6;
2026/03/27;1300 UTC;3;990,8;991,1;990,4;29,4;22,6;22,6;22,7;22,2;22,7;22,2;100;100;100;226;4,6;2,2;
2026/03/27;1400 UTC;5,6;989,9;990,8;989,9;48,9;22,6;22,6;22,7;22,5;22,7;22,5;100;100;100;246;4,5;,7;
2026/03/27;1500 UTC;8,4;988,7;989,9;988,7;121,9;22,9;22,9;22,9;22,6;22,9;22,6;100;100;100;255;2,7;,8;
2026/03/27;1600 UTC;21,8;988,1;988,8;988,1;298,4;23,1;23,1;23,1;22,6;23,1;22,6;100;99;100;286;3,8;1;
2026/03/27;1700 UTC;,2;986,7;988,1;986,6;536,9;24,5;23,9;24,5;23;24;22,9;100;96;96;138;2,1;,9;
2026/03/27;1800 UTC;0;985,8;986,7;985,8;808,7;25,9;24,5;25,9;24,2;24,6;23,6;98;91;92;34;3,4;,4;
2026/03/27;1900 UTC;0;985,3;985,8;985,1;1025;26,5;23,4;27,3;25,9;24,9;23,3;92;82;83;350;1,5;,9;
2026/03/27;2000 UTC;0;985,1;985,3;985;796,3;26,7;23,9;27,6;26,5;25,4;23,2;89;81;85;311;2;,8;
2026/03/27;2100 UTC;0;985,4;985,4;985,1;118,2;26;23,9;26,7;25,9;24,7;23,7;92;84;88;171;1,7;,8;
2026/03/27;2200 UTC;0;985,3;985,5;985,3;8,8;25,1;24,5;26;25,1;24,5;23,6;96;88;96;188;2;1,1;
2026/03/27;2300 UTC;0;985,7;985,7;985,3;;24,4;24;25,1;24,4;24,6;24;99;96;97;171;1,6;,8;
2026/03/28;0000 UTC;0;986,5;986,5;985,7;;24;24;24,4;24;24,3;24;100;97;100;283;1,2;,4;
2026/03/28;0100 UTC;0;986,9;986,9;986,4;;23,9;23,9;24,2;23,8;24,2;23,8;100;100;100;353;1,3;,5;
2026/03/28;0200 UTC;0;987,1;987,1;986,8;;23,7;23,7;23,9;23,7;23,9;23,7;100;100;100;314;1,8;,6;
2026/03/28;0300 UTC;0;986,9;987,1;986,9;;23,6;23,6;23,7;23,6;23,7;23,6;100;100;100;243;1,8;,4;
2026/03/28;0400 UTC;0;986,5;986,9;986,5;;23,5;23,5;23,7;23,4;23,7;23,4;100;100;100;245;2,2;,8;
2026/03/28;0500 UTC;0;986;986,5;986;;23,6;23,6;23,7;23,5;23,6;23,5;100;100;100;212;2,2;,6;
2026/03/28;0600 UTC;0;985,7;986;985,7;;23,5;23,5;23,6;23,4;23,6;23,4;100;100;100;357;1,3;,8;
2026/03/28;0700 UTC;0;985,6;985,7;985,5;;23,4;23,4;23,5;23,4;23,5;23,4;100;100;100;219;1,3;,2;
2026/03/28;0800 UTC;0;986,5;986,5;985,5;;23,2;23,2;23,4;23,2;23,4;23,2;100;100;100;25;8,6;,7;
2026/03/28;0900 UTC;0;986,8;986,8;986,3;;23,4;23,4;23,4;23,2;23,4;23,2;100;100;100;212;2,7;1,3;
2026/03/28;1000 UTC;0;987,9;987,9;986,7;69,7;23,9;23,8;24,1;23,4;23,9;23,4;100;99;100;6;4;2,3;
2026/03/28;1100 UTC;0;989;989;987,9;379,9;25;24,4;25,2;23,8;24,9;23,8;100;96;96;300;4;,4;
2026/03/28;1200 UTC;0;989,3;989,3;989;976,6;26,5;25,2;26,5;25;25,2;24,2;98;91;93;177;3,2;1,9;
2026/03/28;1300 UTC;0;989,6;989,6;989,3;2112,5;28,2;25;28,6;26,5;25,5;24,7;93;81;83;169;5,5;2,8;
2026/03/28;1400 UTC;0;989,7;989,8;989,5;2839,1;30,7;25,8;30,7;28,2;26;23,7;85;73;75;97;5,4;1,2;
2026/03/28;1500 UTC;0;989,1;989,7;989,1;2688,1;30,8;24,3;31,5;30,4;26,2;23,7;76;65;69;65;4,9;1,5;
2026/03/28;1600 UTC;0;987,9;989,1;987,9;2424,8;31,8;23,9;31,9;30,8;25,2;23,2;71;60;63;120;6,1;2,3;
2026/03/28;1700 UTC;0;986,8;987,9;986,8;2836,7;32,5;22,2;32,6;31,3;24,6;22,2;66;55;55;101;6,8;3,2;
2026/03/28;1800 UTC;0;985,8;986,9;985,8;3066,6;32,6;22,9;33,3;31,5;24,1;22,2;63;54;57;127;6,8;2,2;
2026/03/28;1900 UTC;0;985,1;985,8;985,1;2095,2;33,1;22,7;33,1;31,7;23,5;21,7;61;52;55;81;7,7;3;
2026/03/28;2000 UTC;0;985;985,1;984,8;1485,9;32,2;21,7;33,1;32,2;22,5;21,5;56;51;54;117;6,6;2,7;
2026/03/28;2100 UTC;0;985,5;985,5;984,9;422,5;30,3;23,1;32,2;30,3;23,1;21,7;66;54;66;135;6,4;1,4;
2026/03/28;2200 UTC;0;985,9;985,9;985,5;23,6;27,8;23,5;30,2;27,7;24,2;23,1;79;66;78;176;2,4;,6;
2026/03/28;2300 UTC;0;986,5;986,5;985,9;;26,9;24,5;28,2;26,9;24,5;23,2;87;76;87;208;1,8;,6;
2026/03/29;0000 UTC;0;987;987;986,5;;25,6;24,3;26,9;25,6;24,7;23,8;92;87;92;283;2;,6;
2026/03/29;0100 UTC;0;987,8;987,8;987;;25,3;23,6;25,7;25,3;24,5;23,5;94;89;90;219;3,1;1;
2026/03/29;0200 UTC;0;988,4;988,4;987,8;;25,2;23,6;25,3;24,9;24,1;23,6;94;90;91;231;2;1;
2026/03/29;0300 UTC;0;988,3;988,5;988,3;;24,6;23,3;25,2;24,6;24;23,2;94;90;93;237;1,6;,6;
2026/03/29;0400 UTC;0;987,8;988,3;987,8;;24,3;23,3;24,6;24,2;23,4;23,2;96;93;94;241;1,5;,6;
2026/03/29;0500 UTC;0;987,5;987,8;987,4;;24,1;23,3;24,4;24;23,4;23,2;96;93;96;307;1,7;,2;
2026/03/29;0600 UTC;0;987;987,5;987;;24;23,8;24,2;23,9;23,8;23,4;99;96;99;320;1,3;,4;
2026/03/29;0700 UTC;0;987,6;987,6;987;;23,7;23,5;24,2;23,7;23,9;23,5;99;97;98;182;3,5;,9;
2026/03/29;0800 UTC;0;988,1;988,1;987,4;;24,2;23,2;24,2;23,6;23,6;23,2;99;95;95;101;3,4;1,4;
2026/03/29;0900 UTC;,6;988,3;988,3;988,1;;23,2;22,8;24,4;23,2;23,2;22,5;98;91;97;291;5,5;,4;
2026/03/29;1000 UTC;2,2;988,8;988,8;988,2;18,6;23,2;23;23,3;23,1;23,2;22,8;99;97;99;250;2,3;,5;
2026/03/29;1100 UTC;3,4;989,3;989,5;988,8;173,8;23,5;23,2;23,5;23,2;23,3;22,9;99;97;98;177;4,7;2,4;
2026/03/29;1200 UTC;,2;989,2;989,3;989,2;1274,7;27,5;25,3;27,5;23,5;25,3;23,3;99;85;88;197;5;1,1;
2026/03/29;1300 UTC;0;989,7;989,7;989,2;2808;30;23,3;30,4;27,6;25,4;22,9;88;66;67;165;3,4;2,1;
2026/03/29;1400 UTC;0;989,6;989,7;989,6;2291,2;31,3;23,3;31,4;29,9;24,4;21,5;71;59;62;107;4,2;1,5;
2026/03/29;1500 UTC;0;988,9;989,5;988,9;2855,4;31;22,8;32,2;30,5;25;22,5;68;58;62;133;5;2;
2026/03/29;1600 UTC;0;988,2;988,9;988,1;2125,6;31,4;;32,1;30,9;24,8;23;67;61;;120;4,5;1,6;
2026/03/29;1700 UTC;0;987,1;988,2;987,1;2419,3;31,8;23,1;31,9;31,1;23,9;22,5;65;59;60;98;4,9;2,3;
2026/03/29;1800 UTC;0;986;987,1;986;2904,2;32,9;24,5;32,9;31,6;24,5;21,9;63;55;61;96;5,9;1,9;
2026/03/29;1900 UTC;0;985,2;986;985,2;2040,2;32,5;23,5;33,1;31,9;24,9;22,2;66;56;59;114;4,3;1,3;
2026/03/29;2000 UTC;0;985;985,3;984,9;1426;32,2;22,5;33,4;31,8;24,7;22,3;64;55;57;156;4,5;1,7;
2026/03/29;2100 UTC;0;985,6;985,6;985;445,1;29,1;24,2;32,2;29,1;24,3;22,3;75;56;75;187;7;2,1;
2026/03/29;2200 UTC;0;985,9;985,9;985,5;24,2;27,7;24,7;29,1;27,7;24,8;24,2;84;75;84;197;3,7;2;
2026/03/29;2300 UTC;0;986,9;986,9;985,9;;27,1;24,3;27,7;27,1;24,7;24,3;85;83;85;206;3,4;1,7;
2026/03/30;0000 UTC;0;987,5;987,5;986,9;;26,7;24,5;27,1;26,7;24,8;24,3;89;85;88;201;2,6;,5;
2026/03/30;0100 UTC;0;987,7;987,7;987,5;;26,2;24,3;26,7;26;24,8;24,1;91;88;89;247;2,3;1,1;
2026/03/30;0200 UTC;0;988,5;988,5;987,7;;25,6;24,5;26,2;25,6;24,7;24;94;88;93;191;2,3;,8;
2026/03/30;0300 UTC;0;988,8;988,9;988,5;;25,3;24,9;25,7;25,3;25,1;24,3;98;92;98;347;1,6;,8;
2026/03/30;0400 UTC;0;988,3;988,8;988,3;;25;24,8;25,4;25;25;24,5;99;96;99;244;3,1;,7;
2026/03/30;0500 UTC;0;987,2;988,3;987,2;;24,9;24,5;25,1;24,7;24,8;24,2;99;97;98;289;2,7;,8;
2026/03/30;0600 UTC;0;987,6;987,7;986,6;;24,5;24,3;24,9;24,4;24,5;24;99;96;99;26;6,5;2,2;
2026/03/30;0700 UTC;0;987,5;987,7;987,4;;24,4;24;24,6;24,4;24,5;24;100;98;98;344;4,4;1,5;
2026/03/30;0800 UTC;0;987,4;987,6;987,2;;23,6;22,8;24,5;23,6;24;22,6;98;93;95;324;4,7;,8;
2026/03/30;0900 UTC;0;988,2;988,2;987,4;;23,6;22,8;23,9;23,6;23,4;22,7;97;94;95;337;2,6;,5;
2026/03/30;1000 UTC;0;988,8;989,1;988,2;30,7;23,5;22,9;23,8;23,4;23,3;22,8;98;95;97;14;3,7;,8;
2026/03/30;1100 UTC;0;989,8;989,8;988,8;311,2;24,2;23,2;24,2;23,5;23,4;22,8;97;93;94;187;2,9;1,9;
2026/03/30;1200 UTC;0;990,4;990,4;989,7;321,8;24,6;23,8;24,6;24,1;23,8;23,1;96;94;95;140;4,2;,8;
2026/03/30;1300 UTC;,6;990,7;990,7;990,3;1301,5;25,9;23,5;26,3;24,6;25,6;23,5;97;87;87;229;3,5;1,8;
2026/03/30;1400 UTC;0;990,3;990,7;990,3;1315;27,8;24,1;27,8;25,9;24,6;22,8;90;77;80;289;3,5;,9;
2026/03/30;1500 UTC;0;989,5;990,3;989,5;2177,8;29;24,4;29,5;27,7;25,5;23,1;82;73;76;9;3,4;1,5;
2026/03/30;1600 UTC;0;988;989,5;988;2488,5;30,2;23,3;30,6;28,6;25,7;22,8;81;67;67;348;3,5;1,8;
2026/03/30;1700 UTC;0;986,8;988;986,8;2396,4;30,4;24,9;31,1;29,2;26,1;23,7;79;66;73;330;4,5;2,2;
2026/03/30;1800 UTC;0;985,8;986,8;985,8;1928,2;28,8;24;30,9;28,8;25,7;23,6;76;68;75;141;5,5;2,8;
2026/03/30;1900 UTC;0;984,7;985,8;984,7;1734,3;30;24,2;30,4;28,8;24,7;23,1;76;67;71;183;5;1,7;
2026/03/30;2000 UTC;0;984,5;984,8;984,5;754,2;29;24,4;30,3;29;24,4;22,9;76;67;76;145;3,9;1,7;
2026/03/30;2100 UTC;0;985;985;984,5;252,4;28,3;24,7;29;28,3;25,3;24,3;82;76;81;158;3,2;,9;
2026/03/30;2200 UTC;0;986;986;985;23,5;27,1;24,4;28,3;27;24,9;24,1;87;78;85;177;2,6;,8;
2026/03/30;2300 UTC;0;986,5;986,5;986;;26,1;24,7;27,3;26,1;24,9;24,1;93;83;92;258;2,7;,4;
2026/03/31;0000 UTC;0;986,9;986,9;986,4;;25,6;24,8;26,1;25,6;24,9;24,4;95;91;95;218;2,3;,7;
2026/03/31;0100 UTC;0;987,6;987,6;986,8;;25,5;25,2;25,8;25,5;25,2;24,7;98;94;98;3;4,7;2,2;
2026/03/31;0200 UTC;0;987,8;987,9;987,6;;25,4;25;25,5;25,3;25,2;24,9;99;97;98;358;4,7;,9;
2026/03/31;0300 UTC;0;987,9;988;987,8;;25,1;24,4;25,4;25,1;25;24,4;98;96;96;323;2,5;1,2;
2026/03/31;0400 UTC;0;987,5;987,9;987,4;;24,7;24,2;25,1;24,6;24,5;24,1;97;96;97;360;2,1;,6;
2026/03/31;0500 UTC;0;986,9;987,5;986,9;;24,3;23,8;24,7;24,3;24,3;23,8;98;97;97;342;1,6;,6;
2026/03/31;0600 UTC;0;986,7;986,9;986,6;;23,8;23,6;24,3;23,8;23,9;23,6;99;97;99;356;1,3;,3;
2026/03/31;0700 UTC;0;986,2;986,7;986,2;;23,7;23,6;24;23,7;23,9;23,6;100;99;100;4;,9;,3;
2026/03/31;0800 UTC;0;986,4;986,4;986,2;;23,5;23,5;23,8;23,5;23,7;23,5;100;99;100;226;1,9;,4;
2026/03/31;0900 UTC;0;986,5;986,5;986,3;;23,1;23,1;23,5;23,1;23,5;23,1;100;100;100;127;1,3;,4;
2026/03/31;1000 UTC;0;987,3;987,3;986,5;39,1;23,5;23,5;23,5;23,1;23,5;23,1;100;100;100;60;1,8;,9;
2026/03/31;1100 UTC;0;988;988;987,3;649,2;26;24,5;26;23,5;24,6;23,5;100;90;92;31;2,3;1,1;
2026/03/31;1200 UTC;0;988,8;988,9;988;1534,6;27,8;25,9;27,8;25,9;25,9;24,1;93;85;89;39;4,1;2,1;
2026/03/31;1300 UTC;0;989,2;989,2;988,8;2179,4;28,4;25,1;29,4;27,4;26;24,4;89;78;82;360;5,3;2,7;
2026/03/31;1400 UTC;0;989;989,3;989;2525,4;30,2;25,5;30,2;28,4;26,2;24,3;84;73;76;2;5,3;2,6;
2026/03/31;1500 UTC;0;987,8;989;987,8;2960,1;31,1;25,1;31,1;29,4;26;24,2;80;67;71;19;5,9;2;
2026/03/31;1600 UTC;0;986,3;987,8;986,3;3005,9;32;24,9;32,1;30,3;26,3;24;78;65;66;23;5,7;2,6;
2026/03/31;1700 UTC;0;984,6;986,3;984,6;2704,5;31;23,8;32,3;30,6;26,6;23,8;73;62;65;29;5;2,6;
2026/03/31;1800 UTC;0;984,1;984,6;984,1;1740,8;28,1;24;32,8;28,1;26,2;23,4;79;60;79;4;8,7;4,2;
2026/03/31;1900 UTC;0;983,1;984,1;983,1;1347,3;30,1;24,3;31,4;27,6;26,8;23;85;65;71;31;8,7;2,3;
2026/03/31;2000 UTC;0;983;983,1;982,7;1114,9;31,1;23,6;31,8;29,6;25;22,4;74;60;65;53;4,5;2,2;
2026/03/31;2100 UTC;0;983,6;983,6;983;305,8;28,3;23,6;31,2;28,3;24,7;23;76;65;76;174;6,6;,8;
2026/03/31;2200 UTC;0;984,7;984,7;983,6;8,8;27,3;23,7;28,4;27,2;24,1;22,6;81;71;81;202;3,2;,8;
2026/03/31;2300 UTC;0;986;986,1;984,7;;26,2;23,3;27,5;26,2;24,4;23,3;86;79;84;141;5,9;2,7;
2026/04/01;0000 UTC;0;986,9;986,9;986;;25,4;23;26,2;25,3;23,4;22,8;87;84;86;200;5,5;,4;
2026/04/01;0100 UTC;0;987,8;987,8;986,9;;25,3;23;25,6;25,1;23,4;22,5;91;84;87;145;2,3;,9;
2026/04/01;0200 UTC;0;988,2;988,2;987,8;;24,9;22,9;25,3;24,7;23,5;22,5;92;86;88;190;1,8;1,2;
2026/04/01;0300 UTC;0;987,6;988,2;987,6;;24,8;23,8;24,9;24,7;23,8;22,7;94;88;94;192;1,8;,3;
2026/04/01;0400 UTC;0;986,7;987,6;986,7;;24,5;23,9;24,9;24,5;24,3;23,9;98;94;96;341;1,6;,8;
2026/04/01;0500 UTC;0;985,9;986,7;985,9;;24,4;24;24,8;24,4;24;23,5;97;94;97;183;2,1;,7;
2026/04/01;0600 UTC;0;985,6;985,9;985,6;;24,2;24,1;24,5;24,2;24,1;23,9;99;97;99;152;1,5;,7;
2026/04/01;0700 UTC;0;985,6;985,7;985,5;;24;23,7;24,3;24;24,1;23,5;99;97;98;199;1,7;,4;
2026/04/01;0800 UTC;0;985,9;985,9;985,6;;24;23,9;24,1;23,8;23,9;23,5;99;98;99;14;,7;,5;
2026/04/01;0900 UTC;0;986,2;986,2;985,9;;23,9;23,9;24;23,9;24;23,8;100;99;100;343;1;,4;
2026/04/01;1000 UTC;0;986,3;986,3;986,1;46,5;24;24;24;23,8;24;23,8;100;100;100;183;1,2;,6;
2026/04/01;1100 UTC;0;987,3;987,3;986,3;628,7;25,5;24,5;25,6;24;24,8;24;100;93;94;141;3,1;,9;
2026/04/01;1200 UTC;0;988;988;987,3;975,3;26,7;24,5;27;25,3;25,2;24;95;86;88;127;4,2;1,7;
2026/04/01;1300 UTC;0;988,9;988,9;988;776,8;26,6;24,6;26,8;26,3;24,9;24,4;91;87;89;96;5,3;2,8;
2026/04/01;1400 UTC;0;988,9;989,1;988,8;1350,7;25,8;24,9;26,9;25,2;25;24,1;96;88;95;67;7,6;3,4;
2026/04/01;1500 UTC;0;988,5;989,1;988,5;1644,8;25,3;23,8;26,3;25,2;25,5;23,6;97;88;91;49;7,8;2,9;
2026/04/01;1600 UTC;,2;987,7;988,5;987,7;216,7;24,1;23,8;25,4;24,1;24,1;23,4;98;90;98;7;5,4;1,4;
2026/04/01;1700 UTC;,4;986,6;987,7;986,6;133,4;24;23,8;24,2;23,8;24;23,6;99;98;99;291;2,1;,8;
2026/04/01;1800 UTC;1,4;985,3;986,6;985,3;203;24,2;23,8;24,2;23,9;23,9;23,4;99;96;97;179;2,4;1,3;
2026/04/01;1900 UTC;,2;984,7;985,3;984,7;311;24,4;23,9;24,5;24,1;24,1;23,6;99;97;97;320;2,5;,3;
2026/04/01;2000 UTC;0;984,9;984,9;984,5;276,1;24,7;23,9;24,8;24,4;24,3;23,7;98;94;95;254;1,9;,3;
2026/04/01;2100 UTC;0;985,7;985,7;984,9;109,7;24,5;24,5;24,8;24,4;24,5;24;100;95;100;4;2;1,4;
2026/04/01;2200 UTC;0;986,8;986,8;985,7;3,8;24,1;24,1;24,5;24;24,4;23,9;100;100;100;333;2,4;,8;
2026/04/01;2300 UTC;0;987,6;987,6;986,8;;23,9;23,9;24,1;23,9;24,1;23,9;100;100;100;330;2,6;,9;
2026/04/02;0000 UTC;0;988,4;988,4;987,6;;23,8;23,8;24;23,7;24;23,7;100;100;100;310;2;,7;
2026/04/02;0100 UTC;0;989,4;989,4;988,4;;23,9;23,9;23,9;23,8;23,9;23,7;100;100;100;159;1,8;,6;
2026/04/02;0200 UTC;0;989,8;989,8;989,4;;24;24;24;23,9;24;23,9;100;100;100;30;1,6;,4;
2026/04/02;0300 UTC;;;;;;23,8;;24;23,8;;;100;;100;;;;
2026/04/02;0400 UTC;0;988,4;989,1;988,4;;23,3;23,3;23,8;23,3;23,7;23,3;100;100;100;165;2,4;,8;
2026/04/02;0500 UTC;0;987,9;988,4;987,9;;23,4;23,4;23,5;23,3;23,5;23,3;100;100;100;299;1,9;,8;
2026/04/02;0600 UTC;0;987,3;987,9;987,3;;23,5;23,5;23,7;23,4;23,7;23,4;100;100;100;320;2,3;1,1;
2026/04/02;0700 UTC;0;987,1;987,3;987;;23;23;23,6;23;23,6;23;100;100;100;324;2,7;,6;
2026/04/02;0800 UTC;0;987,3;987,3;987,1;;23;23;23,1;22,9;23,1;22,9;100;100;100;326;1,8;,6;
2026/04/02;0900 UTC;0;988,2;988,2;987,3;;23,1;23,1;23,1;22,8;23,1;22,8;100;100;100;320;1,5;,6;
2026/04/02;1000 UTC;0;988,8;988,8;988,2;38;23;23;23,2;23;23,2;23;100;100;100;284;2,1;,9;
2026/04/02;1100 UTC;0;989,6;989,6;988,8;348,9;24;23,5;24,1;23;23,6;23;100;97;97;270;3,2;,8;
2026/04/02;1200 UTC;0;990,8;990,8;989,6;437,8;24,2;23,7;24,6;23,9;23,9;23,3;98;94;97;88;2,8;1,2;
2026/04/02;1300 UTC;2,6;991,6;991,6;990,8;166,6;23,2;23,2;24,3;23,2;23,9;23,2;100;97;100;144;5,2;2,4;
2026/04/02;1400 UTC;8,8;992;992;991,6;372,2;22,9;22,9;23,2;22,8;23,2;22,8;100;100;100;166;5,9;2,9;
2026/04/02;1500 UTC;8,8;991,9;992;991,9;305,1;23,1;23,1;23,1;22,5;23,1;22,5;100;100;100;127;5,2;,9;
2026/04/02;1600 UTC;7,6;990,2;991,9;990,2;227,3;23;23;23,2;22,8;23,2;22,7;100;100;100;194;3,6;1,8;
2026/04/02;1700 UTC;3,6;988,4;990,2;988,4;1031,2;24,6;24,2;24,7;23;24,3;23;100;97;98;199;4,2;1,8;
2026/04/02;1800 UTC;0;989;989;988,4;1369,4;25,5;23,7;25,7;24,5;24,1;23,1;97;87;90;133;3,5;1,8;
2026/04/02;1900 UTC;0;988,6;989;988,3;1394;27;23,6;27,5;25,3;24,6;23;91;78;82;11;3,1;1,4;
2026/04/02;2000 UTC;0;988,9;988,9;988,6;355,3;25,8;23,9;27,1;25,7;24,4;23,2;92;81;90;38;2,5;1;
2026/04/02;2100 UTC;,4;989,6;989,6;988,8;79;22,9;22,5;25,8;22,9;24,1;22,3;98;88;98;68;9,2;3;
2026/04/02;2200 UTC;2,2;989,2;989,7;989,2;1,2;22,4;22,4;22,9;22,3;22,7;22,2;100;98;100;315;5,4;1,3;
2026/04/02;2300 UTC;,4;988,6;989,2;988,6;;22,8;22,8;22,8;22,4;22,8;22,4;100;100;100;327;3,7;1,7;
2026/04/03;0000 UTC;,4;989;989;988,6;;22,7;22,7;22,8;22,7;22,8;22,7;100;100;100;41;3,6;1,2;
2026/04/03;0100 UTC;0;989,7;989,7;989;;22,6;22,6;22,8;22,6;22,8;22,6;100;100;100;88;3,6;1,4;
2026/04/03;0200 UTC;0;990,2;990,3;989,7;;22,5;22,5;22,6;22,4;22,6;22,4;100;100;100;38;3,5;1,1;
2026/04/03;0300 UTC;0;990,4;990,4;990,2;;22,3;22,3;22,5;22,3;22,5;22,3;100;100;100;43;3,2;1,5;
2026/04/03;0400 UTC;0;990,1;990,5;990;;22,2;22,2;22,4;22,2;22,4;22,2;100;100;100;60;3;,7;
2026/04/03;0500 UTC;0;989,5;990,1;989,5;;22,2;22,2;22,3;22,1;22,3;22,1;100;100;100;277;1,5;,5;
2026/04/03;0600 UTC;0;988,4;989,5;988,4;;22,2;22,2;22,3;22,1;22,3;22,1;100;100;100;167;1,8;1,1;
2026/04/03;0700 UTC;0;987,8;988,4;987,7;;21,9;21,9;22,2;21,9;22,2;21,9;100;100;100;162;1,8;1,2;
2026/04/03;0800 UTC;0;987,5;987,8;987,5;;21,6;21,6;21,9;21,6;21,9;21,6;100;100;100;183;3,1;1,6;
2026/04/03;0900 UTC;0;987,7;987,7;987,4;;21,6;21,6;21,7;21,6;21,7;21,6;100;100;100;168;3,3;1,6;
2026/04/03;1000 UTC;0;989;989;987,7;22,7;21,9;21,9;21,9;21,7;21,9;21,7;100;100;100;133;2,6;,6;
2026/04/03;1100 UTC;,2;990,1;990,1;989;248,3;22,2;22,2;22,2;21,8;22,2;21,8;100;100;100;140;1,9;,7;
2026/04/03;1200 UTC;0;991;991;990,1;565,4;23,3;22,8;23,4;22,2;22,9;22,2;100;96;97;154;1,9;1;
2026/04/03;1300 UTC;0;991,3;991,3;991;1151,8;24,8;22,9;25;23,3;23,5;22,5;97;88;89;171;3,1;1,5;
2026/04/03;1400 UTC;0;991,4;991,5;991,3;1867;27;23,3;27,1;24,8;24;22,6;91;80;80;134;4,3;2,4;
2026/04/03;1500 UTC;0;990,6;991,4;990,6;2342,4;28,4;25;28,5;26,6;25;22,7;83;73;82;50;4,9;1,3;
2026/04/03;1600 UTC;0;989,4;990,6;989,4;3136,1;29,5;23,7;29,9;28,3;26,1;22,8;82;70;71;130;3,6;1,2;
2026/04/03;1700 UTC;0;988,2;989,4;988,2;2970,6;30;24,3;30,5;29,2;26;23,3;78;67;71;38;4,5;1,6;
2026/04/03;1800 UTC;0;987,4;988,2;987,4;2519,5;30,5;23,5;31,3;29,6;26,2;23,4;77;65;66;73;5,4;2,2;
2026/04/03;1900 UTC;0;986,8;987,4;986,8;2453,6;31;23,2;31,9;30,6;25,8;22,7;72;59;63;122;5,7;2,1;
2026/04/03;2000 UTC;0;986,4;986,8;986,4;1067,5;30,9;24;31,1;29,8;24,1;22,6;70;61;67;74;5,8;1,6;
2026/04/03;2100 UTC;0;986,2;986,4;986,2;423,6;29,2;23,8;30,9;29,2;24,7;22,7;74;64;73;22;3,8;1,7;
2026/04/03;2200 UTC;0;986,6;986,6;986,1;10;28,1;24,2;29,2;28,1;24,4;23,6;80;72;79;46;2,8;,9;
2026/04/03;2300 UTC;0;987,4;987,4;986,6;;26,8;24,7;28,1;26,8;24,8;24,2;89;79;88;30;2;,7;
2026/04/04;0000 UTC;0;988,4;988,4;987,4;;26,8;24,5;26,9;26,3;25,5;24,3;94;86;87;39;1,7;1;
2026/04/04;0100 UTC;0;989,1;989,1;988,4;;25,8;24,8;26,8;25,8;24,8;24,4;94;87;94;149;2,1;1,3;
2026/04/04;0200 UTC;0;989,4;989,4;989;;25,1;24,7;25,8;25,1;24,9;24,6;98;94;97;217;2,1;,8;
2026/04/04;0300 UTC;0;989,4;989,9;989,4;;24,8;24,5;25,4;24,8;24,8;24,5;98;96;98;177;1,5;,7;
2026/04/04;0400 UTC;0;988,7;989,4;988,7;;24,5;24,4;24,9;24,5;24,6;24,3;100;98;99;253;2;,6;
2026/04/04;0500 UTC;0;988,2;988,7;988,1;;24,3;24,3;24,6;24,2;24,5;24,1;100;99;100;52;1,7;,3;
2026/04/04;0600 UTC;0;988;988,2;987,8;;24,5;24,3;24,5;24,1;24,4;24,1;100;99;99;204;1,3;,5;
2026/04/04;0700 UTC;0;988,1;988,1;987,9;;24,6;24,4;24,7;24,4;24,5;24,2;99;98;99;197;1,1;,4;
2026/04/04;0800 UTC;0;987,8;988,1;987,8;;23,9;23,9;24,6;23,9;24,4;23,9;100;99;100;334;1;,4;
2026/04/04;0900 UTC;0;988,2;988,2;987,8;;23,5;23,5;23,9;23,5;23,9;23,5;100;100;100;158;1;,4;
2026/04/04;1000 UTC;0;988,8;988,9;988,2;76,9;23,9;23,8;24;23,5;23,9;23,5;100;99;99;201;1,5;,6;
2026/04/04;1100 UTC;0;989,4;989,4;988,8;519,7;25,6;24,8;25,6;23,9;24,8;23,8;99;95;95;200;2;1,2;
2026/04/04;1200 UTC;0;989,9;989,9;989,4;1449,2;28,2;24,5;28,2;25,6;25,1;24;95;80;80;115;3,4;1,8;
2026/04/04;1300 UTC;0;990,3;990,4;989,9;2400,3;30,1;24,6;30,1;28;25,6;23,9;84;72;72;69;4,4;1,4;
2026/04/04;1400 UTC;0;990,2;990,5;990,2;2919,1;30,8;24,4;31,2;29,7;25,6;23,8;77;67;69;103;4,8;1,8;
2026/04/04;1500 UTC;0;989,6;990,2;989,6;2861,8;31,4;24,7;31,8;30,6;26;23,7;74;65;67;38;4,8;2,6;
2026/04/04;1600 UTC;0;988,7;989,6;988,7;3077,5;31,7;23,7;32,6;31,3;26,4;23,4;72;60;63;55;5,1;2,3;
2026/04/04;1700 UTC;0;987,2;988,7;987,2;2454,2;33,2;23,2;33,3;30,7;25,9;23,2;70;56;56;64;6,1;2,5;
2026/04/04;1800 UTC;0;986;987,2;986;2182,4;32,1;23,7;33,5;31,9;25,2;22,6;63;55;61;96;6,7;1,9;
2026/04/04;1900 UTC;0;985,2;986;985,2;2215,9;33;22,9;33,3;32,1;24,3;22,7;63;55;56;75;6;2,4;
2026/04/04;2000 UTC;0;985;985,2;984,9;919,4;31,7;23,6;33,1;31,6;23,9;22;64;54;62;53;6;1,5;
2026/04/04;2100 UTC;0;985,4;985,5;984,9;260,9;30,6;24,9;31,7;30,6;24,9;23;72;61;72;127;2,7;1;
2026/04/04;2200 UTC;0;986;986,1;985,4;7,5;26,8;23;30,6;26,8;25,5;23;81;72;80;203;9;1,1;
2026/04/04;2300 UTC;0;986,5;986,5;985,9;;26,4;24;27,2;26,4;24,3;23;87;78;87;19;2,3;,5;
2026/04/05;0000 UTC;0;987,6;987,6;986,5;;26,2;24,8;26,4;25,8;24,8;24;93;87;92;156;1,4;,5;
2026/04/05;0100 UTC;0;988,3;988,4;987,6;;25,5;24,8;26,2;25,4;25,2;24,4;96;92;96;358;1,3;,3;
2026/04/05;0200 UTC;0;988,8;988,8;988,3;;25,7;24,8;25,7;25,4;25,4;24,6;98;95;95;220;1,6;,6;
2026/04/05;0300 UTC;0;988,8;988,9;988,7;;25,9;24,9;25,9;25,4;25,6;24,7;98;94;94;311;1,6;,7;
2026/04/05;0400 UTC;0;988,4;989;988,4;;25;24;26,1;25;24,8;23,9;95;91;94;157;4,3;,5;
2026/04/05;0500 UTC;0;987,7;988,4;987,7;;24,3;23,9;25;24,3;24,1;23,9;97;94;97;220;1,9;,4;
2026/04/05;0600 UTC;0;987,1;987,7;987,1;;24,3;23,8;24,4;24,1;24,1;23,8;98;97;98;214;1,5;,8;
2026/04/05;0700 UTC;0;987,2;987,2;987;;24,1;23,9;24,3;24,1;24;23,8;99;98;99;195;1,5;,7;
2026/04/05;0800 UTC;0;987,6;987,6;987,2;;23,8;23,7;24,1;23,8;23,9;23,6;99;99;99;359;1,5;,6;
2026/04/05;0900 UTC;0;987,7;987,7;987,5;;23,7;23,7;23,8;23,5;23,8;23,5;100;99;100;105;2;,6;
2026/04/05;1000 UTC;0;988,8;988,8;987,7;64,6;23,8;23,8;23,8;23,3;23,8;23,3;100;100;100;102;1,6;,6;
2026/04/05;1100 UTC;0;989,8;989,8;988,8;704,5;26,5;24;26,6;23,8;24,8;23,9;100;86;86;132;1,4;,5;
2026/04/05;1200 UTC;0;990,6;990,6;989,8;1290;27,6;23,9;28;26,5;25,1;23,4;88;78;80;145;3,8;1,6;
2026/04/05;1300 UTC;0;990,5;990,6;990,4;2161,7;28,8;25;30,2;27,5;25,8;24;83;73;80;175;4,6;2,4;
2026/04/05;1400 UTC;0;990,2;990,7;990,2;1952,8;30,5;25,3;30,5;28,6;25,9;24,5;82;73;74;146;4,8;1,6;
2026/04/05;1500 UTC;0;989,5;990,2;989,5;2035,4;28;25,7;31,3;26,7;26,2;22,9;90;69;87;346;8,1;2;
2026/04/05;1600 UTC;0;988,8;989,5;988,8;3408,1;30,9;24,9;31,3;27,9;27,3;23,6;90;66;71;321;4,7;1,7;
2026/04/05;1700 UTC;0;987,4;988,8;987,4;2673,5;31,2;25,2;32;30,9;26,2;24,2;75;66;70;313;4,1;1,6;
2026/04/05;1800 UTC;0;986,1;987,4;986,1;2423,6;32,3;24,9;32,8;31,2;26,9;24,1;73;63;65;39;4,5;2,1;
2026/04/05;1900 UTC;0;984,9;986,1;984,9;2041,4;32,6;24,3;32,8;32;26,2;23;70;57;62;42;4,5;1,1;
2026/04/05;2000 UTC;0;984,6;984,9;984,6;967,9;31,4;24,3;32,8;31,4;25,2;23,2;66;58;66;94;3,5;1;
2026/04/05;2100 UTC;0;984,8;984,8;984,5;380,4;30,1;24,8;31,5;30,1;25,3;23,5;75;64;74;346;2,7;1,7;
2026/04/05;2200 UTC;0;985,5;985,6;984,8;12,3;28,4;24,8;30,1;28,4;24,9;24,3;81;72;80;337;4,2;1,6;
2026/04/05;2300 UTC;0;986,4;986,4;985,5;;28;24,8;28,5;28;25,1;24,7;83;80;82;321;3,1;1,2;
2026/04/06;0000 UTC;0;987,8;987,8;986,4;;27,7;24,8;28,1;27,5;24,9;24,5;86;82;84;309;3;1,1;
2026/04/06;0100 UTC;0;988,3;988,3;987,8;;27,3;24,2;27,7;27,1;24,7;24,2;86;83;83;318;2,6;1,3;
2026/04/06;0200 UTC;0;989,2;989,2;988,2;;27;24,3;27,3;26,9;24,5;24,2;87;83;85;311;3,1;1,1;
2026/04/06;0300 UTC;0;989,1;989,3;989,1;;26,9;24,4;27;26,8;24,4;24,3;87;85;86;307;3,3;1,6;
2026/04/06;0400 UTC;0;988,5;989,2;988,5;;26,4;24,5;26,9;26,4;24,5;24,3;89;86;89;303;3,2;1,2;
2026/04/06;0500 UTC;0;987,7;988,5;987,7;;26,2;24,1;26,4;26,1;24,5;24,1;90;89;89;297;3,9;1,8;
2026/04/06;0600 UTC;0;987,5;987,7;987,5;;25,7;23,9;26,3;25,7;24,2;23,9;90;88;90;305;5,4;2,3;
2026/04/06;0700 UTC;0;987,4;987,6;987,4;;25,4;23,8;25,7;25,4;23,9;23,8;91;89;91;306;6,4;2,1;
2026/04/06;0800 UTC;0;987,7;987,7;987,4;;25,6;23,8;25,7;25,3;23,9;23,8;91;89;90;302;6,9;2,3;
2026/04/06;0900 UTC;0;988,6;988,6;987,7;;24,6;23,9;25,6;24,6;23,9;23,8;96;90;96;338;5,7;2,9;
2026/04/06;1000 UTC;0;989;989;988,4;49,8;24,5;24,1;24,6;24,3;24,1;23,8;98;96;97;345;5,7;1,5;
2026/04/06;1100 UTC;0;990,1;990,1;989;501,8;25,7;24,4;25,7;24,5;24,7;24;97;93;93;11;3,1;1,3;
2026/04/06;1200 UTC;0;991;991;990,1;1160,2;27,3;24,7;27,3;25,7;25;23,6;93;82;86;51;3;1,5;
2026/04/06;1300 UTC;0;991,9;991,9;991;1339,5;27,5;23,5;27,7;27,2;24,9;23,4;86;78;79;34;3,3;1,4;
2026/04/06;1400 UTC;0;992,2;992,4;991,9;1106,9;28;24,4;28;27,3;24,8;23,4;85;78;81;89;6,3;2,8;
2026/04/06;1500 UTC;0;991,1;992,2;991,1;2065,9;28,3;24,4;28,5;27,5;26,1;24,2;88;78;79;86;6,3;2,1;
2026/04/06;1600 UTC;0;989,7;991,1;989,7;3017,3;30,6;25,6;30,6;28,3;25,6;23,7;84;70;74;35;5;2,3;
2026/04/06;1700 UTC;0;988,7;989,7;988,7;2230,9;30;24,1;31,2;30;26,4;22,9;77;66;71;26;5,6;1,8;
2026/04/06;1800 UTC;0;987,8;988,7;987,8;955,3;28,8;24,2;30;28,2;24,7;23,8;81;70;76;150;5;2,2;
2026/04/06;1900 UTC;0;987,7;987,8;987,5;1248,4;29,3;24,1;29,6;28,5;24,6;23;78;71;74;129;4,8;1,8;
2026/04/06;2000 UTC;0;987,4;987,7;987,4;845,4;28,9;23,9;29,5;28,8;24,6;23,6;77;72;74;127;3,6;1,9;
2026/04/06;2100 UTC;0;987,3;987,4;987,3;299,9;27,7;24,2;28,9;27,7;24,4;23,9;82;74;81;127;3,9;2;
2026/04/06;2200 UTC;0;987,4;987,4;987,3;14,2;26,1;24,2;27,7;26,1;24,3;24,1;89;81;89;151;3,6;1,6;
2026/04/06;2300 UTC;0;987,6;987,6;987,4;;25,5;24,2;26,1;25,5;24,5;24,2;93;89;93;180;3,4;1,6;
2026/04/07;0000 UTC;0;988;988;987,6;;25;24,2;25,5;25;24,3;24,1;95;93;95;197;3,3;1,5;
2026/04/07;0100 UTC;0;988,7;988,7;988;;24,6;24,1;25;24,6;24,2;24;97;95;97;148;3,4;1,3;
2026/04/07;0200 UTC;0;989,4;989,5;988,7;;24,3;24;24,6;24,3;24,1;23,9;98;97;98;179;2,2;,6;
2026/04/07;0300 UTC;0;989,4;989,5;989,3;;24,3;24;24,4;24,2;24;23,9;98;97;98;179;1,4;,4;
2026/04/07;0400 UTC;0;989,2;989,4;989,1;;24,2;23,9;24,3;24;24;23,8;99;98;98;201;1,5;1;
2026/04/07;0500 UTC;0;988,8;989,2;988,8;;24;23,8;24,2;24;23,9;23,7;99;98;99;192;1,7;,8;
2026/04/07;0600 UTC;0;988,6;988,8;988,6;;23,8;23,7;24;23,7;23,8;23,6;99;99;99;217;1,9;,5;
2026/04/07;0700 UTC;0;988,3;988,6;988,3;;23,7;23,7;23,9;23,7;23,8;23,6;100;99;100;196;1,6;,9;
2026/04/07;0800 UTC;0;988,2;988,3;988,1;;23,6;23,6;23,7;23,5;23,6;23,5;100;100;100;192;1,7;,5;
2026/04/07;0900 UTC;0;988,7;988,8;988,2;;23,5;23,5;23,7;23,4;23,6;23,4;100;99;100;153;1,8;,7;
2026/04/07;1000 UTC;0;989,5;989,5;988,7;85,1;24;23,9;24;23,5;23,9;23,4;100;99;99;167;2,5;1,1;
2026/04/07;1100 UTC;0;990,2;990,2;989,5;744;26,6;23,7;26,6;24;24,4;23,4;99;83;84;105;3,5;1,3;
2026/04/07;1200 UTC;0;990,9;990,9;990,2;1130,3;26,2;23,3;27,1;25,6;23,9;22,6;88;78;84;125;3,9;1,4;
2026/04/07;1300 UTC;0;991;991,1;990,9;2069;28,6;23,8;28,7;26;25,5;23,2;88;74;75;104;3,6;1,2;
2026/04/07;1400 UTC;0;990,7;991,1;990,7;3012,5;30,4;23,9;31,4;28,3;25,8;23,1;81;65;68;25;4,6;2,5;
2026/04/07;1500 UTC;0;989,9;990,7;989,9;3297,2;31,5;23,6;32,5;30,4;26,4;23;73;61;63;32;6,1;2,6;
2026/04/07;1600 UTC;0;989;989,9;989;2862,7;32,4;23,3;32,8;30,7;25,1;22,9;71;58;59;57;6,3;2,3;
2026/04/07;1700 UTC;0;988,2;989;988,2;2543,5;32,3;24,2;33,1;31,6;25;22,6;66;56;62;58;6,5;2,4;
2026/04/07;1800 UTC;0;987,5;988,2;987,5;2405,4;32,7;22,7;33,6;31,5;24,8;22;64;53;56;66;6,2;3,1;
2026/04/07;1900 UTC;0;987,1;987,5;987,1;1764,9;32,6;22;33,7;31,7;23,9;22;58;52;54;92;6,3;2,4;
2026/04/07;2000 UTC;0;986,7;987,1;986,6;1411,3;32,1;22,3;33,1;32,1;23;21,9;57;53;56;57;6,3;2,1;
2026/04/07;2100 UTC;0;986,7;986,7;986,6;284,9;30,6;23,6;32,2;30,6;23,7;22,2;66;56;66;39;4,3;1,6;
2026/04/07;2200 UTC;0;987,1;987,1;986,7;9,7;28,5;24,2;30,6;28,5;24,5;23,4;79;66;78;139;2,8;,6;
2026/04/07;2300 UTC;0;987,6;987,6;987,1;;27,8;24,7;29,1;27,8;24,8;23,9;84;74;83;192;2;1,2;
2026/04/08;0000 UTC;0;988,2;988,2;987,6;;26,9;24,9;27,8;26,8;25;24,7;90;83;89;216;2;,8;
2026/04/08;0100 UTC;0;988,7;988,7;988,2;;26,3;24,3;26,9;26,3;24,8;24,2;89;87;89;237;2,2;,8;
2026/04/08;0200 UTC;0;988,8;989;988,7;;25,7;24,3;26,3;25,7;24,8;24,2;92;89;92;220;1,5;,5;
2026/04/08;0300 UTC;0;988,8;988,9;988,7;;25,5;24,3;25,7;25,4;24,5;24,2;95;92;93;240;1,7;,6;
2026/04/08;0400 UTC;0;988,5;988,9;988,5;;25,5;24;25,7;25,2;24,3;23,9;93;90;91;232;1,9;1;
2026/04/08;0500 UTC;0;988,1;988,5;988,1;;25;24,2;25,5;24,9;24,2;23,8;95;91;95;190;1,6;,4;
2026/04/08;0600 UTC;0;987,9;988,2;987,9;;24,6;24,2;25,3;24,6;24,4;24;98;94;98;318;1,5;,4;
2026/04/08;0700 UTC;0;987,7;987,9;987,5;;24,8;23,9;24,8;24,5;24,5;23,8;98;95;95;177;1,6;,8;
2026/04/08;0800 UTC;0;987,9;987,9;987,6;;24,7;24,3;24,8;24,5;24,4;23,8;98;95;98;111;1,8;,9;
2026/04/08;0900 UTC;1,4;988,8;988,9;987,9;;24,6;24,5;24,8;24,4;24,6;24,3;100;98;99;59;5,8;1,5;
2026/04/08;1000 UTC;1;990;990,2;988,8;13,3;23,7;23,1;24,6;23,7;24,5;23,1;100;97;97;93;9,3;3,6;
2026/04/08;1100 UTC;,2;990,7;990,7;989,3;23,6;23,3;22,2;23,7;23;23;22,1;97;92;94;152;8,5;1,9;
2026/04/08;1200 UTC;0;991,2;991,2;990,6;43,9;23,3;23,1;23,4;23;23,2;22;99;93;99;304;3,3;,9;
2026/04/08;1300 UTC;0;991,3;991,6;991,2;222,9;23,8;23,2;23,9;23;23,5;22,5;99;96;96;323;3,4;1,2;
2026/04/08;1400 UTC;0;991,2;991,4;991;548,8;25,3;23,8;25,3;23,8;23,8;23,1;97;89;91;330;2,6;,5;
2026/04/08;1500 UTC;,2;990,1;991,2;990,1;687;26,2;24,2;26,2;25,1;24,2;22,7;93;86;89;318;2,3;,7;
2026/04/08;1600 UTC;0;989,1;990,1;989,1;1432,6;27,7;23,6;28,1;26,1;25,4;23,5;90;79;79;350;2,8;1,4;
2026/04/08;1700 UTC;0;987,9;989,1;987,9;1819,6;29,1;25;29,1;27,6;25,3;23,4;83;73;78;323;2,8;,9;
2026/04/08;1800 UTC;0;986,7;987,9;986,7;2826;30,9;24,7;30,9;28,9;25,9;23,8;80;68;70;2;2,9;1;
2026/04/08;1900 UTC;0;986,4;986,7;986,4;2244;31,2;24,5;31,5;30,6;26,8;23,9;76;66;68;4;3,3;,7;
2026/04/08;2000 UTC;0;985,2;986,4;985,2;1427,2;31,3;23,7;31,8;31;26;23,6;73;64;64;227;2,9;,7;
2026/04/08;2100 UTC;0;985;985,3;985;481;29,2;24,7;31,5;29,2;25,2;23,1;77;63;77;20;2,9;1,4;
2026/04/08;2200 UTC;0;985,5;985,5;985;5;27,2;25,8;29,2;27,2;26,1;24,5;93;76;92;14;2,1;,6;
2026/04/08;2300 UTC;0;986,7;986,7;985,5;;26,8;25,5;27,2;26,6;25,9;25,1;95;90;93;259;1,6;,6;
2026/04/09;0000 UTC;0;987,9;987,9;986,7;;26,1;25,6;26,8;26,1;25,8;25,3;98;92;97;304;1,2;,7;
2026/04/09;0100 UTC;,2;988,8;988,8;987,9;;26,1;25,6;26,3;25,9;25,9;25,5;98;97;97;246;1,2;,3;
2026/04/09;0200 UTC;0;988,9;988,9;988,5;;25,7;25,3;26,1;25,6;25,6;25;98;95;98;230;1,5;,5;
2026/04/09;0300 UTC;0;989;989;988,7;;25,2;25;25,8;25,2;25,5;25;99;98;99;357;1,7;1,3;
2026/04/09;0400 UTC;0;988,6;989;988,6;;25;24,7;25,2;25;25;24,6;99;97;98;352;2,2;,8;
2026/04/09;0500 UTC;0;987,9;988,6;987,9;;24,7;24,5;25;24,6;24,7;24,5;100;98;99;1;2;,9;
2026/04/09;0600 UTC;0;987,5;987,9;987,5;;24,4;24,4;24,7;24,4;24,6;24,4;100;99;100;355;2,3;1,4;
2026/04/09;0700 UTC;0;987,1;987,5;987;;24,4;24,2;24,6;24,3;24,4;24,2;100;98;99;318;3;1,1;
2026/04/09;0800 UTC;0;987,7;987,8;987;;24,5;24,4;24,6;24,3;24,4;24,1;99;99;99;8;2,5;,7;
2026/04/09;0900 UTC;,2;988,6;988,6;987,6;;24,3;24,2;24,5;24,3;24,4;24,2;100;99;100;26;2;1,2;
2026/04/09;1000 UTC;0;988,9;988,9;988,5;15,3;24,2;24,2;24,3;24,1;24,2;24,1;100;100;100;202;2,9;,8;
2026/04/09;1100 UTC;0;989,9;989,9;988,9;53,7;24,5;24,4;24,5;24,2;24,4;24,2;100;100;100;238;2;,9;
2026/04/09;1200 UTC;0;990,6;990,6;989,9;181;25,2;25,1;25,2;24,5;25,1;24,4;100;99;100;40;1,8;,4;
2026/04/09;1300 UTC;0;991,2;991,2;990,6;418,1;25,3;24,8;25,7;25,1;25,5;24,5;100;96;97;321;2,1;1,1;
2026/04/09;1400 UTC;0;990,9;991,2;990,9;953,4;27,4;24,9;27,4;25,3;25,6;23,9;98;83;86;347;2,8;1,2;
2026/04/09;1500 UTC;0;990,5;990,9;990,4;1969,3;28,8;25,7;28,9;27,3;26,3;24,5;88;81;84;19;5,4;2,6;
2026/04/09;1600 UTC;0;989,4;990,5;989,4;1765,4;29,6;24,6;29,9;28,6;26,4;24,6;85;75;75;309;4,5;1;
2026/04/09;1700 UTC;0;987,7;989,4;987,7;2155,9;30,2;25,7;31,1;29,6;26,8;24,6;83;71;77;5;3,9;1,6;
2026/04/09;1800 UTC;0;986,3;987,6;986,3;2054,9;31,7;24,8;32;29,8;26,9;23,8;80;63;67;63;3;1;
2026/04/09;1900 UTC;0;986;986,3;985,9;714,8;28,3;25,2;32;28,3;25,8;23,7;85;63;83;221;6,7;1,3;
2026/04/09;2000 UTC;0;986;986,1;985,9;150,2;27,9;25,2;28,5;27,8;26,1;24,7;87;81;85;226;2,7;1,2;
2026/04/09;2100 UTC;0;986,5;986,5;985,8;111,9;27,1;25,2;27,9;27,1;25,2;24,9;89;84;89;211;3,6;1;
2026/04/09;2200 UTC;0;986,9;986,9;986,5;6,4;26,5;25,1;27,1;26,5;25,3;25;92;89;92;221;2,3;,8;
2026/04/09;2300 UTC;0;987,6;987,8;986,9;;26,2;25,2;26,6;26,2;25,3;24,9;95;92;94;133;3,1;1;
2026/04/10;0000 UTC;0;988;988;987,3;;25,8;25,3;26,3;25,8;25,4;25,1;97;94;97;150;2,2;,8;
2026/04/10;0100 UTC;0;988,8;988,9;988;;25,6;25,3;25,8;25,6;25,4;25,2;98;97;98;82;2,3;1,2;
2026/04/10;0200 UTC;0;989,1;989,2;988,8;;25,4;25,2;25,6;25,3;25,4;25,2;99;98;99;241;2,3;,6;
2026/04/10;0300 UTC;0;988,7;989,2;988,7;;25,1;25;25,4;25;25,3;24,9;100;99;100;275;1,5;,5;
2026/04/10;0400 UTC;0;988,8;988,8;988,6;;24,8;24,6;25,1;24,7;25;24,6;100;99;99;290;2;1,1;
2026/04/10;0500 UTC;0;988,7;988,9;988,7;;24,8;24,6;25,1;24,8;24,8;24,5;99;97;99;321;2;,6;
2026/04/10;0600 UTC;0;988,2;988,7;988,1;;24,8;24,7;24,9;24,7;24,7;24,4;99;98;99;281;1,7;,5;
2026/04/10;0700 UTC;0;988,1;988,2;987,9;;24,9;24,6;24,9;24,6;24,7;24,5;100;98;99;123;3;1,4;
2026/04/10;0800 UTC;0;988,6;988,6;987,7;;24,2;23,8;24,9;24,2;24,6;23,7;100;97;98;104;3,9;1,4;
2026/04/10;0900 UTC;0;988,7;988,7;988,1;;24,1;24,1;24,2;24,1;24,2;23,8;100;98;100;196;3,4;1;
2026/04/10;1000 UTC;0;990,1;990,1;988,7;16,1;23,2;22,7;24,2;23,2;24,2;22,7;100;97;97;90;7,3;2,9;
2026/04/10;1100 UTC;0;990,5;990,7;990;43,3;22,1;21,9;23,2;21,8;22,7;21,7;99;97;99;197;10,2;1,4;
2026/04/10;1200 UTC;0;990,8;990,9;990,5;242,8;23,1;23;23,1;22,1;23,1;21,9;100;98;99;242;3,9;,9;
2026/04/10;1300 UTC;0;991,5;991,5;990,8;1206,1;25,4;23,5;25,4;23,1;25;23;100;87;89;230;4;2,1;
2026/04/10;1400 UTC;0;991;991,5;991;1222,2;27;23,2;27;25,3;24,4;22,3;90;76;80;136;3,9;1,1;
2026/04/10;1500 UTC;0;989,9;991;989,9;2534,1;29,6;24,7;29,6;26,8;24,9;22,2;82;67;75;228;3,3;,9;
2026/04/10;1600 UTC;0;988,9;989,9;988,9;3034,5;30,1;23,4;30,6;28,9;25,5;22,5;79;64;67;138;4,5;1,8;
2026/04/10;1700 UTC;0;987,7;988,9;987,7;2588;30;24,3;30,7;29,4;25;23,2;76;65;72;186;5,1;2,4;
2026/04/10;1800 UTC;0;986,9;987,7;986,9;2145,1;29,2;23,9;30,1;29,1;25,3;23,6;77;71;73;189;6;2,5;
2026/04/10;1900 UTC;0;986,4;986,9;986,4;1555,1;29;24,3;29,6;28,8;24,9;23,6;78;72;76;185;5,2;2,9;
2026/04/10;2000 UTC;0;985,9;986,4;985,9;1346,3;28,6;23,8;29,4;28,6;24,7;23,6;79;72;75;186;5,4;3,2;
2026/04/10;2100 UTC;0;986,3;986,3;985,9;487,2;26,7;23,1;28,7;26,7;24,5;22,9;81;75;81;191;6,6;2,7;
2026/04/10;2200 UTC;0;987,3;987,3;986,3;6,6;25,5;23,1;26,7;25,5;23,2;23;87;80;87;174;4,9;1,7;
2026/04/10;2300 UTC;0;988,1;988,1;987,3;;24,8;23,3;25,5;24,8;23,4;23,1;91;87;91;195;3,8;1,8;
2026/04/11;0000 UTC;0;989;989;988,1;;24,6;23,1;24,9;24,6;23,3;23;92;90;91;213;3,6;1,4;
2026/04/11;0100 UTC;,4;989,7;989,7;989;;24,4;22,9;24,6;24,2;23,3;22,8;94;90;91;179;2,6;1,1;
2026/04/11;0200 UTC;,4;990,1;990,1;989,7;;23,8;23,1;24,4;23,8;23,3;22,8;97;91;96;158;2;,9;
2026/04/11;0300 UTC;,8;989,7;990,1;989,6;;23,5;22,9;23,8;23,5;23,3;22,7;97;94;96;259;2;,3;
2026/04/11;0400 UTC;,6;988,9;989,7;988,9;;23,4;23,2;23,6;23,4;23,2;22,8;99;96;99;228;1,9;,7;
2026/04/11;0500 UTC;1;988,3;988,9;988,3;;23,2;23,1;23,4;23,1;23,2;23;100;99;100;352;1,3;,6;
2026/04/11;0600 UTC;1;988;988,3;987,9;;22,9;22,8;23,2;22,9;23,1;22,7;100;98;99;354;1,8;1,1;
2026/04/11;0700 UTC;1;987,9;988,1;987,9;;22,7;22,7;22,9;22,5;22,8;22,5;100;99;100;321;1,8;,3;
2026/04/11;0800 UTC;1,2;987,9;987,9;987,8;;22,5;22,5;22,7;22,4;22,7;22,4;100;100;100;274;1,6;,4;
2026/04/11;0900 UTC;1,2;988,1;988,1;987,9;;22,5;22,5;22,6;22,4;22,6;22,4;100;100;100;331;1,5;,3;
2026/04/11;1000 UTC;1,2;988,9;988,9;988,1;51,4;22,8;22,7;22,8;22,4;22,7;22,4;100;100;100;334;1,2;,4;
2026/04/11;1100 UTC;,8;989,9;989,9;988,9;774;25,6;23,3;26;22,7;23,5;22,7;100;84;87;6;1,3;,6;
2026/04/11;1200 UTC;,4;990,3;990,3;989,9;1630,8;27,8;23,4;28,3;25,6;24,8;23,2;88;77;77;74;2;,7;
2026/04/11;1300 UTC;,2;990,5;990,5;990,2;2388;29,4;24,2;29,7;27,6;24,6;23,3;80;70;73;315;2,4;1,1;
2026/04/11;1400 UTC;0;990,1;990,5;990,1;2896,9;31,5;24,9;31,5;29,4;25,7;22,9;73;65;68;54;3,8;,9;
2026/04/11;1500 UTC;0;989,1;990,1;989,1;3410,7;31,9;24,1;32,3;30,8;25,3;23,1;70;61;64;122;4;1,6;
2026/04/11;1600 UTC;0;987,7;989,1;987,7;3389,6;32,4;24,3;33,4;31,3;25,5;23,1;66;58;63;132;4,2;1,6;
2026/04/11;1700 UTC;0;986,4;987,7;986,4;3428,9;33,2;24,2;33,6;32,4;24,9;22,8;63;55;59;101;4,9;1,8;
2026/04/11;1800 UTC;0;985,5;986,4;985,4;2532,7;33,2;24,4;34,1;32,6;25,3;22,8;63;53;60;112;5,3;1,9;
2026/04/11;1900 UTC;0;986,4;986,4;985,2;535,8;25,3;24,7;33,2;25,3;25,6;23,4;97;57;97;91;11;4,9;
2026/04/11;2000 UTC;,2;986,4;986,5;986,2;74,8;24,9;24,9;25,3;24,1;24,9;24,1;100;97;100;248;11;1;
2026/04/11;2100 UTC;1,2;986,7;987;986,4;38,3;25,1;24,7;25,3;24,8;25,2;24,7;100;98;98;357;2,2;,8;
2026/04/11;2200 UTC;4,6;987,3;987,3;986,6;1,1;25,1;25;25,2;24,8;25;24,6;99;98;99;113;2;,7;
2026/04/11;2300 UTC;5,2;988,2;988,2;987,3;;24,7;24,5;25,1;24,7;25;24,5;100;98;99;80;3,1;,7;
2026/04/12;0000 UTC;5,2;989,2;989,2;987,9;;24,8;24,5;24,9;24,6;24,7;24,4;99;98;98;18;2;,9;
2026/04/12;0100 UTC;4,2;990,2;990,2;989,2;;24,7;24,3;24,8;24,6;24,6;24,3;99;98;98;9;1,7;,4;
2026/04/12;0200 UTC;,4;989,7;990,3;989,7;;24,5;24,3;24,8;24,5;24,6;24,3;99;98;99;345;1,6;,9;
2026/04/12;0300 UTC;0;989,5;989,9;989,5;;24,4;24,3;24,5;24,4;24,4;24,2;99;98;99;306;1,5;,5;
2026/04/12;0400 UTC;0;989,2;989,5;989,1;;24,3;24,2;24,5;24,3;24,4;24,2;100;99;99;311;1,7;,6;
2026/04/12;0500 UTC;0;988,5;989,2;988,5;;24,4;24,4;24,5;24,2;24,4;24,1;100;99;100;309;1,4;,4;
2026/04/12;0600 UTC;0;987,8;988,5;987,8;;24,6;24,5;24,7;24,4;24,7;24,3;100;100;100;339;1,2;,5;
2026/04/12;0700 UTC;0;987,6;987,8;987,5;;24,5;24,5;24,7;24,5;24,7;24,5;100;100;100;63;1,4;,7;
2026/04/12;0800 UTC;0;987,7;987,9;987,5;;24,4;24,4;24,5;24,3;24,5;24,3;100;100;100;340;4,6;,7;
2026/04/12;0900 UTC;0;988,4;988,4;987,7;;24,5;24,5;24,5;24,4;24,5;24,4;100;100;100;96;1,4;,4;
2026/04/12;1000 UTC;0;989,3;989,3;988,4;71,4;24,6;24,6;24,6;24,3;24,6;24,3;100;100;100;29;1,6;,8;
2026/04/12;1100 UTC;,2;990,4;990,4;989,3;464,1;25,2;25,1;25,4;24,6;25,2;24,6;100;99;99;112;2,8;1,4;
2026/04/12;1200 UTC;0;991,2;991,2;990,4;546,1;26,1;25,3;26,1;25,2;25,5;24,8;99;95;95;94;2,6;,8;
2026/04/12;1300 UTC;0;991,6;991,7;991,2;958,6;27,4;25,3;27,5;26;25,6;24,6;96;88;88;77;2,6;1,3;
2026/04/12;1400 UTC;0;991,2;991,6;991,2;1514;28,5;25,1;28,6;27,4;25,7;24,4;90;80;82;12;3,9;1,7;
2026/04/12;1500 UTC;0;990,2;991,2;990,2;2739,9;30,4;24,3;30,7;28,4;26;24;83;69;70;354;5,1;1,4;
2026/04/12;1600 UTC;0;989,1;990,2;989,1;1916,5;30,2;24,6;30,9;29,8;25,3;23,9;74;68;72;37;5,2;1,9;
2026/04/12;1700 UTC;0;988,1;989,1;988,1;1693,7;30,4;23,8;31,1;30,2;25,6;23,7;74;67;68;5;4,2;2,3;
2026/04/12;1800 UTC;0;986,9;988,1;986,9;1329,7;30,7;24,4;30,9;30,3;24,8;23,1;71;65;69;302;4,2;1,1;
2026/04/12;1900 UTC;0;986,1;986,9;986,1;979,8;30,4;23,7;30,8;30,3;24,7;23;72;65;68;51;3;1,1;
2026/04/12;2000 UTC;0;985,9;986,1;985,9;602;29,8;24,5;30,4;29,8;24,7;23,5;74;67;73;137;3;1;
2026/04/12;2100 UTC;0;985,9;986,1;985,8;233,2;28,5;24,9;29,8;28,5;25,1;24,3;82;73;81;183;2,4;1,2;
2026/04/12;2200 UTC;0;986;986;985,9;5,4;27;24,8;28,5;26,9;25,3;24,2;88;81;88;199;3,5;1,1;
2026/04/12;2300 UTC;0;986,9;986,9;986;;26,4;24,5;27;26,4;24,9;24,4;90;88;89;188;2,2;1;
2026/04/13;0000 UTC;0;987,9;987,9;986,9;;25,7;24;26,5;25,7;24,5;23,7;90;85;90;153;2,3;1,1;
2026/04/13;0100 UTC;0;988,7;988,7;987,9;;25,5;23,2;25,8;25,3;23,9;23,1;91;85;87;184;3;1,4;
2026/04/13;0200 UTC;0;989;989;988,7;;24,9;23,4;25,5;24,9;23,4;23;91;86;91;197;3;1,7;
2026/04/13;0300 UTC;0;988,6;989;988,6;;24,7;24,1;25;24,7;24,2;23,4;97;91;97;207;2,7;,5;
2026/04/13;0400 UTC;0;988,2;988,6;988,2;;24,2;23,9;24,8;24,2;24,4;23,9;99;97;99;1;1,5;,8;
2026/04/13;0500 UTC;0;987,6;988,2;987,6;;23,9;23,9;24,2;23,9;24;23,9;100;99;100;342;1,4;,5;
2026/04/13;0600 UTC;0;987,1;987,6;987,1;;23,7;23,7;23,9;23,7;23,9;23,7;100;100;100;296;1,1;,5;
2026/04/13;0700 UTC;0;986,8;987,1;986,8;;23,5;23,5;23,8;23,4;23,7;23,4;100;100;100;315;,9;,3;
2026/04/13;0800 UTC;0;987;987;986,8;;23,3;23,3;23,5;23,3;23,5;23,3;100;100;100;86;1,2;,5;
2026/04/13;0900 UTC;0;987,8;987,8;987;;23;23;23,3;23;23,2;23;100;100;100;279;1,4;,3;
2026/04/13;1000 UTC;0;988,8;988,8;987,8;69,2;23,4;23,4;23,5;23;23,5;23;100;100;100;12;1,6;1;
2026/04/13;1100 UTC;0;989,4;989,4;988,8;762,1;25,3;24,6;25,3;23,5;24,7;23,5;100;96;96;42;1,8;,6;
2026/04/13;1200 UTC;0;989,6;989,6;989,4;1747,6;27,8;24,9;28;25,3;25,7;24,6;96;84;84;182;4,6;2,2;
2026/04/13;1300 UTC;0;989,7;989,9;989,6;2358,7;29,2;25,3;29,2;27,8;25,4;24,6;85;79;79;146;5,3;2,4;
2026/04/13;1400 UTC;0;989,5;989,8;989,5;2327,7;29,3;24,6;30,4;29,1;25,7;23,8;81;71;76;194;4,5;1,9;
2026/04/13;1500 UTC;0;988,7;989,5;988,7;2831,9;31,8;25,1;31,8;29,3;25,7;24,1;77;66;68;169;4,5;1,1;
2026/04/13;1600 UTC;0;987,5;988,7;987,5;2914,7;33,1;23,4;33,4;30,5;25,7;23,1;71;56;57;96;3,8;1,5;
2026/04/13;1700 UTC;0;985,9;987,5;985,9;3143,9;33,3;24;33,7;31,5;25,2;23;66;56;58;221;6,6;1,7;
2026/04/13;1800 UTC;0;985;986;985;2668,3;32,3;23;33,8;32,2;24,4;22,7;61;54;58;150;6,6;1,9;
2026/04/13;1900 UTC;0;984,2;985;984,2;1840,8;32,7;23,2;34,2;32,1;24;22,3;60;52;57;150;4,9;1,5;
2026/04/13;2000 UTC;0;984;984,2;983,9;1395,5;33,3;22,4;33,7;32,7;23,7;22,2;58;51;53;104;4,4;1,6;
2026/04/13;2100 UTC;0;984,3;984,3;984;186;31,6;23,8;33,3;31,6;24;22,4;63;53;63;123;3,3;1,6;
2026/04/13;2200 UTC;0;985,1;985,1;984,3;5,2;29,2;24,6;31,6;29,1;24,8;23,9;76;64;76;187;3,1;1,3;
2026/04/13;2300 UTC;0;985,6;985,6;985,1;;28,1;24,4;29,2;28,1;24,9;24,4;82;76;80;193;2,4;1;
2026/04/14;0000 UTC;0;986,3;986,3;985,6;;27,4;24,6;28,2;27,3;24,7;24,3;85;80;84;213;3,6;1,2;
2026/04/14;0100 UTC;0;986,8;986,8;986,3;;27,1;24,4;27,5;27,1;24,6;24,2;86;83;86;170;2,5;,9;
2026/04/14;0200 UTC;0;987,1;987,1;986,8;;25,9;24,7;27,1;25,9;24,7;24,4;93;86;93;317;1,7;,5;
2026/04/14;0300 UTC;0;987,1;987,2;987,1;;25,7;24,6;26,1;25,5;25,3;24,6;97;93;94;317;1,8;,9;
2026/04/14;0400 UTC;0;986,6;987,1;986,6;;25,1;24,6;25,7;25,1;24,8;24,4;97;94;97;304;1,7;,3;
2026/04/14;0500 UTC;0;986,3;986,6;986,2;;25,2;24,6;25,3;25;24,7;24,4;97;96;96;322;1,7;,7;
2026/04/14;0600 UTC;0;985,9;986,3;985,9;;25,1;24,4;25,2;25;24,7;24,3;97;96;96;91;1,5;,2;
2026/04/14;0700 UTC;0;985,5;985,9;985,5;;24,4;23,8;25,2;24,4;24,6;23,8;98;95;97;284;5,1;,7;
2026/04/14;0800 UTC;0;985,8;986;985,2;;24,7;24,1;24,9;24,4;24,1;23,8;97;94;97;53;2,9;1,4;
2026/04/14;0900 UTC;0;987,2;987,2;985,8;;23;22;24,9;23;24,4;21,9;97;91;94;40;7,5;3,7;
2026/04/14;1000 UTC;0;986,7;987,2;986,6;27,6;23,1;22,5;23,1;22,6;22,5;21,7;97;93;96;257;7,2;,8;
2026/04/14;1100 UTC;0;987,9;987,9;986,7;360,9;25;23;25;23,1;23,1;22,5;96;89;89;335;2,9;,9;
2026/04/14;1200 UTC;0;988,6;988,6;987,9;843,5;26;23,7;26,7;24,8;24,2;22,6;92;83;87;60;3,3;1,5;
2026/04/14;1300 UTC;0;988,7;989,3;988,6;453,3;24,5;23,7;26;24,2;24;23,1;96;87;95;191;6,5;1,5;
2026/04/14;1400 UTC;0;988,1;988,8;988,1;853,9;26;23,8;26,1;24,3;24,2;23,4;96;87;88;279;3,7;,5;
2026/04/14;1500 UTC;0;987,3;988,1;987,3;1434,7;27,2;23,8;27,5;26,1;24,6;23,6;88;81;81;356;3,1;1,9;
2026/04/14;1600 UTC;0;985,8;987,3;985,8;3473,6;30,6;23,4;31,2;27,1;25,1;22,8;83;63;65;227;3,5;1,1;
2026/04/14;1700 UTC;0;984,8;985,8;984,8;2657,6;30,7;;32;30,2;24,1;21,8;68;57;;15;4,2;2,1;
2026/04/14;1800 UTC;0;984;984,8;984;2188;31,9;23,7;31,9;30,3;24,4;22,8;69;60;62;47;6,5;1,9;
2026/04/14;1900 UTC;0;983,4;984;983,4;1919,3;31,8;23,3;32,5;30,9;24,1;22,4;64;57;61;100;4;1,6;
2026/04/14;2000 UTC;0;983,5;983,5;983,3;1263,9;31,1;23,5;32,3;31,1;23,8;22,4;65;58;64;33;4,1;2,3;
2026/04/14;2100 UTC;0;983,5;983,5;983,2;230,5;29,4;24,1;31,1;29,4;25;23,1;76;63;73;47;3,8;,7;
2026/04/14;2200 UTC;0;983,7;983,7;983,5;3,4;28,3;24,8;29,6;28,3;25,1;24;83;72;81;154;1,7;,7;
2026/04/14;2300 UTC;0;984,4;984,4;983,7;;27,2;25,5;28,4;27,2;25,6;24,4;91;80;91;206;2,2;,8;
2026/04/15;0000 UTC;0;985,6;985,6;984,4;;26,8;24,8;27,3;26,8;25,6;24,8;91;87;89;236;1,6;,8;
2026/04/15;0100 UTC;0;986,2;986,2;985,6;;26,1;24,7;26,8;26,1;25;24,5;92;89;92;216;1,4;,7;
2026/04/15;0200 UTC;0;986,4;986,4;986,1;;25,9;24,5;26,2;25,7;24,8;24,4;94;90;92;222;2;,6;
2026/04/15;0300 UTC;0;986,3;986,4;986,3;;25,2;24,7;25,9;25,2;24,9;24,4;98;92;97;31;1,2;,7;
2026/04/15;0400 UTC;0;985,8;986,3;985,8;;24,9;24,7;25,3;24,8;24,8;24,6;99;97;99;304;1,2;,3;
2026/04/15;0500 UTC;0;985,2;985,8;985,2;;24,7;24,3;24,9;24,6;24,7;24,2;99;97;98;221;1,4;,7;
2026/04/15;0600 UTC;0;984,8;985,2;984,8;;24,4;24,1;24,7;24,3;24,4;24;98;97;98;256;1,7;,3;
2026/04/15;0700 UTC;0;985;985;984,8;;24,2;23,9;24,4;24,2;24,2;23,9;99;98;99;321;1,2;,4;
2026/04/15;0800 UTC;0;985,4;985,4;985;;24,4;24;24,4;24;24,3;23,9;100;98;98;44;1,5;,2;
2026/04/15;0900 UTC;0;985,7;985,7;985,4;;24,2;23,9;24,5;24,1;24,2;23,8;98;97;98;335;1,5;,6;
2026/04/15;1000 UTC;0;986,9;986,9;985,7;27,9;24;23,9;24,3;23,8;24,1;23,7;99;98;99;89;2,4;1,3;
2026/04/15;1100 UTC;0;987,3;987,3;986,9;727,4;26,8;24,9;26,8;24;25;23,9;99;89;90;306;2,5;,9;
2026/04/15;1200 UTC;0;987,8;987,9;987,3;1238;27,9;24,7;28,1;26,4;25,2;24,2;91;83;83;350;4,6;2,4;
2026/04/15;1300 UTC;0;988,5;988,6;987,8;1530,1;28,9;25;29,4;26,9;26,3;24,6;90;77;80;17;4,7;2;
2026/04/15;1400 UTC;0;988,2;988,5;988,1;1198,5;29;24,7;29,5;28,6;25,4;24,1;82;74;77;49;3,9;1,4;
2026/04/15;1500 UTC;0;987,4;988,2;987,4;1105,6;29,3;24,7;29,6;28,9;25,1;24,3;79;74;76;116;3,1;2;
2026/04/15;1600 UTC;0;986,5;987,4;986,5;1762,2;29,7;25,1;30,5;29,2;25,3;24,3;78;72;76;52;4;1,7;
2026/04/15;1700 UTC;0;985,9;986,6;985,9;1760,5;30,7;25,3;30,7;29,7;25,5;24,5;76;70;73;104;4,9;1,6;
2026/04/15;1800 UTC;0;984,7;985,9;984,7;2244,3;30,7;25,1;31,8;30,6;25,3;24,5;73;67;72;99;5;2,3;
2026/04/15;1900 UTC;0;984,1;984,6;983,9;1566,2;30,3;24,4;31;30,2;25,7;24,3;75;68;71;103;5;2,1;
2026/04/15;2000 UTC;0;984,2;984,3;984,1;1218,3;30,4;24,3;31;30,2;25,3;23,8;73;67;70;137;4;1,3;
2026/04/15;2100 UTC;0;984,1;984,2;983,9;315,6;29,2;24,1;30,4;29,2;24,2;23,7;74;69;74;137;2,9;1;
2026/04/15;2200 UTC;0;984,4;984,6;984,1;2,8;28,1;24,3;29,2;28,1;24,9;24;81;74;80;79;2,1;,8;
2026/04/15;2300 UTC;0;984,7;984,9;984,4;;27,3;24,9;28,1;27,3;24,9;24,4;87;80;87;70;2,3;,5;
2026/04/16;0000 UTC;0;985,8;985,9;984,7;;26,6;25,1;27,3;26,3;25,4;24,8;94;87;91;148;2;,9;
2026/04/16;0100 UTC;0;986,7;986,7;985,8;;26;25,1;26,6;26;25,2;25;95;91;95;221;1,8;1;
2026/04/16;0200 UTC;0;987;987;986,6;;25,8;25,3;26,1;25,8;25,3;24,9;97;94;97;352;2,4;1;
2026/04/16;0300 UTC;0;987,3;987,3;986,9;;25,9;25;26;25,6;25,3;25;98;95;95;333;2,7;1,2;
2026/04/16;0400 UTC;0;986,5;987,4;986,5;;25,6;24,9;25,9;25,6;25,1;24,9;96;95;96;325;3,1;1,7;
2026/04/16;0500 UTC;0;985,8;986,7;985,8;;25,4;24,8;25,6;25,4;24,9;24,7;97;95;97;318;3,5;1,2;
2026/04/16;0600 UTC;0;986,1;986,1;985,5;;25,4;24,4;25,5;25,3;24,8;24,4;97;94;94;305;3,4;1,1;
2026/04/16;0700 UTC;0;986,1;986,4;986,1;;24,6;23;25,7;24,6;24,5;22,9;94;90;91;248;4,8;1,3;
2026/04/16;0800 UTC;0;986,2;986,6;986;;24,6;23,4;25,1;24,3;24,5;23;97;91;93;334;4,9;1,9;
2026/04/16;0900 UTC;0;986,7;986,7;986,2;;24,1;23,3;24,6;23,9;23,3;22,7;95;91;95;287;4,2;1,8;
2026/04/16;1000 UTC;,4;987,3;987,5;986,7;9,6;23,1;23,1;24,1;23;23,5;22,9;100;95;100;247;5,1;1,6;
2026/04/16;1100 UTC;0;987,4;987,4;987,1;372,4;24,6;24,2;24,6;23,1;24,3;23,1;100;97;98;17;3,3;1,7;
2026/04/16;1200 UTC;0;988;988;987,4;896,6;25,6;24,3;25,8;24,5;24,6;23,9;98;92;92;133;2,8;,8;
2026/04/16;1300 UTC;0;988,4;988,5;987,9;1473,5;27,8;25,2;27,8;25,6;25,5;24,1;93;85;86;91;2,6;,8;
2026/04/16;1400 UTC;0;988;988,4;988;1929,4;28,2;25;28,5;27,4;25,9;24,2;87;79;83;60;3,4;1,7;
2026/04/16;1500 UTC;0;987,1;988;987,1;2432,6;29,5;25,2;30;28,2;26,1;24,6;83;75;78;87;3,3;1,4;
2026/04/16;1600 UTC;0;985,8;987,1;985,8;3330,2;30,7;24,9;31,5;29,5;26,1;24,2;79;67;71;29;6,3;2,8;
2026/04/16;1700 UTC;0;984,3;985,8;984,3;2934,1;31,8;24,9;32,1;30,5;25,8;23,9;71;63;67;38;6,3;2,4;
2026/04/16;1800 UTC;0;983,1;984,3;983,1;2160,3;31,4;24,2;32,1;31,4;25;23,6;67;63;66;33;5,2;2,9;
2026/04/16;1900 UTC;0;982,6;983,1;982,6;2170,2;32,3;24,6;32,7;31,1;25,1;23,6;67;62;64;50;4,9;2,5;
2026/04/16;2000 UTC;0;982,4;982,6;982,4;945,5;31,1;23,8;32,3;31;24,8;23,8;69;63;65;51;4,6;1,7;
2026/04/16;2100 UTC;0;982,7;982,7;982,4;320,9;29;24,6;31,1;29;24,8;23,9;78;66;78;148;4,4;1,3;
2026/04/16;2200 UTC;,2;982,8;982,8;982,7;5,9;27,7;24,4;29;27,6;25;24,4;84;77;82;192;2,2;,9;
2026/04/16;2300 UTC;,4;984;984;982,8;;27;25,1;27,7;27;25,1;24,2;89;81;89;189;2,1;1,3;
2026/04/17;0000 UTC;0;985;985;984;;27,1;24;27,1;26,7;25,1;23,9;90;83;83;170;2,3;1,4;
2026/04/17;0100 UTC;0;985,9;985,9;985;;26,5;24,8;27,1;26,5;24,8;23,9;90;83;90;215;2,3;,8;
2026/04/17;0200 UTC;0;986,1;986,2;985,9;;26;24,8;26,5;26;25;24,6;93;90;93;204;2;,9;
2026/04/17;0300 UTC;0;985,7;986,1;985,7;;25,7;24,2;26;25,5;24,8;24,2;94;91;92;175;2,1;,8;
2026/04/17;0400 UTC;0;985;985,7;985;;25,6;24,5;26,3;25,4;24,5;23,9;93;87;93;187;3;1,4;
2026/04/17;0500 UTC;0;984,4;985,1;984,4;;25;24,5;25,6;25;24,6;24,4;97;93;97;260;2,9;,3;
2026/04/17;0600 UTC;0;984,6;984,7;984,4;;25,2;24,7;25,2;24,9;24,8;24,4;99;97;97;355;7,6;2,3;
2026/04/17;0700 UTC;0;984,8;984,9;984,6;;24,5;23,5;25,2;24,5;24,7;23,5;98;93;94;4;5,3;2,4;
2026/04/17;0800 UTC;0;984,5;984,8;984,5;;24;23,4;24,5;24;23,7;23,4;97;94;97;49;4,4;1,3;
2026/04/17;0900 UTC;0;984,7;984,9;984,5;;23,6;23,4;24;23,6;23,5;23,3;98;97;98;310;2,6;1,3;
2026/04/17;1000 UTC;0;984,9;984,9;984,6;30,3;23,7;23,2;23,7;23,6;23,4;23,2;99;97;97;308;2,7;1;
2026/04/17;1100 UTC;0;986,5;986,5;984,9;318,3;24,7;23,8;24,7;23,7;23,9;23,1;97;94;95;162;2,3;1;
2026/04/17;1200 UTC;0;987,3;987,3;986,5;1020,7;26,1;24;26,1;24,7;24,3;23,6;95;88;89;161;3,9;2,2;
2026/04/17;1300 UTC;0;987,4;987,6;987,3;1862,3;28,5;24,5;28,5;26,1;24,9;23,8;89;78;79;358;4;1,1;
2026/04/17;1400 UTC;0;986,8;987,4;986,8;2345,2;29,2;24;30,2;28,5;25,1;23,6;79;70;73;48;5;2,2;
2026/04/17;1500 UTC;0;985,9;986,8;985,9;3093,8;31,4;24,4;31,7;29,2;25,3;23,5;74;64;67;37;4,7;1,7;
2026/04/17;1600 UTC;0;985,1;985,9;985,1;3090,2;32;24,1;32,7;30,7;25,1;23,2;68;61;63;9;5;2,1;
2026/04/17;1700 UTC;0;983,7;985,1;983,7;2211,9;31,4;24,5;33;31;25,1;23,6;68;61;67;35;5,2;1,9;
2026/04/17;1800 UTC;0;982,2;983,7;982,2;1397,2;31,6;23,8;31,7;30,8;24,6;23,4;69;63;64;27;4,2;1,5;
2026/04/17;1900 UTC;0;981,8;982,2;981,6;1746,4;32,6;23,8;32,6;31,1;24,1;23,1;64;58;60;87;3,7;1,5;
2026/04/17;2000 UTC;0;982;982,1;981,8;430,3;30,4;24,3;32,6;30,4;24,4;22,7;70;58;70;145;3,7;1,5;
2026/04/17;2100 UTC;0;982,3;982,4;982;219,9;29,4;25,1;30,4;29,4;25,1;24;78;69;78;153;2,5;1;
2026/04/17;2200 UTC;0;982,7;982,7;982,1;3,6;28,1;25,9;29,4;28;25,9;24,9;88;78;88;203;2,3;1,1;
2026/04/17;2300 UTC;0;983,6;983,6;982,6;;27,5;25,2;28,1;27,4;25,8;25,1;88;85;88;203;2,5;1;
2026/04/18;0000 UTC;0;985,1;985,1;983,6;;27,1;25,3;27,5;27,1;25,5;25,1;90;87;90;175;2;,6;
2026/04/18;0100 UTC;0;985,6;985,6;985,1;;26,8;25,6;27,1;26,7;25,6;25,3;93;90;93;197;1,9;,9;
2026/04/18;0200 UTC;0;985,9;985,9;985,5;;26,6;25,3;27;26,6;25,6;25,1;94;90;92;300;2;,4;
2026/04/18;0300 UTC;0;986;986,2;985,9;;26,3;25,8;26,9;26,2;25,8;25,3;97;91;97;51;2,2;,6;
2026/04/18;0400 UTC;0;985,7;986,2;985,7;;26,1;25,3;26,3;25,6;25,9;25,1;99;95;96;316;4,6;,8;
2026/04/18;0500 UTC;0;984,7;985,7;984,7;;25;24,4;26,2;24,9;25,4;24,1;97;93;97;276;4,4;,6;
2026/04/18;0600 UTC;1;984,5;984,8;984,5;;24,5;24,3;25,1;24,4;24,8;24,3;99;97;99;305;3;1,2;
2026/04/18;0700 UTC;,6;984;984,5;983,8;;24,7;24,5;24,8;24,4;24,6;24,1;99;98;99;353;3;1,2;
2026/04/18;0800 UTC;,6;984;984,1;984;;24,5;24,4;24,8;24,4;24,6;24,2;99;98;99;334;2,2;1,1;
2026/04/18;0900 UTC;,6;985;985;984;;24,6;24,4;24,8;24,5;24,7;24,3;100;98;98;321;2;,7;
2026/04/18;1000 UTC;,6;986,7;986,7;985;4,7;22,4;22,4;24,6;22,4;24,3;22,4;100;94;100;104;8,2;3,3;
2026/04/18;1100 UTC;,2;988,2;988,2;986,7;14,7;22,5;22,5;22,5;22,3;22,5;22,3;100;100;100;102;8,5;2,3;
2026/04/18;1200 UTC;1;988,6;988,6;988,2;60;22,7;22,7;22,8;22,5;22,8;22,5;100;100;100;152;4,5;,7;
2026/04/18;1300 UTC;2,4;988,7;988,8;988,6;209,7;23,2;23,2;23,2;22,7;23,2;22,7;100;100;100;116;2,3;1;
2026/04/18;1400 UTC;5,6;988,4;988,9;988,4;500,3;23,7;23,4;23,8;23;23,5;23;100;98;98;153;2,8;1,3;
2026/04/18;1500 UTC;12;986,7;988,4;986,7;872,7;25;23,9;25,1;23,5;24,3;23,1;99;93;94;255;2,8;,8;
2026/04/18;1600 UTC;11,6;985,4;986,7;985,4;838,6;25,9;23,6;26,1;24,7;24,4;22,9;94;86;87;272;2,9;,8;
2026/04/18;1700 UTC;7,6;983,7;985,4;983,7;1019,5;25,8;24;26,4;25,8;24,5;23,2;91;85;90;316;6,4;3;
2026/04/18;1800 UTC;,2;983,4;983,7;983;1063,8;26,1;23,9;26,1;25,4;24,4;23,6;92;88;88;353;7;2,1;
2026/04/18;1900 UTC;0;983,1;983,4;983,1;1311,2;26,6;23,5;26,9;26,1;24,5;22,9;90;81;83;30;4,2;2,2;
2026/04/18;2000 UTC;0;982,9;983,1;982,9;662,3;26,6;23;26,7;26,4;24;22,7;86;80;81;15;3,9;,8;
2026/04/18;2100 UTC;0;982,1;982,9;982,1;265,6;25,7;23,4;26,6;25,7;23,7;22,8;87;80;87;198;2,1;1,4;
2026/04/18;2200 UTC;0;982,5;982,5;982,1;11,4;24,6;23,8;25,7;24,6;23,9;23,4;96;87;95;346;2,3;1,2;
2026/04/18;2300 UTC;0;983,2;983,2;982,5;;24,1;23,3;24,6;24,1;23,8;23,3;96;94;95;342;3,3;1,9;
2026/04/19;0000 UTC;0;985,2;985,2;983,2;;23,8;23,2;24,1;23,7;23,4;23,1;97;95;96;306;3;,9;
2026/04/19;0100 UTC;0;987,1;987,1;985,2;;23,4;23,1;23,9;23,4;23,3;23;98;96;98;290;2,1;,5;
2026/04/19;0200 UTC;0;987,7;987,7;987,1;;23,3;23,1;23,5;23,3;23,2;22,9;99;98;99;236;1,7;,6;
2026/04/19;0300 UTC;0;987,6;987,9;987,6;;23,4;22,7;23,4;23,2;23,1;22,3;99;94;96;321;2,1;,6;
2026/04/19;0400 UTC;0;987,3;987,7;987,3;;23,8;22,9;23,8;23,4;23;22,7;97;94;94;308;1,8;,2;
2026/04/19;0500 UTC;0;986,7;987,3;986,7;;23,8;23;23,9;23,8;23,1;22,8;96;94;95;308;2;,5;
2026/04/19;0600 UTC;0;985,7;986,7;985,7;;23,5;22,8;23,8;23,5;23,2;22,8;98;95;96;309;2,3;,8;
2026/04/19;0700 UTC;0;985,2;985,7;985,2;;22,9;22,8;23,5;22,9;22,9;22,7;99;96;99;139;2,1;,6;
2026/04/19;0800 UTC;0;985,3;985,3;985,1;;22,5;22,5;22,9;22,5;22,8;22,5;100;99;100;50;1,7;,2;
2026/04/19;0900 UTC;0;985,8;985,8;985,3;;22,4;22,4;22,6;22,4;22,6;22,4;100;100;100;234;1,1;,8;
2026/04/19;1000 UTC;0;987;987;985,8;62,8;22,5;22,5;22,5;22,2;22,5;22,2;100;100;100;260;2,1;,4;
2026/04/19;1100 UTC;0;987,9;987,9;987;367,2;23,1;23,1;23,2;22,5;23,1;22,5;100;100;100;114;2,5;1,4;
2026/04/19;1200 UTC;0;988,8;988,8;987,9;1190,1;25,9;24,2;25,9;23,1;24,2;23,2;100;87;90;104;3,8;1,1;
2026/04/19;1300 UTC;0;989,7;989,7;988,8;1413,5;26,3;23,6;26,8;25,6;24,3;23,2;90;83;85;56;3,3;1,6;
2026/04/19;1400 UTC;0;989,5;989,7;989,5;2065;28;23,7;28;26,3;24;23,1;85;76;78;79;3,3;1,2;
2026/04/19;1500 UTC;0;988,7;989,5;988,7;2453,8;28,4;22,4;29,2;27,9;24,4;22,4;80;69;70;113;4;1,5;
2026/04/19;1600 UTC;0;987,2;988,7;987,2;2437,4;29,6;23,1;30;28,4;23,8;22,3;72;66;68;87;3,3;1,3;
2026/04/19;1700 UTC;0;986,1;987,2;986,1;2640,8;31;23,5;31,5;29,3;24,2;22,2;70;61;64;340;3;,9;
2026/04/19;1800 UTC;0;985;986,1;985;1871,8;31,5;22,8;31,8;30;23,8;22,3;67;58;60;293;3,2;,7;
2026/04/19;1900 UTC;0;984,3;985;984,3;927,9;29,8;24,3;31,4;29,8;24,3;22,3;72;60;72;311;3,5;1,8;
2026/04/19;2000 UTC;0;984,5;984,5;984,2;764,4;29;24,4;29,9;29;25,2;23,9;77;70;76;313;4,5;2;
2026/04/19;2100 UTC;0;985;985;984,5;221;28;24;29,1;28;24,7;23,9;80;75;79;283;5;1,3;
2026/04/19;2200 UTC;0;986;986;985;1,8;26,6;24,5;28;26,6;24,7;23,7;88;79;88;332;4,1;1,9;
2026/04/19;2300 UTC;0;986,9;987;986;;25,9;24,5;26,6;25,9;24,8;24,4;92;88;92;329;4,5;1,4;
2026/04/20;0000 UTC;0;988;988,1;986,9;;25,7;24,2;26;25,6;24,6;24,2;93;91;92;303;3,6;1,5;
2026/04/20;0100 UTC;0;988,9;988,9;988;;25,3;24,1;25,7;25,3;24,2;24,1;93;91;93;332;3,3;1,5;
2026/04/20;0200 UTC;0;988,8;989;988,7;;24,9;24,1;25,3;24,8;24,2;24;96;93;95;338;2,5;1,1;
2026/04/20;0300 UTC;0;988,5;989;988,5;;24,9;23,4;25,1;24,8;24,2;23,4;96;91;91;338;2,7;1,4;
2026/04/20;0400 UTC;0;988,5;988,6;988,4;;24,7;23;24,9;24,6;23,4;23;92;90;90;290;2,8;,9;
2026/04/20;0500 UTC;0;988,4;988,6;988,3;;24,3;23;24,7;24,3;23,2;22,8;93;89;93;169;2,8;1,5;
2026/04/20;0600 UTC;0;989,3;989,3;988,3;;24;23,6;24,3;23,8;23,6;23;98;93;98;137;4,6;2,5;
2026/04/20;0700 UTC;1,8;989,3;989,6;989,3;,4;21,7;21,6;24;21,7;23,7;21,6;100;96;100;93;8,5;2;
2026/04/20;0800 UTC;5,8;989,1;989,3;989;;21,7;21,7;21,8;21,6;21,7;21,6;100;100;100;89;3,9;1,1;
2026/04/20;0900 UTC;5,8;989,3;989,3;988,9;;22,2;22,1;22,2;21,7;22,2;21,7;100;100;100;26;2,8;1,3;
2026/04/20;1000 UTC;5;989,6;989,6;989,3;18,1;22,2;22,2;22,2;22,1;22,2;22,1;100;100;100;283;2,3;,8;
2026/04/20;1100 UTC;4,2;989,8;989,8;989,6;252,6;22,8;22,7;22,8;22,2;22,8;22,2;100;99;99;310;1,9;1;
2026/04/20;1200 UTC;1,2;990,4;990,4;989,8;946,4;24,3;23,2;24,3;22,6;23,3;22,5;99;93;94;24;3,1;1,9;
2026/04/20;1300 UTC;,2;990,2;990,5;990,1;1551,2;26,1;23,6;26,7;24;24,6;22,7;95;81;86;309;4,4;1,4;
2026/04/20;1400 UTC;0;989,7;990,2;989,7;1379,8;27,6;24,1;27,6;26;24,7;22,7;87;78;81;11;2,9;,8;
2026/04/20;1500 UTC;0;989,1;989,7;989,1;1863,1;28,1;23,6;28,8;26,9;24,6;23,4;83;76;77;149;2,5;1,1;
2026/04/20;1600 UTC;0;988,6;989,1;988,6;2411,3;29,1;23,8;30,3;28,1;25,3;23,6;82;71;73;99;3,5;1,6;
2026/04/20;1700 UTC;0;987,8;988,6;987,8;2835,8;30,9;23,6;32;29,1;25;22,6;76;61;65;121;4,7;2;
2026/04/20;1800 UTC;0;986,7;987,7;986,7;2644,9;31,2;22,3;32;29,5;24,5;22,2;70;58;59;170;5,1;2,4;
2026/04/20;1900 UTC;0;985,7;986,7;985,7;1611;31;22,9;31,5;30,2;23,1;21,3;63;58;62;147;4,6;1,6;
2026/04/20;2000 UTC;0;985,1;985,7;985,1;1352,4;30,6;21,4;31,6;30,6;23,6;20,6;64;54;58;179;4,2;2,1;
2026/04/20;2100 UTC;0;985;985,1;985;277,8;28,5;23,7;30,7;28,5;23,9;21,6;76;58;75;197;3,5;1,4;
2026/04/20;2200 UTC;0;985,8;985,8;985;2,5;26,9;23,8;28,5;26,9;23,9;23,5;83;75;83;190;2,9;1,6;
2026/04/20;2300 UTC;0;986,6;986,6;985,8;;26,2;24,2;26,9;26,2;24,3;23,9;89;83;89;188;2,9;,9;
2026/04/21;0000 UTC;0;987,2;987,2;986,6;;25,5;24,6;26,2;25,3;24,6;24,2;95;89;95;150;1,6;1;
2026/04/21;0100 UTC;0;988,2;988,2;987,2;;25;24,4;25,5;25;24,6;24,3;97;94;97;241;1,4;,4;
2026/04/21;0200 UTC;0;988,5;988,6;988,2;;24,5;23,6;25;24,4;24,7;23,6;99;95;95;203;1,3;,7;
2026/04/21;0300 UTC;0;988,3;988,6;988,2;;24,2;23,8;24,5;24,2;23,9;23,3;97;94;97;278;1,5;,3;
2026/04/21;0400 UTC;0;987,9;988,3;987,9;;24;23,9;24,4;24;23,9;23,7;99;97;99;255;,8;,3;
2026/04/21;0500 UTC;0;987,5;987,9;987,4;;23,9;23,6;24,1;23,9;23,9;23,3;99;96;98;333;2;,5;
2026/04/21;0600 UTC;0;987,3;987,5;987,2;;23,6;23,2;24;23,6;23,8;23,2;98;98;98;224;1,7;,9;
2026/04/21;0700 UTC;0;987,4;987,4;987,1;;23,5;23,2;23,6;23,4;23,2;23,1;99;97;99;211;1,7;,3;
2026/04/21;0800 UTC;0;987,3;987,4;987,2;;23,5;23,4;23,6;23,4;23,5;23,2;99;99;99;324;2;,9;
2026/04/21;0900 UTC;0;987,6;987,6;987,2;;23,5;23,3;23,6;23,4;23,4;23,1;99;98;99;313;2;,1;
2026/04/21;1000 UTC;0;988,4;988,4;987,6;70,7;23,9;23,4;23,9;23,3;23,5;23,2;99;97;97;309;1,6;,7;
2026/04/21;1100 UTC;0;989,3;989,3;988,4;925,7;26,9;23,9;27,2;23,9;24,3;23,2;97;82;84;357;2;,9;
2026/04/21;1200 UTC;0;989,9;989,9;989,3;1772,7;29;24,1;29,5;26,9;25,1;23,3;85;73;75;40;2,4;1,2;
2026/04/21;1300 UTC;0;990,4;990,4;989,9;2291,8;29,7;24,5;30,8;28,6;25,4;23,8;78;70;74;344;3,2;1,1;
2026/04/21;1400 UTC;0;990;990,4;990;2461,7;30,6;23,7;31,5;29,2;25;23,5;77;64;67;10;3,4;1,7;
2026/04/21;1500 UTC;0;989,1;990;989,1;2832,1;31,2;23,9;33;30,6;24,8;23,3;68;59;65;27;4;1,9;
2026/04/21;1600 UTC;0;987,6;989,1;987,6;3282,8;32,4;24;33;31,2;24,7;23,2;67;59;61;354;4,4;2,3;
2026/04/21;1700 UTC;0;986,6;987,6;986,6;3109,6;33;23,8;33;31,8;24,9;23,1;64;58;59;348;5,8;2,1;
2026/04/21;1800 UTC;0;985,8;986,6;985,8;2259,9;33,3;24,6;33,5;31,3;25,1;22,7;67;55;61;285;4,7;2,2;
2026/04/21;1900 UTC;0;986,2;986,2;985,5;2089;28,2;24,2;33,3;28,2;24,9;23,7;80;59;79;8;10,8;6,4;
2026/04/21;2000 UTC;0;987,7;988,1;986,2;74,3;23,1;23,1;28,3;23;24,9;23;100;79;100;44;12,9;2,1;
2026/04/21;2100 UTC;,2;987,5;987,7;986,8;22,5;23,6;23,5;23,6;23,1;23,5;23,2;100;99;99;192;5,4;,7;
2026/04/21;2200 UTC;2,6;987,3;987,5;987,1;,5;23,6;23,6;23,8;23,5;23,7;23,4;100;99;99;215;2,3;1,1;
2026/04/21;2300 UTC;4,2;988,3;988,3;987,3;;23,8;23,6;23,9;23,6;23,9;23,5;100;99;99;203;2,6;1,5;
2026/04/22;0000 UTC;4,6;988,7;989;988,3;,5;23,8;23,3;23,9;23,7;23,6;23,1;99;96;97;191;2,9;1;
2026/04/22;0100 UTC;5,2;989,2;989,2;988,7;;23,6;23,2;23,9;23,6;23,5;23,2;98;96;98;208;2,8;,8;
2026/04/22;0200 UTC;5;990;990;989,2;;23,7;23,5;23,9;23,6;23,6;23,2;99;98;99;333;2,8;1,3;
2026/04/22;0300 UTC;4,2;989,4;990;989,4;;23,5;23,4;23,7;23,5;23,6;23,4;100;99;99;343;2,6;,6;
2026/04/22;0400 UTC;1,2;989;989,4;989;;23,4;23,2;23,5;23,4;23,4;23,2;99;99;99;353;1,6;,4;
2026/04/22;0500 UTC;0;988,5;989;988,5;;23,2;23,2;23,5;23,2;23,4;23,2;100;99;100;292;2;,8;
2026/04/22;0600 UTC;0;987,6;988,5;987,6;;23,1;23,1;23,2;23,1;23,2;23,1;100;100;100;302;1,7;,7;
2026/04/22;0700 UTC;,2;987,5;987,6;987,5;;23,1;23,1;23,3;23,1;23,2;23,1;100;100;100;116;1,3;,7;
2026/04/22;0800 UTC;0;987,7;987,7;987,5;;23,2;23,2;23,3;23,1;23,3;23,1;100;100;100;341;1;,4;
2026/04/22;0900 UTC;0;988;988;987,7;;23,4;23,4;23,4;23,2;23,4;23,2;100;100;100;105;,8;,2;
2026/04/22;1000 UTC;0;989;989;988;61,2;23,3;23,3;23,4;23,2;23,4;23,2;100;100;100;125;1,8;1,2;
2026/04/22;1100 UTC;0;989,7;989,7;989;384,4;23,9;23,8;23,9;23,3;23,8;23,3;100;99;99;161;2,3;1,2;
2026/04/22;1200 UTC;0;990,1;990,1;989,7;922,9;25,5;24,1;25,7;23,9;24,6;23,5;99;90;92;126;2,7;1,1;
2026/04/22;1300 UTC;0;990;990,2;990;1333,8;26,7;23,9;26,9;25,4;24,6;23,3;92;82;84;65;3,3;1,8;
2026/04/22;1400 UTC;0;989,7;990,1;989,7;2072,8;28,4;24,5;28,5;26,7;24,9;23;85;77;80;44;4,2;2;
2026/04/22;1500 UTC;0;988,9;989,7;988,9;3206,4;29,5;24,1;30,4;28,1;25;23,1;80;70;73;24;5,8;2,2;
2026/04/22;1600 UTC;0;988,1;988,9;988,1;3269,1;31,2;23,8;31,3;29,4;24,9;23,2;74;63;65;69;5,6;1,8;
2026/04/22;1700 UTC;0;987,1;988,1;987,1;3073,7;31,7;23,4;32,7;30,6;24,6;23;68;58;62;75;5,4;2,8;
2026/04/22;1800 UTC;0;985,9;987,1;985,9;2577,8;32;23,1;32,7;31,5;24,3;22,8;64;57;60;124;5,4;2,4;
2026/04/22;1900 UTC;0;985,2;985,9;985,2;972,9;29,6;23;32,8;29,2;24,2;22,7;72;59;68;28;5;1,8;
2026/04/22;2000 UTC;0;985,2;985,2;984,9;1249,2;31,6;23,1;32;29,6;23,9;22,7;70;59;61;69;4,2;1,8;
2026/04/22;2100 UTC;0;985,5;985,5;985,1;377,2;30,5;23,8;31,9;30,5;23,8;23;68;60;67;123;4,1;1,3;
2026/04/22;2200 UTC;0;986,1;986,1;985,5;3;28,3;24,5;30,5;28,3;24,5;23,5;80;67;80;167;2,6;1;
2026/04/22;2300 UTC;0;986,7;986,7;986,1;;27,4;24,5;28,3;27,3;24,8;24,1;86;79;84;203;2,7;1,5;
2026/04/23;0000 UTC;0;987,1;987,1;986,7;;26,7;24,6;27,9;26,7;24,8;24,1;89;80;88;190;3,5;1,3;
2026/04/23;0100 UTC;0;988;988;987,1;;26,6;24,5;26,9;26,3;24,6;24,5;90;87;89;182;2,2;1;
2026/04/23;0200 UTC;0;988,3;988,4;988;;26,5;24;26,8;26,4;24,6;24;89;85;87;188;2,4;1,1;
2026/04/23;0300 UTC;0;988,4;988,5;988,3;;25,7;24,9;26,5;25,5;24,9;24;96;87;96;303;1,6;,4;
2026/04/23;0400 UTC;0;987,9;988,4;987,9;;25,5;24,4;25,9;25,4;24,9;24,1;96;90;93;209;1,5;1,1;
2026/04/23;0500 UTC;0;987,3;987,9;987,3;;25,2;24,4;25,6;25,2;24,8;24,3;96;93;96;310;1,5;,5;
2026/04/23;0600 UTC;0;987;987,3;987;;25,2;24;25,3;25;24,8;23,8;97;92;93;335;1,3;,7;
2026/04/23;0700 UTC;0;986,9;987;986,9;;25,4;24,2;25,5;25,2;24,3;23,6;93;90;93;330;1,5;,8;
2026/04/23;0800 UTC;0;986,9;986,9;986,8;;25,2;24,5;25,5;25,2;24,6;23,8;96;92;96;166;1,1;,4;
2026/04/23;0900 UTC;0;987;987;986,9;;24,9;24,1;25,2;24,9;24,7;24,1;97;96;96;207;1,2;,6;
2026/04/23;1000 UTC;0;987,8;987,8;987;94,7;25,4;24,1;25,4;24,8;24,4;24,1;97;93;93;156;1,2;,3;
2026/04/23;1100 UTC;0;988,5;988,5;987,8;715,6;27,4;23,3;27,7;25,4;24,1;22,8;93;76;78;135;1,9;1,1;
2026/04/23;1200 UTC;0;989,4;989,4;988,5;1260,5;28,5;23,3;28,8;27,3;23,8;22,9;81;71;73;89;3,2;1,4;
2026/04/23;1300 UTC;0;989,9;989,9;989,4;1740,7;29,8;23,1;30,1;28,5;24,1;23;76;67;68;119;3,4;1,9;
2026/04/23;1400 UTC;0;989,8;990;989,8;2796,9;31,2;23,9;31,3;29,7;24,4;23,2;70;64;65;108;4,8;1,8;
2026/04/23;1500 UTC;0;989;989,8;988,9;2983,3;32,8;23,2;32,8;30,8;24,2;22;67;54;57;94;5,7;2,3;
2026/04/23;1600 UTC;0;987,1;989;987,1;2716,4;30,4;24;32,9;30,4;24,6;22,3;69;56;69;195;7,2;2,4;
2026/04/23;1700 UTC;0;985,6;987,1;985,6;1684,4;29,8;25,4;31,9;28,8;26,1;23,4;80;62;77;352;4,7;2,5;
2026/04/23;1800 UTC;0;986,5;986,5;985,4;1525,3;23,2;22,7;32;23,2;25,9;22,7;97;64;97;62;13,9;5,4;
2026/04/23;1900 UTC;0;985,2;987;985,2;74,3;23,8;23,4;23,8;22,8;23,5;22,6;99;97;98;238;13,9;2,6;
2026/04/23;2000 UTC;,6;985,5;985,5;984,9;123;24,9;23,5;25;23,8;23,8;23,1;98;92;92;320;5,5;1;
2026/04/23;2100 UTC;2,2;986,2;986,3;985,5;109,5;25,2;24,3;25,6;24,9;24,6;23,4;96;90;95;327;1,8;,8;
2026/04/23;2200 UTC;4;986,4;986,4;986,1;2,6;24,6;24,2;25,2;24,6;24,5;24,1;97;95;97;306;2,8;1,1;
2026/04/23;2300 UTC;3,4;987,2;987,2;986,4;;24,5;23,8;24,7;24,4;24,2;23,7;97;95;96;318;3,2;1;
2026/04/24;0000 UTC;,2;987,9;987,9;987,2;;24,5;23,6;24,6;24,3;23,9;23,5;97;95;95;279;3,3;,9;
2026/04/24;0100 UTC;0;988,5;988,5;987,8;;24,3;23,6;24,6;24,3;23,7;23,5;96;94;96;269;3;,4;
2026/04/24;0200 UTC;0;988,5;988,6;988,5;;24,3;23,3;24,4;24,2;24;23,3;98;94;94;319;2,1;,8;
2026/04/24;0300 UTC;0;988,9;989,1;988,5;;23,7;23,4;24,5;23,7;23,6;23,3;99;94;99;347;4,6;1,5;
2026/04/24;0400 UTC;0;988,3;988,9;988,2;;23,8;23,5;23,9;23,6;23,6;23,3;99;97;98;357;2,7;1,3;
2026/04/24;0500 UTC;0;987,9;988,3;987,9;;23,5;23,1;23,9;23,4;23,4;23,1;98;96;98;319;4,7;1,1;
2026/04/24;0600 UTC;0;987,5;987,9;987,5;;23,7;23,1;24;23,5;23,2;23,1;98;95;97;320;3,9;1,3;
2026/04/24;0700 UTC;0;987,5;987,6;987,4;;23,5;23,2;23,7;23,5;23,3;23,1;98;97;98;328;2,8;1,3;
2026/04/24;0800 UTC;,2;987,8;987,8;987,5;;23,5;23,3;23,8;23,5;23,5;23,2;99;98;99;312;2,9;,9;
2026/04/24;0900 UTC;0;988,5;988,5;987,8;;23,8;23,6;23,8;23,5;23,6;23,3;99;98;99;148;1,9;,5;
2026/04/24;1000 UTC;0;988,8;989;988,5;40,1;23,8;23,7;23,8;23,6;23,7;23,5;100;99;100;291;3;1;
2026/04/24;1100 UTC;0;990,2;990,2;988,9;382,4;24,8;24,7;24,8;23,8;24,7;23,6;100;98;99;302;3,6;1,2;
2026/04/24;1200 UTC;0;990,9;990,9;990,2;1518,1;25,7;24,4;26,3;24,6;24,7;23,6;99;87;92;344;4,2;2,3;
2026/04/24;1300 UTC;2;991,2;991,3;990,9;1614,4;26,3;23,9;26,6;25,5;25,2;23,5;93;86;87;345;5,1;1,5;
2026/04/24;1400 UTC;,2;990,7;991,2;990,7;2588,8;28;23,7;28,5;26,3;25,2;23,7;89;76;77;323;4,5;2,3;
2026/04/24;1500 UTC;0;989,9;990,7;989,9;2929,5;29,3;24;30,5;28;25,4;23,5;81;69;73;284;4,2;1,4;
2026/04/24;1600 UTC;0;988,3;989,9;988,3;3395,4;31,5;24,4;31,5;29,3;25;23,3;75;64;66;65;6,1;1,7;
2026/04/24;1700 UTC;0;986,9;988,3;986,9;3193;31,5;24;31,9;30,5;24,9;23,2;69;63;65;31;6,1;2,4;
2026/04/24;1800 UTC;0;987;987;986,7;2139,7;28;24;32,3;28;25,3;23,3;81;61;79;345;8,6;3,5;
2026/04/24;1900 UTC;0;986,6;987;986,5;760,7;28,7;24,5;28,7;28;24,5;23,5;79;75;78;306;5,9;1,8;
2026/04/24;2000 UTC;0;986,8;987,3;986,6;637,6;27,6;24,4;29,5;27,6;24,8;23,9;83;72;83;135;5;2,7;
2026/04/24;2100 UTC;0;986,9;986,9;986,6;106,7;25,7;24,1;27,6;25,6;24,4;23,5;92;83;91;197;5,5;1,5;
2026/04/24;2200 UTC;0;987,9;987,9;986,9;1,9;25,5;24,4;26,1;25,5;24,6;23,9;93;88;93;154;2,8;1,4;
2026/04/24;2300 UTC;0;988,3;988,3;987,9;;25,1;24,1;25,6;25,1;24,4;23,9;94;91;94;151;2,5;1,2;
2026/04/25;0000 UTC;0;989,4;989,4;988,3;;24,7;24,2;25,1;24,7;24,3;23,9;98;93;97;168;2,4;,9;
2026/04/25;0100 UTC;0;990,1;990,1;989,4;;25;23,7;25;24,6;24,1;23,4;97;91;92;154;2,1;1,1;
2026/04/25;0200 UTC;0;989,7;990,2;989,6;;24,6;23,9;25;24,5;24,1;23,6;97;92;96;220;1,9;,3;
2026/04/25;0300 UTC;0;989,3;989,8;989,3;;24,4;24;24,8;24,4;24,2;23,9;98;96;98;162;1,6;,5;
2026/04/25;0400 UTC;0;988,3;989,3;988,3;;24,4;24,1;24,5;24,4;24,3;24;99;97;98;274;1,4;,3;
2026/04/25;0500 UTC;0;987,8;988,3;987,8;;24,1;24;24,4;24,1;24,2;23,9;99;98;99;356;2;1;
2026/04/25;0600 UTC;0;987,5;987,8;987,5;;23,9;23,8;24,1;23,9;24;23,8;100;99;99;317;2;,4;
2026/04/25;0700 UTC;0;987,5;987,6;987,4;;23,8;23,7;23,9;23,8;23,9;23,6;100;99;100;306;1,2;,2;
2026/04/25;0800 UTC;0;987,7;987,7;987,5;;23,7;23,6;23,8;23,6;23,7;23,5;100;99;100;264;1,2;,3;
2026/04/25;0900 UTC;0;988,4;988,4;987,7;;23,4;23,3;23,7;23,4;23,7;23,3;100;99;100;129;,9;,5;
2026/04/25;1000 UTC;0;988,7;988,7;988,4;23;23,4;23,4;23,5;23,2;23,5;23,2;100;100;100;110;1,7;,4;
2026/04/25;1100 UTC;0;989,6;989,6;988,7;234,2;24,3;24,1;24,3;23,4;24,1;23,4;100;98;99;146;1,5;,6;
2026/04/25;1200 UTC;0;990;990;989,6;1300,1;26,3;24,7;26,5;24,3;25,2;24;99;90;91;178;2,9;1,2;
2026/04/25;1300 UTC;0;990,1;990,2;990;2035,6;28,4;24,6;28,9;26,3;25,5;24,3;92;78;80;118;3,3;1,6;
2026/04/25;1400 UTC;0;989,7;990,2;989,7;1900,2;29,7;24,4;29,7;28,2;24,8;23,5;81;71;74;157;4,1;1,7;
2026/04/25;1500 UTC;0;988,8;989,7;988,8;2278;30,2;23,9;30,7;29,5;25;23,4;74;68;69;128;4,1;1,4;
2026/04/25;1600 UTC;0;987,6;988,8;987,6;2879,3;31,9;24,6;32,2;29,8;25;23,6;72;62;65;128;4,9;1,4;
2026/04/25;1700 UTC;0;986,6;987,6;986,6;2147,6;30,9;23,5;32,6;30,6;24,6;23,1;68;59;65;108;5,4;1,9;
2026/04/25;1800 UTC;0;985,8;986,6;985,8;881,9;29,6;23,7;30,9;26,6;24,6;23,2;86;65;71;11;7,1;1,6;
2026/04/25;1900 UTC;0;985,9;986,1;985,7;1224,9;28;25,5;30,2;28;25,5;22,9;86;68;86;83;5,4;2,2;
2026/04/25;2000 UTC;0;986,5;986,5;985,7;175,4;26;24,8;28;25,7;25,5;24,3;95;84;93;267;6,8;1,2;
2026/04/25;2100 UTC;0;987,1;987,1;986,5;142,8;26,5;25,4;26,5;25,9;25,4;24,8;95;92;94;318;3,4;,5;
2026/04/25;2200 UTC;,2;987,4;987,4;987,1;1,2;25,8;24,7;26,5;25,8;25,5;24,7;95;91;94;344;2,6;1,3;
2026/04/25;2300 UTC;,2;987,6;987,6;987,3;;25,3;24,7;25,8;25,2;25;24,6;97;93;97;348;2;1;
2026/04/26;0000 UTC;,2;988,4;988,4;987,6;;24,9;24,8;25,3;24,9;24,8;24,5;99;97;99;354;1,7;,8;
2026/04/26;0100 UTC;0;988,9;988,9;988,4;;24,6;24,4;24,9;24,5;24,7;24,3;99;98;99;288;1,7;,4;
2026/04/26;0200 UTC;0;988,8;989;988,7;;24,5;24,4;24,6;24,4;24,4;24,2;99;99;99;329;1,1;,8;
2026/04/26;0300 UTC;0;988,9;988,9;988,7;;24,3;24,1;24,5;24,1;24,4;23,8;99;98;99;309;1,4;,5;
2026/04/26;0400 UTC;0;988,2;988,9;988,2;;24;23,5;24,3;24;24,1;23,5;99;97;97;319;1,4;,9;
2026/04/26;0500 UTC;0;987,5;988,2;987,5;;23,7;23,5;24;23,7;23,6;23,3;99;96;98;212;1,5;,6;
2026/04/26;0600 UTC;0;987,1;987,5;987,1;;23,5;23,4;23,7;23,5;23,5;23,3;100;98;100;269;1,2;,2;
2026/04/26;0700 UTC;0;987,4;987,4;987,1;;23,1;23;23,7;23,1;23,7;23;100;99;100;17;2;,5;
2026/04/26;0800 UTC;0;987,4;987,5;987,4;;23,1;23,1;23,2;22,9;23,2;22,9;100;100;100;236;1;,4;
2026/04/26;0900 UTC;0;987,8;987,8;987,4;;23;23;23,1;22,9;23,1;22,9;100;100;100;17;,6;,2;
2026/04/26;1000 UTC;0;988,3;988,3;987,7;69,5;23,4;23,3;23,4;22,9;23,3;22,9;100;100;100;12;1;,5;
2026/04/26;1100 UTC;0;988,9;988,9;988,4;748,4;26;23,6;26,1;23,3;24;23,2;100;86;86;318;2,3;1;
2026/04/26;1200 UTC;0;989,5;989,5;988,9;1240,7;27,6;24,7;27,6;26;24,7;23,5;89;83;84;323;2,7;1,2;
2026/04/26;1300 UTC;0;989,8;989,9;989,5;2144,7;28,6;24,6;28,7;27,5;25;23,7;84;78;79;17;4,3;2,8;
2026/04/26;1400 UTC;0;989,5;989,9;989,5;2609,2;30,2;23,8;31;28,4;25,7;23,8;83;69;69;30;4,5;1,4;
2026/04/26;1500 UTC;0;988,6;989,5;988,6;3208,6;30,8;24;31,8;29,8;24,9;23,5;71;65;67;18;3,9;1,9;
2026/04/26;1600 UTC;0;987,6;988,6;987,6;2470,7;31;24,1;31,6;30,2;24,9;23,4;71;63;67;32;4,8;2,4;
2026/04/26;1700 UTC;0;986,7;987,6;986,7;3127,9;32,3;22,5;32,8;31;24,9;22,2;68;55;56;54;4,3;2;
2026/04/26;1800 UTC;0;985,9;986,6;985,9;2528,1;32,6;22,9;33,6;32,1;24,1;22,5;60;53;57;53;4,8;2,6;
2026/04/26;1900 UTC;0;985,7;985,9;985,6;1373,7;31,7;23,2;34;31,6;23,8;22,4;62;53;61;110;4,8;1,6;
2026/04/26;2000 UTC;0;985,6;985,7;985,5;1041,1;32,2;22,9;32,9;31,3;24;22,9;63;57;58;129;3;1,3;
2026/04/26;2100 UTC;0;985,7;985,7;985,4;426,6;31,4;23,8;32,6;31,4;23,8;22,8;64;57;64;116;2,7;1,4;
2026/04/26;2200 UTC;0;986,4;986,4;985,7;2,3;27,1;25,4;31,4;27,1;25,5;23,1;91;64;90;340;9,9;,4;
2026/04/26;2300 UTC;0;986,9;986,9;986,4;1,3;27,6;24,6;28,3;26,9;26,1;24,5;95;80;84;225;4;1,5;
2026/04/27;0000 UTC;0;988;988;986,9;;26,3;24,8;27,6;26,3;25,4;24,5;93;84;92;267;3;,4;
2026/04/27;0100 UTC;0;988,7;988,7;988;;26,1;24,9;26,4;26;25,3;24,6;94;91;93;252;1,8;,5;
2026/04/27;0200 UTC;0;988,7;988,9;988,7;;25,5;25;26,3;25,5;25,6;24,8;97;93;97;309;3,1;1,1;
2026/04/27;0300 UTC;0;988,5;988,8;988,4;;25,7;24,9;25,8;25,5;25,1;24,9;97;95;95;306;1,9;,9;
2026/04/27;0400 UTC;0;987,9;988,5;987,9;;25,1;24,6;25,8;25,1;24,9;24,4;97;94;97;27;1,9;,3;
2026/04/27;0500 UTC;0;987,3;987,9;987,3;;24,8;24,6;25,2;24,7;24,8;24,5;99;97;99;272;,7;,3;
2026/04/27;0600 UTC;0;987,3;987,4;987,2;;24,5;24,3;24,9;24,5;24,8;24,3;99;99;99;;;;
2026/04/27;0700 UTC;0;987,3;987,5;987,3;;24,3;23,9;24,6;24,3;24,4;23,9;99;97;97;;;;
2026/04/27;0800 UTC;0;987,7;987,7;987,3;;24,1;23,9;24,3;24;24;23,8;99;97;99;;;;
2026/04/27;0900 UTC;0;989,1;989,1;987,7;;23,6;23,5;24,2;23,6;24,1;23,5;99;98;99;;;;
2026/04/27;1000 UTC;0;990;990;989,1;;23,9;23,8;23,9;23,5;23,9;23,5;100;99;99;;;;
2026/04/27;1100 UTC;0;990,5;990,5;990;;26;23,8;26;23,9;24,4;23,7;99;88;88;;;;
2026/04/27;1200 UTC;0;990,8;990,8;990,5;;28,2;24,4;28,2;25,8;24,7;23,6;89;79;80;;;;
2026/04/27;1300 UTC;0;991,3;991,3;990,8;211,3;29,4;24,3;29,7;28,2;24,8;23,7;81;72;74;;;;
2026/04/27;1400 UTC;0;991;991,4;990,9;1954,7;30,2;24;30,8;29,3;25;23,7;76;68;69;;;;
2026/04/27;1500 UTC;0;990,1;991;990,1;;30,9;23,6;31,5;30,2;25,1;23,3;71;63;65;;;;
2026/04/27;1600 UTC;0;988,9;990,1;988,9;;31,8;23,2;32,4;30,5;24,9;23;69;60;61;;;;
2026/04/27;1700 UTC;0;987,5;988,9;987,5;;32,2;23,2;32,3;31,2;24,4;22,9;65;59;59;;;;
2026/04/27;1800 UTC;0;986,3;987,5;986,3;;33;24;33,1;31,2;24,1;22,5;65;56;59;;;;
2026/04/27;1900 UTC;0;985,6;986,3;985,6;15,7;32,5;23,4;33,1;32,4;24,5;21,9;61;53;59;;;;
2026/04/27;2000 UTC;0;985,9;985,9;985,3;;31,8;23,8;33,1;31,8;24,2;22,7;63;55;63;;;;
2026/04/27;2100 UTC;0;986,4;986,4;985,9;;29,8;24,8;31,8;29,8;24,8;23,4;74;61;74;;;;
2026/04/27;2200 UTC;0;987,3;987,3;986,3;;28,5;25,1;29,8;28,4;25,3;24,7;82;74;82;;;;
2026/04/27;2300 UTC;0;987,8;987,8;987,2;;27,6;25;28,4;27,6;25,1;24,7;86;81;86;;;;
2026/04/28;0000 UTC;0;988,9;988,9;987,8;;26,8;25,5;27,6;26,7;25,5;24,8;93;86;93;;;;
2026/04/28;0100 UTC;0;989,8;989,8;988,9;;26,2;25,1;26,8;26,1;25,6;24,9;96;93;94;;;;
2026/04/28;0200 UTC;0;989,8;990,1;989,8;;26,2;25;26,3;25,9;25,5;24,8;95;92;93;;;;
2026/04/28;0300 UTC;0;989,4;989,9;989,4;165,7;25,6;24,9;26,2;25,6;25,3;24,7;97;92;96;;;;
2026/04/28;0400 UTC;0;988,8;989,4;988,8;;25,6;23,9;26;25,6;24,7;23,9;96;90;90;;;;
2026/04/28;0500 UTC;0;988,2;988,8;988,2;;25,5;24,2;25,7;25,4;24,2;23,7;93;89;93;;;;
2026/04/28;0600 UTC;0;987,4;988,2;987,4;56,9;25,2;24,4;25,5;25,2;24,6;24,2;96;93;95;;;;
2026/04/28;0700 UTC;0;987,6;987,6;987,4;223;24,8;24,2;25,4;24,8;24,5;24,2;96;94;96;;;;
2026/04/28;0800 UTC;0;987,6;987,6;987,4;355,2;24,3;24;24,9;24,3;24,3;24;98;96;98;;;;
2026/04/28;0900 UTC;0;988,5;988,5;987,6;565;24,3;24;24,5;24,2;24,1;23,9;99;97;98;;;;
2026/04/28;1000 UTC;0;989,4;989,4;988,5;813,4;24,4;24;24,4;23,8;24,1;23,7;100;98;98;;;;
2026/04/28;1100 UTC;0;989,8;989,8;989,4;3855,7;26;24,2;26,1;24,3;24,5;23,9;98;90;90;;;;
2026/04/28;1200 UTC;0;990,4;990,4;989,8;5117,4;27,8;23,9;28,5;26;24,8;23,7;90;79;79;;;;
2026/04/28;1300 UTC;0;990,8;990,8;990,4;2595;29,5;23,8;30,3;27,8;24,8;23,6;80;69;72;;;;
2026/04/28;1400 UTC;0;990,4;990,9;990,4;3681,6;30,4;24,3;31,1;29,3;25,3;23,9;78;67;70;;;;
2026/04/28;1500 UTC;0;989,6;990,4;989,6;3828,5;31,9;24,5;32,6;30,5;25,3;23,6;70;62;65;;;;
2026/04/28;1600 UTC;0;988,2;989,6;988,2;4354,1;31,4;23,5;32,8;31,3;25;23,4;67;59;63;;;;
2026/04/28;1700 UTC;0;986,9;988,2;986,9;4045,4;32,7;23,5;32,9;31,3;24,4;22,8;64;56;58;;;;
2026/04/28;1800 UTC;0;986,4;986,9;986,3;141,1;28,6;23,7;33,8;28,3;24,3;22,9;77;56;75;;;;
2026/04/28;1900 UTC;0;986;986,4;985,7;;27,8;23,7;28,6;27,4;24,1;23,3;82;75;78;;;;
2026/04/28;2000 UTC;0;986,6;986,6;985,8;;28,2;23,1;28,3;27,8;23,9;22,9;79;73;74;;;;
2026/04/28;2100 UTC;0;986,5;986,6;986,3;;27,4;24,7;28,3;27,3;24,8;22,9;86;72;85;;;;
2026/04/28;2200 UTC;0;987,2;987,2;986,5;;26,2;24,9;27,4;26,2;25,1;24,7;92;85;92;;;;
2026/04/28;2300 UTC;0;987,5;987,7;987,2;;25,9;24,7;26,2;25,8;24,9;24,2;94;90;93;;;;
2026/04/29;0000 UTC;0;988,1;988,1;987,5;;25,3;24,8;25,9;25,3;25;24,6;97;93;97;;;;
2026/04/29;0100 UTC;0;988,8;988,8;988,1;;25;24,6;25,3;24,9;24,8;24,5;98;97;98;;;;
2026/04/29;0200 UTC;0;988,8;988,9;988,8;;24,9;24,5;25;24,8;24,7;24,3;98;96;98;;;;
2026/04/29;0300 UTC;0;988,7;988,9;988,7;;24,6;24,3;24,9;24,6;24,5;24,3;98;98;98;;;;
2026/04/29;0400 UTC;0;988,3;988,7;988,3;;24,3;23,9;24,6;24,2;24,4;23,7;99;97;97;;;;
2026/04/29;0500 UTC;0;987,7;988,3;987,7;;24,2;23,9;24,4;24,2;24;23,7;98;97;98;;;;
2026/04/29;0600 UTC;0;987,3;987,7;987,3;;24,1;23,8;24,4;24,1;24,1;23,8;98;97;98;;;;
2026/04/29;0700 UTC;0;987,2;987,3;987,1;;24,1;23,9;24,2;24;24;23,8;99;98;99;;;;
2026/04/29;0800 UTC;0;987;987,2;986,9;;23,6;23,5;24,1;23,6;23,9;23,5;100;99;100;;;;
2026/04/29;0900 UTC;0;987,6;987,6;986,9;;23,4;23,3;23,6;23,4;23,6;23,3;100;99;100;;;;
2026/04/29;1000 UTC;0;988;988;987,6;;23,6;23,4;23,6;23,1;23,5;23,1;100;99;99;;;;
2026/04/29;1100 UTC;0;988,6;988,6;988;357,6;26,1;24,1;26,1;23,6;24,3;23,4;99;89;89;;;;
2026/04/29;1200 UTC;0;989,3;989,3;988,6;4215,1;28,1;24,8;28,2;26,1;25,3;24,1;90;81;82;;;;
2026/04/29;1300 UTC;0;989,5;989,6;989,3;4370,9;29,1;24,2;29,4;28;25,5;24,2;84;75;75;;;;
2026/04/29;1400 UTC;0;989,1;989,5;989,1;3756,1;29,6;24,5;30,5;28,7;25,5;23,9;80;72;74;;;;
2026/04/29;1500 UTC;0;988,1;989,1;988,1;1689,9;30,6;23,7;31,5;29,5;25;23,7;75;66;67;;;;
2026/04/29;1600 UTC;0;987,1;988,1;987,1;56,8;32,7;24;32,7;30,1;24,4;22,6;71;56;60;;;;
2026/04/29;1700 UTC;0;986;987,1;986;;32,3;23;33,1;31,5;24,4;22,3;63;56;58;;;;
2026/04/29;1800 UTC;0;984,9;986;984,9;309,8;33,4;23,3;33,8;31,7;24;22,2;62;52;55;;;;
2026/04/29;1900 UTC;0;984,2;984,9;984,2;;32,9;23;33,6;31,9;23,5;22,3;60;54;56;;;;
2026/04/29;2000 UTC;0;984,1;984,4;984,1;;32,6;22,6;33,5;32,4;23,6;22,1;57;53;56;;;;
2026/04/29;2100 UTC;0;984,3;984,3;984;;29,9;23,7;32,7;29,9;23,7;22,4;69;56;69;;;;
2026/04/29;2200 UTC;0;984,7;984,7;984,3;;28,5;23,4;29,9;28,5;24;23,2;75;69;74;;;;
2026/04/29;2300 UTC;0;985,5;985,5;984,7;;27,6;24,5;28,5;27,6;24,5;23,4;83;74;83;;;;
2026/04/30;0000 UTC;0;986,5;986,5;985,5;;26,9;24,5;27,6;26,9;24,6;24,2;87;83;87;;;;
2026/04/30;0100 UTC;0;987,4;987,4;986,5;;26,6;24,3;27;26,6;24,5;24,2;88;85;87;;;;
2026/04/30;0200 UTC;0;987,7;987,7;987,4;;26,3;24,3;26,6;26;24,6;24,2;92;87;89;;;;
2026/04/30;0300 UTC;0;987,3;987,8;987,3;;26,1;24,2;26,3;26,1;24,5;24,2;90;89;89;;;;
2026/04/30;0400 UTC;0;986,7;987,3;986,7;;25,9;24,6;26,3;25,8;24,7;23,9;93;87;93;;;;
2026/04/30;0500 UTC;0;986,3;986,7;986,2;;25;24,4;25,9;25;24,6;24;96;90;96;;;;
2026/04/30;0600 UTC;0;986,4;986,5;986,3;;24,6;24,1;25,2;24,6;24,5;24,1;97;96;97;;;;
2026/04/30;0700 UTC;0;986,2;986,4;986,1;;24,1;23,9;24,6;24,1;24,1;23,9;99;97;99;;;;
2026/04/30;0800 UTC;0;986,1;986,1;986;;24,2;23,9;24,2;24;24;23,8;99;98;98;;;;
2026/04/30;0900 UTC;0;986,4;986,4;986,1;;24;23,8;24,2;24;23,9;23,7;99;98;99;;;;
2026/04/30;1000 UTC;0;986,9;986,9;986,4;651,4;24,4;23,9;24,4;24;24;23,7;99;97;97;;;;
2026/04/30;1100 UTC;0;987,2;987,2;986,9;;26,6;24,9;26,6;24,4;24,9;23,9;97;89;91;;;;
2026/04/30;1200 UTC;0;988;988;987,2;;28,5;25,2;28,5;26,6;25,5;24,6;91;82;82;;;;
2026/04/30;1300 UTC;0;988,4;988,5;988;;30,5;25;30,8;28,5;25,6;24,6;82;72;73;;;;
2026/04/30;1400 UTC;0;988,2;988,5;988,2;4,5;32,2;24,4;32,2;30,1;25,5;23,6;75;63;63;;;;
2026/04/30;1500 UTC;0;987,7;988,3;987,7;;32,4;23,3;33,3;31,5;24,7;22,7;64;56;59;;;;
2026/04/30;1600 UTC;0;986,6;987,7;986,6;;33,5;22,3;34,2;32,4;24,2;21,9;60;51;52;;;;
2026/04/30;1700 UTC;0;985,4;986,6;985,4;;34,1;21,9;34,4;32,9;23,3;21,7;55;49;49;;;;
2026/04/30;1800 UTC;0;984,5;985,4;984,5;;34,5;21;34,8;33,9;22,6;21;52;45;45;;;;
2026/04/30;1900 UTC;0;984;984,5;984;;34;22,3;34,9;33,3;22,4;21,2;51;45;51;;;;
2026/04/30;2000 UTC;0;984;984,1;984;;32;23,2;34,3;32;23,2;21,5;60;49;60;;;;
2026/04/30;2100 UTC;0;984;984;983,9;;30,6;23,4;32;30,5;23,6;22,9;67;60;66;;;;
2026/04/30;2200 UTC;0;984,6;984,6;984;;29,2;23,5;30,6;29,2;24,1;23,4;72;66;72;;;;
2026/04/30;2300 UTC;0;985,3;985,3;984,6;,8;28,2;23,4;29,2;28,2;23,6;23,3;76;71;75;;;;
2026/05/01;0000 UTC;0;986,3;986,3;985,3;461,9;27,6;23,5;28,3;27,6;23,7;23,4;79;75;78;;;;
2026/05/01;0100 UTC;0;987;987;986,3;807,2;27,1;23,7;27,6;26,4;24,2;23,5;87;78;82;;;;
2026/05/01;0200 UTC;0;987,3;987,3;987;993,2;26,1;24,1;27,3;26;24,4;23,6;89;80;89;;;;
2026/05/01;0300 UTC;0;987,1;987,3;987,1;1149,9;25,6;23,8;26,6;25,5;24,2;23,8;91;86;90;;;;
2026/05/01;0400 UTC;0;987,2;987,4;987,1;1452,9;24,8;24,1;25,7;24,8;24,5;23,7;96;89;96;;;;
2026/05/01;0500 UTC;0;986,7;987,2;986,7;2096,1;25;24,2;25;24,8;24,5;24,1;97;96;96;;;;
2026/05/01;0600 UTC;0;986,2;986,7;986,2;1837,5;24,4;23,5;25,3;24,4;24,2;23,3;96;91;95;;;;
2026/05/01;0700 UTC;0;986,4;986,4;986,2;2089,5;24,3;23,4;24,8;24,3;23,6;23,3;95;92;95;;;;
2026/05/01;0800 UTC;0;986,8;986,8;986,4;2587,3;24,2;23,3;24,4;24,2;23,4;23,3;95;94;95;;;;
2026/05/01;0900 UTC;0;987,2;987,2;986,8;2795,6;24;23,1;24,2;24;23,3;23,1;95;94;95;;;;
2026/05/01;1000 UTC;0;987,8;987,8;987,2;2416,3;24,3;23,2;24,3;23,9;23,2;23;95;94;94;;;;
2026/05/01;1100 UTC;0;988,8;988,8;987,8;;26,8;23,2;27;24,3;24,1;22,5;94;78;81;;;;
2026/05/01;1200 UTC;0;989,6;989,6;988,8;;27,3;23,2;27,3;26,6;23,7;22,6;82;79;79;;;;
2026/05/01;1300 UTC;0;990;990;989,6;;29,5;22,8;29,6;27,2;23,7;22,4;80;66;67;;;;
2026/05/01;1400 UTC;0;989,8;990;989,8;;30,8;20,8;31,2;29,3;23,2;20,6;68;55;55;;;;
2026/05/01;1500 UTC;0;989,3;989,8;989,3;;31,6;20,4;32,5;30,8;21,7;20,3;57;50;52;;;;
2026/05/01;1600 UTC;0;988,6;989,4;988,6;;32,8;20,7;33,2;31,4;20,9;19,7;53;47;49;;;;
2026/05/01;1700 UTC;0;987,9;988,6;987,9;;32,8;19,4;33,5;32,3;20,8;19,1;50;44;45;;;;
2026/05/01;1800 UTC;0;987,4;987,9;987,4;;33,1;20,7;33,4;32,5;20,8;19,7;49;45;48;;;;
2026/05/01;1900 UTC;0;987;987,4;987;;32,2;20,6;33,1;31,9;21,2;20,2;52;47;51;;;;
2026/05/01;2000 UTC;0;987;987;987;;31,1;21,5;32,3;31;21,5;20,3;57;50;57;;;;
2026/05/01;2100 UTC;0;986,9;987;986,9;;29,2;22,5;31,1;29,2;22,5;21,6;67;57;67;;;;
2026/05/01;2200 UTC;0;987,3;987,3;986,9;;27,6;22,9;29,2;27,6;22,9;22,5;76;67;76;;;;
2026/05/01;2300 UTC;0;988;988;987,3;;27,2;22,5;27,6;27,1;22,9;22,4;77;75;76;;;;
2026/05/02;0000 UTC;0;988,9;988,9;988;;26,8;22,4;27,5;26,8;22,7;22,1;78;73;77;;;;
2026/05/02;0100 UTC;0;989,5;989,5;988,9;;26;22,8;26,8;26;22,8;22,2;83;76;83;;;;
2026/05/02;0200 UTC;0;989,7;989,7;989,5;;25,4;22,7;26;25,4;23;22,2;85;81;85;;;;
2026/05/02;0300 UTC;0;989,5;989,7;989,5;;25,4;22,8;25,5;25,3;23,1;22,4;87;83;86;;;;
2026/05/02;0400 UTC;0;988,8;989,5;988,8;;26;22,7;26,2;25,4;22,9;22,3;86;79;82;;;;
2026/05/02;0500 UTC;0;988,4;988,8;988,4;;25,9;23,3;26,1;25,8;23,3;22,4;86;80;85;;;;
2026/05/02;0600 UTC;0;988;988,4;988;;25,8;23,1;26,1;25,8;23,8;22,6;87;82;85;;;;
2026/05/02;0700 UTC;0;987,7;988;987,7;;25,5;23,7;25,9;25,4;23,7;22,5;90;82;90;;;;
2026/05/02;0800 UTC;0;987,9;987,9;987,7;;25,2;23,8;25,5;25,2;24;23,5;93;89;92;;;;
2026/05/02;0900 UTC;0;988,5;988,5;987,9;;24,9;23,9;25,3;24,9;24;23,6;94;91;94;;;;
2026/05/02;1000 UTC;0;989,4;989,4;988,5;;25,1;23,2;25,1;24,7;23,8;23,2;94;89;89;;;;
2026/05/02;1100 UTC;0;990,2;990,2;989,4;;26,7;23,1;26,7;25,1;23,5;22,8;90;81;81;;;;
2026/05/02;1200 UTC;0;990,9;990,9;990,2;;28,1;23,7;28,1;26,7;23,8;22,9;81;77;77;;;;
2026/05/02;1300 UTC;0;991,1;991,2;990,9;;30,4;23,3;30,5;28,1;23,9;22,8;77;66;66;;;;
2026/05/02;1400 UTC;0;990,7;991,1;990,7;;31,9;23;32;30,2;23,7;22,5;67;59;60;;;;
2026/05/02;1500 UTC;0;989,8;990,7;989,8;;32,7;23,4;33,7;31,8;23,9;22,7;62;54;58;;;;
2026/05/02;1600 UTC;0;988,8;989,8;988,8;;32,8;23;33,6;32;23,5;22,5;60;53;57;;;;
2026/05/02;1700 UTC;0;987,9;988,8;987,9;;31,6;23,6;33,3;30,9;24,1;22,2;66;53;63;;;;
2026/05/02;1800 UTC;0;987,1;987,9;987,1;;33;22,7;33,4;31,6;23,5;22;62;53;55;;;;
2026/05/02;1900 UTC;0;986,7;987,1;986,6;;32,4;22,7;33,7;32,1;23,6;22,4;60;53;57;;;;
2026/05/02;2000 UTC;0;986,7;986,9;986,6;;30,9;23,8;32,7;29,8;24,5;22,4;73;55;66;;;;
2026/05/02;2100 UTC;0;987,1;987,1;986,6;;30,3;23,9;30,9;30,2;24,4;23,1;71;64;69;;;;
2026/05/02;2200 UTC;0;988,1;988,1;987,1;;28,2;24,7;30,3;28,2;25,3;23,8;81;69;81;;;;
2026/05/02;2300 UTC;0;989;989;988,1;;27,4;23,4;28,2;27,1;24,7;23,3;83;79;79;;;;
2026/05/03;0000 UTC;0;989,7;989,7;989;;27,6;23,3;27,7;27,1;23,7;23;80;77;78;;;;
2026/05/03;0100 UTC;0;990,5;990,7;989,7;;25,6;24,6;27,6;25,6;24,8;23,2;95;77;94;;;;
2026/05/03;0200 UTC;0;990,4;990,6;990,4;;26;24,3;26;25,6;24,5;23,9;94;89;90;;;;
2026/05/03;0300 UTC;0;990;990,5;990;;25,6;24,2;26,1;25,5;24,6;23,9;92;89;92;;;;
2026/05/03;0400 UTC;0;989,3;990,1;989,3;;25,1;24,4;25,7;25,1;24,4;24;96;91;96;;;;
2026/05/03;0500 UTC;0;988,3;989,4;988,3;;25,4;24,2;25,4;25,1;24,5;24,2;96;93;93;;;;
2026/05/03;0600 UTC;0;988;988,3;988;;25,6;24,6;25,7;25,4;24,7;24,2;95;93;95;;;;
2026/05/03;0700 UTC;0;987,7;988;987,7;;24,7;23,6;25,6;24,7;24,8;23,6;97;93;94;;;;
2026/05/03;0800 UTC;0;987,7;987,7;987,6;;24,6;23,9;24,7;24,5;24;23,6;96;94;96;;;;
2026/05/03;0900 UTC;0;988,1;988,1;987,7;;24,7;24,2;24,8;24,6;24,2;23,6;97;94;97;;;;
2026/05/03;1000 UTC;0;989;989;988,1;;24,7;24,2;24,7;24,5;24,3;24,1;98;97;97;;;;
2026/05/03;1100 UTC;0;989,4;989,4;989;;25,5;24,8;25,5;24,7;24,8;24,2;98;96;96;;;;
2026/05/03;1200 UTC;0;990,1;990,1;989,4;;27,3;25,1;27,3;25,4;25,4;24,4;96;87;87;;;;
2026/05/03;1300 UTC;0;990,3;990,3;990,1;;28,5;24,2;28,9;27,1;25,8;23,8;91;75;77;;;;
2026/05/03;1400 UTC;0;990,4;990,5;990,3;;29,9;23,6;30;28,5;25;23,1;78;68;69;;;;
2026/05/03;1500 UTC;0;989,5;990,4;989,5;;30;23,9;30,6;29,1;24,8;23,3;74;67;70;;;;
2026/05/03;1600 UTC;0;988;989,5;988;;32;21,2;32,1;30;24,5;20,3;70;50;53;;;;
2026/05/03;1700 UTC;0;986,8;988;986,8;;32,2;22,9;32,7;31,2;22,9;21;59;52;58;;;;
2026/05/03;1800 UTC;0;987;987,1;986;;24,3;24;32,6;24,3;24,3;22,1;98;55;98;;;;
2026/05/03;1900 UTC;0;985,5;987;985,5;;25,5;25,1;25,5;24,1;25,1;23,8;99;97;97;;;;
2026/05/03;2000 UTC;,4;985,4;985,6;985,4;;27,9;24,2;28;25,5;25,3;23,7;98;79;81;;;;
2026/05/03;2100 UTC;1,2;985,7;985,7;985,3;;27;24,7;28,3;27;25;22,8;88;73;87;;;;
2026/05/03;2200 UTC;2,4;986,1;986,1;985,7;;26,1;25,1;27,1;26,1;25,5;23,8;95;83;94;;;;
2026/05/03;2300 UTC;2,8;986,8;986,8;986,1;;26;25,2;26,4;25,9;25,4;25;96;94;96;;;;
2026/05/04;0000 UTC;2,6;987,5;987,5;986,8;;25,5;24,3;26;25,5;25,5;24,3;97;93;93;;;;
2026/05/04;0100 UTC;2,4;988,1;988,1;987,5;;25,4;24,7;25,7;25,4;25;24,3;97;93;96;;;;
2026/05/04;0200 UTC;,8;988,8;988,8;988,1;;25;24,7;25,7;25;25,5;24,6;99;96;98;;;;
2026/05/04;0300 UTC;0;988,6;988,8;988,6;;24,9;24,4;25;24,8;24,8;24,3;99;97;97;;;;
2026/05/04;0400 UTC;0;988,2;988,6;988,2;;24,6;24,3;24,9;24,6;24,6;24,3;98;97;98;;;;
2026/05/04;0500 UTC;0;987,8;988,2;987,8;;24,7;24,3;24,8;24,6;24,3;24,2;98;96;98;;;;
2026/05/04;0600 UTC;0;987,2;987,8;987,2;;25;24,2;25,1;24,7;24,7;24,2;98;95;95;;;;
2026/05/04;0700 UTC;0;987,5;987,5;987,1;;24,5;24;25;24,4;24,3;23,8;97;94;97;;;;
2026/05/04;0800 UTC;0;987,6;987,8;987,4;;24,3;23,9;24,7;24,3;24,5;23,9;99;97;98;;;;
2026/05/04;0900 UTC;,2;988,3;988,3;987,6;;24,3;24,1;24,4;24,2;24,3;23,9;99;98;99;;;;
2026/05/04;1000 UTC;0;989,2;989,2;988,3;;24,4;24,3;24,4;24,1;24,3;24;100;99;100;;;;
2026/05/04;1100 UTC;0;989,9;989,9;989,2;;25,3;24,9;25,3;24,4;24,9;24,2;100;98;98;;;;
2026/05/04;1200 UTC;0;990,4;990,4;989,9;;26,3;24,9;26,4;25,2;25,3;24,1;98;89;92;;;;
2026/05/04;1300 UTC;0;990,6;990,6;990,4;;28,3;24,3;28,4;26,4;25,4;24,3;92;79;79;;;;
2026/05/04;1400 UTC;0;990,3;990,6;990,3;;30,5;24,6;30,5;28,2;25,5;24,1;81;71;71;;;;
2026/05/04;1500 UTC;0;990;990,4;990;;31;;31,6;30,3;24,9;23,7;72;64;;;;;
2026/05/04;1600 UTC;0;989,2;990;989,2;;32,1;22,7;32,1;30,7;25,2;22,5;70;57;58;;;;
2026/05/04;1700 UTC;0;988,2;989,1;988,2;;32,4;23,1;32,7;31,7;23,7;21,7;61;53;58;;;;
2026/05/04;1800 UTC;0;987,4;988,2;987,4;;32,5;22,2;33,1;31,9;23,3;21,7;59;53;55;;;;
2026/05/04;1900 UTC;0;986,9;987,4;986,9;;32;22,1;32,8;31,8;23;21,5;57;53;56;;;;
2026/05/04;2000 UTC;0;987;987;986,7;;31,4;22,1;32,4;31,4;23;21,9;60;55;58;;;;
2026/05/04;2100 UTC;0;987,2;987,2;987;;30,3;23,5;31,4;30,3;23,5;22,3;67;58;67;;;;
2026/05/04;2200 UTC;0;987,5;987,5;987,2;;28,2;23,8;30,3;28,1;24,2;23,2;77;66;77;;;;
2026/05/04;2300 UTC;0;988,5;988,5;987,5;;26,7;24,8;28,2;26,7;24,9;23,8;89;77;89;;;;
2026/05/05;0000 UTC;0;989,3;989,3;988,5;;26,5;24,6;26,9;26,4;25;24,6;91;89;90;;;;
2026/05/05;0100 UTC;0;990,1;990,1;989,3;;25,9;24;26,5;25,8;24,7;24;91;89;90;;;;
2026/05/05;0200 UTC;0;990,3;990,3;990,1;;25,1;23,7;25,9;25;24,3;23,5;92;90;92;;;;
2026/05/05;0300 UTC;0;990,2;990,5;990,2;;25;23,1;25,3;25;23,8;23,1;92;88;89;;;;
2026/05/05;0400 UTC;0;989,9;990,3;989,9;;24,6;22,8;25;24,4;23,4;22,8;93;89;90;;;;
2026/05/05;0500 UTC;0;989,2;989,9;989,2;;23,8;22,5;24,6;23,8;22,9;22,4;93;89;92;;;;
2026/05/05;0600 UTC;0;988,8;989,2;988,7;;23,7;22,3;24,1;23,7;22,9;22,2;94;90;92;;;;
2026/05/05;0700 UTC;0;988,6;988,9;988,6;;23,7;22,1;23,8;23,2;22,7;22,1;97;91;91;;;;
2026/05/05;0800 UTC;0;988,9;988,9;988,6;;23,2;21,9;23,7;23,1;22,1;21,8;93;91;92;;;;
2026/05/05;0900 UTC;0;989,3;989,3;988,9;;23,1;21,8;23,2;22,9;21,9;21,8;94;92;93;;;;
2026/05/05;1000 UTC;0;989,9;989,9;989,3;;23,8;22;23,8;22,9;22,3;21,8;94;90;90;;;;
2026/05/05;1100 UTC;0;990,4;990,4;989,9;;26,6;22,6;27,1;23,8;22,8;22;90;75;79;;;;
2026/05/05;1200 UTC;0;991,4;991,4;990,4;;29,4;22,5;29,4;26,5;23,9;21,8;81;66;67;;;;
2026/05/05;1300 UTC;0;991,7;991,7;991,4;;30,7;22;30,9;29,3;23,3;21,4;69;58;60;;;;
2026/05/05;1400 UTC;0;991,7;991,8;991,7;;32,2;19,6;32,3;30,4;22,4;19,2;62;47;48;;;;
2026/05/05;1500 UTC;0;991,2;991,7;991,2;;32,7;20,6;32,8;31,9;21,2;19,7;51;48;49;;;;
2026/05/05;1600 UTC;0;990,2;991,2;990,2;;32,9;19,9;33,4;32,6;20,7;19,4;49;45;46;;;;
2026/05/05;1700 UTC;0;989,2;990,2;989,2;;33,2;20,7;34;32,8;20,7;19,3;48;44;48;;;;
2026/05/05;1800 UTC;0;988,3;989,2;988,3;;33,5;19,7;33,7;32,3;21,4;19,3;51;44;44;;;;
2026/05/05;1900 UTC;0;987,9;988,3;987,9;;33,6;19,3;34;33,4;20,2;19;45;42;43;;;;
2026/05/05;2000 UTC;0;988,1;988,1;987,9;;32,7;20,2;33,6;32,5;20,4;19;49;43;48;;;;
2026/05/05;2100 UTC;0;988,1;988,1;987,9;;30,4;21,1;32,7;30,4;21,1;19,6;58;46;57;;;;
2026/05/05;2200 UTC;0;988,3;988,3;988,1;;28,9;21,3;30,4;28,9;21,7;21,1;64;57;64;;;;
2026/05/05;2300 UTC;0;988,9;988,9;988,3;;27,1;22,2;28,9;27,1;22,4;21,3;75;64;74;;;;
2026/05/06;0000 UTC;0;989,8;989,8;988,9;;26,2;22;27,2;26,1;22,5;21,8;79;74;78;;;;
2026/05/06;0100 UTC;0;990,4;990,4;989,8;;25,1;22,7;26,2;25,1;22,7;21,7;86;76;86;;;;
2026/05/06;0200 UTC;0;990,7;990,7;990,4;;24,2;22,9;25,1;24,1;23,4;22,7;93;86;93;;;;
2026/05/06;0300 UTC;0;990,5;990,7;990,5;;24,6;21,6;24,9;24,1;22,9;21,6;93;83;84;;;;
2026/05/06;0400 UTC;0;989,9;990,5;989,9;;24,1;21,4;24,6;23,9;21,8;21,2;87;82;85;;;;
2026/05/06;0500 UTC;0;989,2;989,9;989,2;;23,3;21,7;24,1;23,2;22;21,3;92;85;91;;;;
2026/05/06;0600 UTC;0;989,1;989,3;989,1;;23,7;21;23,8;23;22,1;20,9;93;84;85;;;;
2026/05/06;0700 UTC;0;988,9;989,2;988,9;;22,6;21,5;23,7;22,6;21,5;20,9;94;85;94;;;;
2026/05/06;0800 UTC;0;988,8;989;988,8;;22,3;21,8;22,7;22,2;21,8;21,1;97;92;97;;;;
2026/05/06;0900 UTC;0;989,3;989,3;988,8;;22,3;21,7;22,6;22,3;22,1;21,6;97;95;96;;;;
2026/05/06;1000 UTC;0;989,9;989,9;989,3;;22,7;22,1;22,7;22,2;22,1;21,7;98;96;96;;;;
2026/05/06;1100 UTC;0;990,4;990,4;989,8;;25,2;22,4;25,2;22,7;22,7;22;96;83;84;;;;
2026/05/06;1200 UTC;0;990,9;990,9;990,4;;28,1;21,9;28,1;25,1;22,7;21,3;86;69;69;;;;
2026/05/06;1300 UTC;0;991,1;991,1;990,9;;30,3;22;30,4;28,1;22,5;21,2;69;59;61;;;;
2026/05/06;1400 UTC;0;991,1;991,1;991;;32,4;21,1;32,6;30,3;22,3;20,8;61;51;52;;;;
2026/05/06;1500 UTC;0;990,1;991,1;990,1;;33;21,2;33,2;31,9;21,8;20,5;53;50;50;;;;
2026/05/06;1600 UTC;0;989,3;990,1;989,3;;32,3;21,2;33,4;31,9;22,5;21,1;56;50;52;;;;
2026/05/06;1700 UTC;0;988,4;989,3;988,4;;32,1;20,8;33,1;31,9;21,6;20,7;54;50;51;;;;
2026/05/06;1800 UTC;0;987,8;988,4;987,8;;33,6;20,9;33,8;32,1;21,9;20,1;52;46;47;;;;
2026/05/06;1900 UTC;0;987,7;987,8;987,6;;32,6;21,8;34,1;32,3;21,8;19,9;53;44;53;;;;
2026/05/06;2000 UTC;0;987,7;987,8;987,6;;32,7;21,1;33,4;32,6;22;20,4;53;47;51;;;;
2026/05/06;2100 UTC;0;987,7;987,8;987,7;;30,2;22,3;32,7;30,2;22,3;20,8;63;50;63;;;;
2026/05/06;2200 UTC;0;987,8;987,8;987,6;;29;22,3;30,2;29;22,5;22,1;68;62;67;;;;
2026/05/06;2300 UTC;0;988,4;988,4;987,7;;27,8;22,5;29;27,8;22,5;21,8;73;66;73;;;;
2026/05/07;0000 UTC;0;989,1;989,1;988,4;;27,1;22,6;27,8;27;22,8;22,2;77;73;77;;;;
2026/05/07;0100 UTC;0;989,6;989,6;989;;25,9;23,1;27,1;25,9;23,1;22,6;85;77;85;;;;
2026/05/07;0200 UTC;0;989,8;989,8;989,6;;25,3;23;25,9;25,3;23,2;22,7;87;83;87;;;;
2026/05/07;0300 UTC;0;989,8;989,8;989,7;;25;22,8;25,6;25;23,1;22,5;88;84;88;;;;
2026/05/07;0400 UTC;0;989,3;989,8;989,3;;24,5;22,7;25,2;24,5;22,9;22,4;89;85;89;;;;
2026/05/07;0500 UTC;0;988,4;989,3;988,4;;24,5;22,1;24,9;24,3;22,7;22,1;90;86;86;;;;
2026/05/07;0600 UTC;0;988;988,4;988;;24;22;24,5;23,8;22,2;22;91;86;89;;;;
2026/05/07;0700 UTC;0;987,8;988,1;987,8;;23,3;21,9;24,1;23,3;22,6;21,9;95;89;92;;;;
2026/05/07;0800 UTC;0;988;988;987,8;;23,1;22,3;23,6;23;22,3;21,6;95;90;95;;;;
2026/05/07;0900 UTC;0;988,7;988,7;988;;22,7;22,2;23,2;22,6;22,3;22;97;93;97;;;;
2026/05/07;1000 UTC;0;989,3;989,3;988,7;;23,2;22,4;23,2;22,5;22,4;22,1;98;95;95;;;;
2026/05/07;1100 UTC;0;989,8;989,8;989,2;;25,4;22,8;25,4;23,2;23;22,1;95;85;86;;;;
2026/05/07;1200 UTC;0;990,2;990,2;989,8;;28,2;22,9;28,2;25,4;23,3;22,3;86;72;73;;;;
2026/05/07;1300 UTC;;;;;;;;;;;;;;;;;;
2026/05/07;1400 UTC;;;;;;;;;;;;;;;;;;
2026/05/07;1500 UTC;0;988,6;989,4;988,6;;33;20,5;33;31,5;22;20,5;57;48;48;;;;
2026/05/07;1600 UTC;0;987,4;988,6;987,4;;32,5;20,6;33,9;32,3;21,5;20,3;51;46;49;;;;
2026/05/07;1700 UTC;0;986,5;987,4;986,5;;34;20,7;34;32,5;21,5;20,2;50;45;46;;;;
2026/05/07;1800 UTC;0;985,5;986,5;985,5;;34;21,2;34,3;33,4;21,4;20,3;49;45;47;;;;
2026/05/07;1900 UTC;0;985,4;985,5;985,3;;33,4;20;34,6;33,4;21,3;19,8;48;43;45;;;;
2026/05/07;2000 UTC;0;985,6;985,6;985,3;;32,9;20,7;33,8;32,8;20,7;19,7;49;45;49;;;;
2026/05/07;2100 UTC;0;985,6;985,6;985,5;;31,8;21,7;33;31,8;21,8;20,2;55;47;55;;;;
2026/05/07;2200 UTC;0;985,8;985,8;985,6;;29,5;22,2;31,8;29,5;22,4;21,6;66;55;65;;;;
2026/05/07;2300 UTC;0;986,3;986,3;985,8;;27,9;23,2;29,5;27,9;23,5;21,8;77;64;75;;;;
2026/05/08;0000 UTC;0;986,9;986,9;986,3;;26,9;23,1;27,9;26,9;23,5;23;81;75;80;;;;
2026/05/08;0100 UTC;0;987,6;987,6;986,9;;26,3;22,8;26,9;26,3;23,1;22,7;81;78;81;;;;
2026/05/08;0200 UTC;0;987,9;987,9;987,6;;25,9;22,3;26,3;25,9;22,8;22,3;81;79;81;;;;
2026/05/08;0300 UTC;0;987,9;987,9;987,8;;25,7;22,3;26;25,4;22,7;22,1;85;80;81;;;;
2026/05/08;0400 UTC;0;987,3;987,9;987,3;;24,6;22,3;25,7;24,5;22,6;22,2;89;81;87;;;;
2026/05/08;0500 UTC;0;987;987,3;986,9;;24,7;22,1;24,7;24,2;22,8;22,1;91;85;86;;;;
2026/05/08;0600 UTC;0;986,5;987;986,5;;24,1;22,5;24,7;24,1;22,5;22;91;86;91;;;;
2026/05/08;0700 UTC;0;986,4;986,5;986,3;;23,7;22,2;24,1;23,6;22,6;22;92;90;91;;;;
2026/05/08;0800 UTC;0;987,2;987,2;986,4;;23,6;22,3;24,1;23,6;22,3;21,8;93;87;93;;;;
2026/05/08;0900 UTC;0;987,8;987,8;987,2;;23,5;22;24;23,4;22,4;21,9;94;88;91;;;;
2026/05/08;1000 UTC;0;988,3;988,3;987,8;;23,9;22,2;23,9;23,2;22,2;22;93;90;90;;;;
2026/05/08;1100 UTC;0;989,3;989,3;988,3;;27,2;21,5;27,8;23,9;22,6;21,1;90;69;71;;;;
2026/05/08;1200 UTC;0;990;990,1;989,3;;27,8;23,6;28,2;27,1;23,6;21,4;80;69;78;;;;
2026/05/08;1300 UTC;0;990,1;990,2;990;;30,7;22,1;30,9;27,9;23,7;21,8;78;59;60;;;;
2026/05/08;1400 UTC;0;989,8;990,1;989,8;;32,4;22,5;32,4;30,5;23,2;21,6;62;56;56;;;;
2026/05/08;1500 UTC;0;989;989,8;989;;31,9;22;32,6;31,3;22,8;21,7;59;55;56;;;;
2026/05/08;1600 UTC;0;988,1;989;988,1;;33,1;22,2;33,5;31,8;23,5;21,8;59;52;53;;;;
2026/05/08;1700 UTC;0;987,2;988,1;987,1;;34,1;22;34,2;32,6;23;21,6;55;49;49;;;;
2026/05/08;1800 UTC;0;986,4;987,2;986,4;;32,5;22,1;34,1;32,5;23,2;21,7;55;49;54;;;;
2026/05/08;1900 UTC;0;985,6;986,4;985,6;;33,8;21,5;34,1;32,3;22,6;21;55;47;49;;;;
2026/05/08;2000 UTC;0;985,3;985,7;985,3;;33,6;21,1;33,9;32,9;21,9;20,8;52;47;48;;;;
2026/05/08;2100 UTC;0;985,5;985,5;985,2;;31,7;22,1;33,7;31,7;22,2;21,1;57;48;57;;;;
2026/05/08;2200 UTC;0;985,4;985,5;985,2;;29,5;22,6;31,7;29,3;23,3;22,1;69;57;67;;;;
2026/05/08;2300 UTC;0;985,9;985,9;985,4;;27,7;23,3;29,6;27,6;23,3;22,4;77;67;77;;;;
2026/05/09;0000 UTC;0;986,8;986,8;985,9;;27,3;23,7;27,7;27;23,8;23,3;83;77;81;;;;
2026/05/09;0100 UTC;0;987,3;987,3;986,8;;26,6;23,4;27,3;26,6;23,7;23,4;83;81;83;;;;
2026/05/09;0200 UTC;0;987,5;987,6;987,3;;25,9;23,1;26,6;25,7;23,5;23;86;83;84;;;;
2026/05/09;0300 UTC;0;987,7;987,7;987,5;;25,2;23,1;25,9;25,2;23,3;23;88;84;88;;;;
2026/05/09;0400 UTC;0;987,7;987,8;987,7;;24,6;23,1;25,2;24,5;23,2;22,8;91;88;91;;;;
2026/05/09;0500 UTC;0;987,3;987,7;987,3;;24;22,6;24,6;24;23;22,5;92;90;92;;;;
2026/05/09;0600 UTC;0;987;987,3;987;;23,8;22,6;24,1;23,8;22,8;22,5;94;91;93;;;;
2026/05/09;0700 UTC;0;987,2;987,2;987;;23,7;22,7;23,8;23,6;22,8;22,5;95;93;94;;;;
2026/05/09;0800 UTC;0;987,6;987,6;987,2;;23,1;22,7;23,7;23,1;23,1;22,6;98;94;98;;;;
2026/05/09;0900 UTC;0;988;988;987,6;;23,3;22,2;23,3;23;22,9;22,2;98;93;93;;;;
2026/05/09;1000 UTC;0;988,5;988,5;988;;23,9;22;23,9;23;22,2;21,8;93;89;89;;;;
2026/05/09;1100 UTC;0;989,4;989,4;988,5;;26,2;22,6;26,4;23,9;22,9;21,9;89;79;81;;;;
2026/05/09;1200 UTC;0;990,2;990,2;989,4;;28,6;22,9;28,6;26,1;23,8;22,3;85;70;71;;;;
2026/05/09;1300 UTC;0;990,4;990,4;990,2;;30,4;22,1;30,7;28,6;23,1;21,8;72;61;61;;;;
2026/05/09;1400 UTC;0;990,1;990,4;990,1;;31,3;22,7;31,3;29,9;23;21,9;65;59;60;;;;
2026/05/09;1500 UTC;0;989,5;990,1;989,5;;32,7;22,3;32,7;31,2;23;21,3;60;52;54;;;;
2026/05/09;1600 UTC;0;988,5;989,5;988,5;;33,3;21,1;34,2;32,4;22,3;20,6;54;46;49;;;;
2026/05/09;1700 UTC;0;987,7;988,5;987,7;;33,6;21;34,3;33;21,9;20,6;51;46;48;;;;
2026/05/09;1800 UTC;0;986,9;987,7;986,9;;34,2;20,4;34,7;33,5;21,7;20,3;49;44;44;;;;
2026/05/09;1900 UTC;0;986,4;986,9;986,4;;33,8;20,6;34,4;33,6;21,5;20;48;44;46;;;;
2026/05/09;2000 UTC;0;986,5;986,5;986,4;;33,2;20,5;34,1;33;21,2;20,4;49;46;47;;;;
2026/05/09;2100 UTC;0;986,7;986,7;986,5;;31,8;21,8;33,4;31,8;21,8;20,4;55;47;55;;;;
2026/05/09;2200 UTC;0;986,7;986,8;986,6;;29,6;22,9;31,8;29,5;23,1;21,9;68;56;67;;;;
2026/05/09;2300 UTC;0;987,3;987,3;986,7;;27,7;23,2;29,6;27,7;23,4;22,5;77;66;77;;;;
2026/05/10;0000 UTC;0;987,9;987,9;987,3;;27;23,3;28,2;27;23,8;22,8;80;74;80;;;;
2026/05/10;0100 UTC;0;988,4;988,4;987,9;;26,5;23,2;27,1;26,4;23,4;23;83;80;82;;;;
2026/05/10;0200 UTC;0;988,5;988,5;988,4;;26,1;23;26,6;26,1;23,2;22,8;84;80;83;;;;
2026/05/10;0300 UTC;0;988,8;988,8;988,4;;25,8;22,9;26,2;25,7;23,1;22,7;85;82;84;;;;
2026/05/10;0400 UTC;0;988,7;988,9;988,7;;26,2;22,9;26,3;25,8;23;22,5;84;80;82;;;;
2026/05/10;0500 UTC;0;988,4;988,7;988,4;;26,3;22,3;26,3;25,7;23,7;22,3;87;79;79;;;;
2026/05/10;0600 UTC;0;987,8;988,4;987,8;;26,1;23,5;26,3;25,8;23,6;22,3;87;78;86;;;;
2026/05/10;0700 UTC;0;987,7;987,8;987,6;;25,8;23,2;26,2;25,7;23,6;22,9;88;83;86;;;;
2026/05/10;0800 UTC;0;988,1;988,1;987,7;;25,7;22,9;25,8;25,4;23,3;22,9;88;85;85;;;;
2026/05/10;0900 UTC;0;988,8;988,8;988,1;;25,9;22,9;25,9;25,5;23,3;22,7;88;83;84;;;;
2026/05/10;1000 UTC;0;989,4;989,4;988,8;;25,4;23;25,9;25,4;23;22,6;86;82;86;;;;
2026/05/10;1100 UTC;0;990,9;990,9;989,4;;25,1;23,2;25,9;25,1;23,3;22,7;89;83;89;;;;
2026/05/10;1200 UTC;0;990,9;991;990,5;;26;24,4;26;24,1;24,4;23,3;97;89;91;;;;
2026/05/10;1300 UTC;0;991,2;991,2;990,9;;29,4;24,1;29,5;26;24,9;23,4;91;72;73;;;;
2026/05/10;1400 UTC;0;990,8;991,2;990,8;;30,9;23;31,3;29,4;24,5;23;73;62;63;;;;
2026/05/10;1500 UTC;0;989,8;990,7;989,8;;32,6;23;32,9;30,8;24,2;22,5;65;56;57;;;;
2026/05/10;1600 UTC;0;988,7;989,8;988,7;;32,9;22,8;33,8;32,1;24;22,3;59;54;56;;;;
2026/05/10;1700 UTC;0;987,7;988,7;987,7;;32,3;23,4;33,4;30,6;24,7;22,4;69;53;59;;;;
2026/05/10;1800 UTC;0;987;987,7;986,9;;31,5;22,9;33,9;31,4;24,1;22,6;61;54;60;;;;
2026/05/10;1900 UTC;0;986,5;987,1;986,5;;32,3;23,5;32,7;31,5;23,6;21,9;60;55;60;;;;
2026/05/10;2000 UTC;0;986,7;986,8;986,5;;30,6;23,8;32,4;30,6;24,5;23,1;68;58;67;;;;
2026/05/10;2100 UTC;0;987,2;987,2;986,6;;28,9;24,8;30,6;28,9;24,9;23,9;79;67;78;;;;
2026/05/10;2200 UTC;0;987,4;987,4;987,2;;27,9;24,4;28,9;27,8;25;24,4;83;78;81;;;;
2026/05/10;2300 UTC;0;988,1;988,1;987,4;;27,7;24,1;28;27,5;24,6;24;83;80;81;;;;
2026/05/11;0000 UTC;0;988,7;988,7;988,1;;27,4;24,3;27,7;27,4;24,4;24;84;81;83;;;;
2026/05/11;0100 UTC;,2;989,5;989,5;988,7;;26,6;24;27,4;26,6;24,4;23,8;86;83;85;;;;
2026/05/11;0200 UTC;0;989,7;989,7;989,5;;26,6;23,6;26,8;26,5;24,1;23,6;86;83;84;;;;
2026/05/11;0300 UTC;0;989,5;989,8;989,5;;25,8;24;26,6;25,8;24,1;23,5;90;83;89;;;;
2026/05/11;0400 UTC;0;989,1;989,5;989,1;;25,7;24,2;25,9;25,6;24,5;23,8;93;89;91;;;;
2026/05/11;0500 UTC;0;988,3;989,1;988,3;;25,8;23,2;25,8;25,4;24,3;23,2;94;85;85;;;;
2026/05/11;0600 UTC;0;987,8;988,3;987,8;;25,6;23,2;25,9;25,6;23,3;23,1;87;85;86;;;;
2026/05/11;0700 UTC;0;987,6;987,9;987,6;;25,6;23,3;25,7;25,6;23,6;23,1;88;86;87;;;;
2026/05/11;0800 UTC;0;987,7;987,7;987,3;;25;23,6;25,7;25;23,9;23;93;85;92;;;;
2026/05/11;0900 UTC;0;988,9;988,9;987,7;;24,4;24;25,2;24,4;24,2;23,6;98;91;98;;;;
2026/05/11;1000 UTC;0;989,9;990;988,9;;23,9;23,7;24,4;23,9;24,2;23,6;99;98;99;;;;
2026/05/11;1100 UTC;0;990,6;990,6;989,9;;24,9;24,2;25;23,9;24,5;23,7;99;96;96;;;;
2026/05/11;1200 UTC;,4;991,2;991,2;990,5;;25,9;24,3;25,9;24,9;24,8;24;96;90;91;;;;
2026/05/11;1300 UTC;1;991,2;991,3;991,1;;26,5;24,2;26,6;25,8;25;23,9;92;86;87;;;;
2026/05/11;1400 UTC;1,2;990,2;991,2;990,2;;27,8;23,2;28,1;26,4;24,8;23,2;89;76;76;;;;
2026/05/11;1500 UTC;1,6;989;990,2;989;;29;23,1;29,8;27,7;24,9;23,1;80;70;71;;;;
2026/05/11;1600 UTC;2,2;988;989;988;;31;23,7;31;28,9;24,5;23;75;64;65;;;;
2026/05/11;1700 UTC;2,6;986,7;988;986,7;;30,6;23,9;31,3;30,2;24,4;22,6;70;63;68;;;;
2026/05/11;1800 UTC;2,8;986,2;986,7;986,1;;30,1;23;30,9;30,1;24,3;22,9;70;65;66;;;;
2026/05/11;1900 UTC;2,2;986,2;986,2;986,1;;30;23,2;30,6;30;23,7;22,9;68;64;67;;;;
2026/05/11;2000 UTC;,4;986,6;986,6;986,2;;28,9;24,2;30,1;28,9;24,3;23,1;77;66;76;;;;
2026/05/11;2100 UTC;0;986,8;986,8;986,6;;27,8;24,5;28,9;27,8;24,8;24,1;83;76;82;;;;
2026/05/11;2200 UTC;0;987,6;987,6;986,8;;27;24,6;27,8;26,9;24,9;24,3;88;82;87;;;;
2026/05/11;2300 UTC;0;988,6;988,6;987,6;;26,8;24,8;27;26,7;24,8;24,3;89;86;89;;;;
2026/05/12;0000 UTC;0;989,1;989,2;988,6;;26;24,6;26,8;26;24,9;24,6;92;89;92;;;;
2026/05/12;0100 UTC;0;989,6;989,6;989,1;;25,8;24,6;26;25,8;24,8;24,5;94;91;93;;;;
2026/05/12;0200 UTC;0;989,6;989,6;989,5;60,6;25,6;24,8;25,9;25,6;24,9;24,5;95;93;95;;;;
2026/05/12;0300 UTC;0;989,4;989,7;989,4;265,8;25,6;24,4;25,7;25,5;24,8;24,4;96;93;93;;;;
2026/05/12;0400 UTC;0;988,7;989,4;988,6;33,3;25,6;24,3;25,7;25,4;24,6;24,3;94;92;93;;;;
2026/05/12;0500 UTC;0;988,3;988,7;988,3;57,9;25;24,4;25,8;25;24,6;24,3;97;92;97;;;;
2026/05/12;0600 UTC;0;988,1;988,4;988,1;73,4;25;23,9;25,1;24,9;24,5;23,9;97;93;94;;;;
2026/05/12;0700 UTC;0;987,6;988,1;987,5;;25,2;23,7;25,2;25;24;23,7;94;91;91;;;;
2026/05/12;0800 UTC;0;987,9;988;987,5;41,6;24,8;23,7;25,2;24,8;24,1;23,7;96;91;93;;;;
2026/05/12;0900 UTC;0;988,4;988,4;987,7;180,6;24,3;23,8;25;24,3;23,9;23,6;97;92;97;;;;
2026/05/12;1000 UTC;0;989,4;989,4;988,4;998,6;24,2;23,8;24,4;23,8;23,9;23,5;99;97;98;;;;
2026/05/12;1100 UTC;0;989,9;989,9;989,4;;26,9;24;27;24,2;24,6;23,5;98;84;84;;;;
2026/05/12;1200 UTC;0;990,3;990,3;989,9;;28,7;24,3;29;26,8;24,9;23,7;84;76;78;;;;
2026/05/12;1300 UTC;0;990,4;990,4;990,3;;29,5;24,4;29,8;28,4;24,9;23,9;79;73;74;;;;
2026/05/12;1400 UTC;0;990,2;990,6;990,2;;30,4;;30,6;29,1;25,4;23,8;76;69;;;;;
2026/05/12;1500 UTC;0;989,6;990,2;989,6;;30,9;23,9;31,6;30,1;25,1;23,3;72;63;66;;;;
2026/05/12;1600 UTC;0;988,7;989,6;988,7;;30,7;24,6;31,2;30,3;24,9;23,1;71;63;70;;;;
2026/05/12;1700 UTC;0;987,8;988,7;987,8;;30,6;23,8;30,8;30,2;25;23,5;72;67;67;;;;
2026/05/12;1800 UTC;0;987;987,8;987;;32,3;23,2;32,8;30,6;24,6;22,5;69;56;59;;;;
2026/05/12;1900 UTC;0;986,5;987;986,4;;32,2;23,8;32,8;31,6;24,1;22,5;64;56;61;;;;
2026/05/12;2000 UTC;0;986,6;986,6;986,4;;30,9;24,1;32,3;30,9;24,1;22,6;67;58;67;;;;
2026/05/12;2100 UTC;0;987;987;986,5;;29,9;24,1;30,9;29,8;25,1;23,4;73;65;71;;;;
2026/05/12;2200 UTC;0;987,7;987,7;987;;27,9;24,3;29,9;27,9;25,1;23,7;83;69;81;;;;
2026/05/12;2300 UTC;0;988,5;988,5;987,7;;27,2;25;27,9;27,2;25,3;24,2;88;81;88;;;;
2026/05/13;0000 UTC;0;989,2;989,2;988,5;;27,2;25,2;27,6;26,9;25,6;24,9;91;88;89;;;;
2026/05/13;0100 UTC;0;990;990;989,2;160,6;26,1;24,8;27,2;26,1;25,1;24,7;93;88;92;;;;
2026/05/13;0200 UTC;0;990,1;990,2;989,9;135,1;25,8;24,2;26,6;25,8;24,9;24,2;92;89;91;;;;
2026/05/13;0300 UTC;0;990,2;990,2;990;1990,5;25,5;24,4;25,9;25,4;24,9;24,1;97;91;94;;;;
2026/05/13;0400 UTC;0;989,7;990,3;989,7;1872,5;25,3;24,3;25,6;25,1;24,3;24;94;92;94;;;;
2026/05/13;0500 UTC;0;988,9;989,7;988,9;1401,3;25,2;23,8;25,4;25,2;24,4;23,7;94;91;92;;;;
2026/05/13;0600 UTC;0;988,1;988,9;988,1;1514,1;24,6;23,4;25,3;24,6;24;23,4;94;90;93;;;;
2026/05/13;0700 UTC;0;988;988,2;987,9;1945,6;24,3;23,3;24,8;24,3;23,7;23,3;94;92;94;;;;
2026/05/13;0800 UTC;0;988,6;988,6;988;2017,3;23,9;23,4;24,4;23,8;23,5;23,2;97;94;97;;;;
2026/05/13;0900 UTC;0;988,9;988,9;988,5;2776,7;23,7;23,4;23,9;23,7;23,5;23,3;98;97;98;;;;
2026/05/13;1000 UTC;0;989,6;989,6;988,9;2776,8;23,8;23,6;23,8;23,6;23,6;23,3;99;98;99;;;;
2026/05/13;1100 UTC;0;990,3;990,3;989,6;320,8;26,1;23,8;26,2;23,8;24,3;23,6;99;87;87;;;;
2026/05/13;1200 UTC;0;990,8;990,8;990,3;;28,9;22,9;29;26,1;24,2;22,3;88;68;70;;;;
2026/05/13;1300 UTC;0;990,8;990,9;990,8;;30,6;23,3;30,8;28,9;23,9;22,3;71;63;65;;;;
2026/05/13;1400 UTC;0;990,5;990,8;990,5;;32,2;23,1;32,3;30,6;23,5;22;65;56;59;;;;
2026/05/13;1500 UTC;0;989,6;990,6;989,6;;33,2;22,2;33,3;31,6;24;21,2;60;51;53;;;;
2026/05/13;1600 UTC;0;988,7;989,6;988,7;;33;21,4;34,4;32,4;22,7;20,8;54;48;51;;;;
2026/05/13;1700 UTC;0;987,8;988,7;987,8;;34;21,1;34,7;32,8;22,2;20,6;52;45;47;;;;
2026/05/13;1800 UTC;0;987,1;987,8;987;;33,9;20,9;34,9;33,4;22;20,2;49;44;47;;;;
2026/05/13;1900 UTC;0;987;987,2;987;;33,3;20,7;33,9;33;21,7;20,7;51;47;48;;;;
2026/05/13;2000 UTC;0;987,5;987,5;987;;32,9;21,3;33,5;32,9;21,9;20,5;51;47;51;;;;
2026/05/13;2100 UTC;0;988,1;988,1;987,5;;31,1;22,5;32,9;31,1;22,6;21,3;61;51;61;;;;
2026/05/13;2200 UTC;0;988,9;988,9;988,1;;28,6;24,2;31;28,6;24,2;22,2;77;60;77;;;;
2026/05/13;2300 UTC;0;989,3;989,3;988,9;;28,3;24,3;28,6;27,6;24,8;23,8;83;76;79;;;;
2026/05/14;0000 UTC;0;989,9;989,9;989,3;;27,5;23,6;28,4;27,5;24,2;23,5;81;76;79;;;;
2026/05/14;0100 UTC;0;990,5;990,5;989,9;;26,9;23,4;27,6;26,9;23,7;23,1;81;77;81;;;;
2026/05/14;0200 UTC;0;990,6;990,7;990,5;;26,3;23,3;26,9;26,1;23,4;22,7;84;80;84;;;;
2026/05/14;0300 UTC;0;990,2;990,7;990,2;;25,8;23,4;26,3;25,7;24;23,1;89;84;87;;;;
2026/05/14;0400 UTC;0;989,7;990,2;989,7;343,4;25,1;23,7;25,9;25,1;24,5;23,3;94;86;92;;;;
2026/05/14;0500 UTC;0;989,1;989,7;989,1;593,5;25,1;23,5;25,4;24,8;24;23,3;94;88;91;;;;
2026/05/14;0600 UTC;0;988,8;989,1;988,8;1629,5;24,3;23,8;25,1;24,3;24;23,5;97;91;97;;;;
2026/05/14;0700 UTC;0;988,5;988,8;988,5;2344,1;24,1;23,7;24,3;24;23,9;23,6;98;97;97;;;;
2026/05/14;0800 UTC;0;988,8;988,8;988,4;2500,9;24,2;23,6;24,2;24;23,7;23,5;98;96;96;;;;
2026/05/14;0900 UTC;0;989,5;989,5;988,8;2387,6;23,7;23,3;24,2;23,7;23,6;23;97;95;97;;;;
2026/05/14;1000 UTC;0;990,4;990,4;989,5;2835,9;23,5;23,2;23,7;23,4;23,4;23,1;99;97;98;;;;
2026/05/14;1100 UTC;0;991,3;991,3;990,3;1634,7;24,7;23,8;24,7;23,5;23,8;23,1;98;95;95;;;;
2026/05/14;1200 UTC;0;991,7;991,7;991,3;143,7;26;24,1;26;24,7;24,5;23,8;95;89;89;;;;
2026/05/14;1300 UTC;0;991,9;992,1;991,7;;26;24,4;26,6;25,7;24,6;23,9;92;88;90;;;;
2026/05/14;1400 UTC;0;991,4;991,9;991,4;;27,9;24,2;28,4;25,9;24,9;24,1;91;79;81;;;;
2026/05/14;1500 UTC;0;990,4;991,4;990,4;;29,2;24,5;29,2;27,3;25,1;23,4;86;74;75;;;;
2026/05/14;1600 UTC;0;989,4;990,4;989,4;;30,6;23,8;30,9;29,3;24,5;23,1;75;64;67;;;;
2026/05/14;1700 UTC;0;988,5;989,4;988,5;;31,6;24,5;31,7;30,5;25;23,4;70;63;66;;;;
2026/05/14;1800 UTC;0;987,9;988,5;987,9;;31,7;23,7;31,9;31;24,9;23,5;68;62;63;;;;
2026/05/14;1900 UTC;0;987,5;987,9;987,5;;31,5;23,8;32,4;31,1;25,1;23,2;67;61;64;;;;
2026/05/14;2000 UTC;0;987,8;987,8;987,5;;29,9;24,7;31,5;29,9;25,2;24;76;64;74;;;;
2026/05/14;2100 UTC;0;988,3;988,3;987,8;;29;25,5;29,9;29;25,5;24,7;81;74;81;;;;
2026/05/14;2200 UTC;0;989,1;989,1;988,3;;28;25,1;29;28;25,8;25,1;85;81;84;;;;
2026/05/14;2300 UTC;0;989,6;989,6;989,1;;27,6;25,1;28,1;27,6;25,3;24,8;87;83;87;;;;
2026/05/15;0000 UTC;0;990,4;990,4;989,6;30,5;27;25,3;27,6;27;25,5;25,1;91;86;91;;;;
2026/05/15;0100 UTC;0;991,4;991,4;990,4;302;26,7;25,1;27;26,6;25,4;25;92;90;91;;;;
2026/05/15;0200 UTC;0;991,2;991,4;991,2;628,7;26,6;25,2;26,9;26,6;25,5;25,2;93;91;92;;;;
2026/05/15;0300 UTC;0;991,5;991,5;991,2;1363,9;26,2;25,4;26,6;26,2;25,7;25;96;92;96;;;;
2026/05/15;0400 UTC;0;991,2;991,6;991,2;2257,3;25,7;24,9;26,2;25,7;25,5;24,9;97;95;96;;;;
2026/05/15;0500 UTC;0;990,1;991,2;990,1;2572,7;25,6;24,9;25,7;25,6;25,1;24,9;97;96;96;;;;
2026/05/15;0600 UTC;0;989,6;990,1;989,6;2413,2;25,4;24,9;25,6;25,3;25;24,7;98;95;97;;;;
2026/05/15;0700 UTC;0;989,9;990;989,6;2501,6;24,6;24,4;25,5;24,6;25,2;24,4;98;96;98;;;;
2026/05/15;0800 UTC;0;990,2;990,3;989,8;2373,1;24,6;24,5;24,8;24,6;24,6;24,3;99;98;99;;;;
2026/05/15;0900 UTC;0;990,6;990,6;990,1;2454,9;24,9;24,5;25;24,6;24,6;24,5;99;97;98;;;;
2026/05/15;1000 UTC;0;991,2;991,2;990,6;2056,8;25;24,4;25,1;24,8;24,7;24,4;98;96;96;;;;
2026/05/15;1100 UTC;0;991,7;991,7;991,2;414,2;25,3;23,1;25,3;25;24,4;22,9;96;87;87;;;;
2026/05/15;1200 UTC;0;992,2;992,2;991,7;;26,3;23,4;26,3;25,3;23,7;22,8;88;83;84;;;;
2026/05/15;1300 UTC;0;992,2;992,3;992,2;;26,7;24,2;26,9;26;24,3;22,9;88;82;86;;;;
2026/05/15;1400 UTC;0;992;992,4;992;;27,4;23,1;27,4;26,5;24,9;23,1;89;78;78;;;;
2026/05/15;1500 UTC;0;991,3;992;991,3;;29,2;23,5;29,2;27,4;24;22,9;79;71;72;;;;
2026/05/15;1600 UTC;0;990,2;991,3;990,2;;30,8;24,1;30,8;29;24,1;23;73;64;67;;;;
2026/05/15;1700 UTC;0;988,9;990,2;988,9;;29,7;23,7;30,8;29,7;24,3;23,3;72;65;70;;;;
2026/05/15;1800 UTC;0;988;988,9;988;;31,1;23,7;31,1;29,7;24,7;23,2;72;64;65;;;;
2026/05/15;1900 UTC;0;987,2;988;987,2;;31,8;23,2;32,8;31,1;24,6;22,9;65;59;60;;;;
2026/05/15;2000 UTC;0;986,9;987,2;986,9;;31,3;23,3;32,4;31,3;24;22,9;63;59;63;;;;
2026/05/15;2100 UTC;0;987,2;987,2;986,9;;29,9;23,7;31,6;29,9;23,8;23,1;69;62;69;;;;
2026/05/15;2200 UTC;0;988;988;987,2;;26,3;23,2;29,9;26,3;25;23,2;87;69;83;;;;
2026/05/15;2300 UTC;0;988,3;988,3;988;34,1;26,1;25;26,3;25,7;25;23,3;94;83;94;;;;
2026/05/16;0000 UTC;0;988,9;988,9;988,3;693,8;26,2;25;26,2;26;25,2;24,9;95;93;93;;;;
2026/05/16;0100 UTC;0;989,5;989,6;988,9;974,3;25,8;24,8;26,3;25,8;25,1;24,8;95;92;94;;;;
2026/05/16;0200 UTC;0;990,2;990,2;989,5;1789,7;25;24,2;25,9;24,9;25,1;24,1;96;93;95;;;;
2026/05/16;0300 UTC;0;989,9;990,2;989,9;2333,7;25;24,6;25,2;24,8;24,7;24,1;98;95;97;;;;
2026/05/16;0400 UTC;0;989,4;989,9;989,4;2310,8;24,9;24,1;25,1;24,9;24,7;24,1;98;96;96;;;;
2026/05/16;0500 UTC;0;989;989,4;989;2291,5;24,5;24;24,9;24,5;24,1;23,9;97;95;97;;;;
2026/05/16;0600 UTC;0;988,7;989;988,6;2785;24,3;24;24,6;24,3;24,1;23,7;98;96;98;;;;
2026/05/16;0700 UTC;0;988,6;988,7;988,6;2955,4;24,3;24;24,5;24,2;24,3;23,8;99;98;98;;;;
2026/05/16;0800 UTC;0;988,9;988,9;988,6;2330,6;23,8;23,6;24,3;23,7;24,1;23,5;99;98;99;;;;
2026/05/16;0900 UTC;0;989,3;989,3;988,9;1704,8;23,8;23,7;23,9;23,7;23,8;23,5;99;99;99;;;;
2026/05/16;1000 UTC;0;989,9;989,9;989,3;713;23,7;23,6;24;23,4;23,8;23,2;99;99;99;;;;
2026/05/16;1100 UTC;0;990,7;990,7;989,9;;26,9;24,4;26,9;23,7;24,7;23,5;99;85;86;;;;
2026/05/16;1200 UTC;0;991,3;991,3;990,7;;28,6;24,5;28,6;26,9;24,9;23,7;86;78;79;;;;
2026/05/16;1300 UTC;0;991,4;991,5;991,3;;29,9;24,8;29,9;28,6;25,1;23,5;81;73;74;;;;
2026/05/16;1400 UTC;0;991;991,4;991;;30,5;24,1;30,8;29,1;25,1;23,5;76;67;69;;;;
2026/05/16;1500 UTC;0;990,3;991;990,3;;30,8;23,7;31,7;30,3;24,9;23,3;71;64;66;;;;
2026/05/16;1600 UTC;0;989,1;990,3;989,1;;33,3;23,4;33,3;30,8;24,6;23,1;67;56;56;;;;
2026/05/16;1700 UTC;0;987,9;989,1;987,9;;33,5;22,9;33,5;32,1;24,2;21,9;61;52;54;;;;
2026/05/16;1800 UTC;0;986,9;987,9;986,9;;33,8;22,1;34;32,9;23,3;21,7;57;50;50;;;;
2026/05/16;1900 UTC;0;986,2;986,9;986,2;;32,9;21,6;34,2;32,7;22,6;20,3;52;46;52;;;;
2026/05/16;2000 UTC;0;986,5;986,5;986,2;;32,5;22,3;33,7;32,5;22,6;21,6;55;51;55;;;;
2026/05/16;2100 UTC;0;986,7;986,7;986,4;;30,7;23,4;32,5;30,7;23,7;22,2;65;55;65;;;;
2026/05/16;2200 UTC;0;987;987;986,6;;29,2;23,9;30,7;29,2;24,1;23,2;74;65;73;;;;
2026/05/16;2300 UTC;0;988;988;987;;27,9;24,4;29,2;27,9;24,7;23,6;82;73;82;;;;
2026/05/17;0000 UTC;0;988,2;988,3;988;;27,3;24,2;27,9;27,3;25,3;24,1;87;82;83;;;;
2026/05/17;0100 UTC;0;989,3;989,3;988,2;;26,4;24,5;27,4;26,4;24,8;23,9;90;82;89;;;;
2026/05/17;0200 UTC;0;989,6;989,7;989,3;48,6;26,1;23,9;26,4;26,1;24,6;23,7;90;86;88;;;;
2026/05/17;0300 UTC;0;989,7;989,7;989,6;258,8;25,6;24,2;26,2;25,6;24,3;23,8;92;88;92;;;;
2026/05/17;0400 UTC;0;989,3;989,7;989,3;460,2;25,8;23,8;25,9;25,5;24,1;23,4;92;86;89;;;;
2026/05/17;0500 UTC;0;988,5;989,3;988,5;87,8;25,3;24;25,8;25,3;24,1;23,7;92;89;92;;;;
2026/05/17;0600 UTC;0;988;988,5;988;;25,2;23,7;25,4;25;24,2;23,7;94;91;92;;;;
2026/05/17;0700 UTC;0;987,7;988;987,6;;24,9;23,6;25,2;24,7;23,9;23,6;94;91;93;;;;
2026/05/17;0800 UTC;0;988;988;987,7;;24,8;23,6;25;24,5;23,7;23,4;94;92;93;;;;
2026/05/17;0900 UTC;0;988,5;988,5;988;;24,6;23,4;24,9;24,6;23,6;23,2;94;91;93;;;;
2026/05/17;1000 UTC;0;989;989;988,5;;24,6;23,4;24,6;24,2;23,6;23,2;96;93;93;;;;
2026/05/17;1100 UTC;0;989,6;989,6;989;;27,1;23,6;27,1;24,6;24;23,2;93;81;81;;;;
2026/05/17;1200 UTC;0;989,9;989,9;989,6;;28,5;23,6;28,7;27;24,2;23;82;75;75;;;;
2026/05/17;1300 UTC;0;989,8;990;989,8;;30,4;24;30,4;28,4;24,5;23,4;77;69;69;;;;
2026/05/17;1400 UTC;0;989,7;989,9;989,7;;31,2;23,9;31,3;29,9;24,2;22,9;71;63;65;;;;
2026/05/17;1500 UTC;0;988,8;989,7;988,8;;32,4;23,8;32,5;31,2;24;22,9;66;58;61;;;;
2026/05/17;1600 UTC;0;987,8;988,8;987,8;;33,4;21,4;34,1;32,4;23,9;21,3;62;48;49;;;;
2026/05/17;1700 UTC;0;987,1;987,8;987,1;;33,6;21,3;34,3;32,9;22,7;20,4;54;46;49;;;;
2026/05/17;1800 UTC;0;986,3;987,1;986,3;;33,9;21,1;34,5;33,6;21,8;20,6;49;45;47;;;;
2026/05/17;1900 UTC;0;986,1;986,3;986,1;;33,8;20,9;34,6;33,8;21,8;20,4;49;45;47;;;;
2026/05/17;2000 UTC;0;986;986,1;985,9;;33,1;21,6;34,1;33,1;21,6;20,3;51;45;51;;;;
2026/05/17;2100 UTC;0;986,1;986,2;986;;31,9;21,6;33,3;31,9;22;21,3;56;50;55;;;;
2026/05/17;2200 UTC;0;986,5;986,5;986,1;;30,7;22,6;32;30,7;22,7;21,5;62;54;62;;;;
2026/05/17;2300 UTC;0;987,2;987,2;986,5;;28,2;24;30,7;28,2;24,1;22,9;78;62;78;;;;
2026/05/18;0000 UTC;0;988;988;987,2;;27,5;23,1;28,2;27,5;24,4;22,9;83;75;77;;;;
2026/05/18;0100 UTC;0;988,7;988,7;988;;26,7;23,5;27,5;26,7;23,5;22,9;82;77;82;;;;
2026/05/18;0200 UTC;0;989,3;989,3;988,7;;26,5;23,5;27;26,4;23,6;23,2;84;81;83;;;;
2026/05/18;0300 UTC;0;989,4;989,5;989,3;;26,1;23,7;26,6;26,1;23,7;23,4;86;84;86;;;;
2026/05/18;0400 UTC;0;989,4;989,4;989,3;;25,7;23,5;26,2;25,7;23,7;23,4;88;85;87;;;;
2026/05/18;0500 UTC;0;989,1;989,4;989,1;;25,4;23,5;25,7;25,4;24,2;23,3;92;87;89;;;;
2026/05/18;0600 UTC;0;988,9;989,1;988,8;;25,2;23,4;25,5;25,1;23,7;23,4;91;89;90;;;;
2026/05/18;0700 UTC;0;988,8;988,9;988,8;;25;23,6;25,2;24,7;23,7;23,1;92;89;92;;;;
2026/05/18;0800 UTC;0;989,1;989,2;988,8;90,4;24;23,2;25,1;24;23,8;23,2;96;92;95;;;;
2026/05/18;0900 UTC;0;989,6;989,6;989,1;365,6;24,2;23,3;24,2;23,7;23,5;23,1;97;95;95;;;;
2026/05/18;1000 UTC;0;990,2;990,2;989,6;435;24,7;23,6;24,7;24;23,7;23,1;96;93;93;;;;
2026/05/18;1100 UTC;0;990,9;990,9;990,2;;28,2;23,4;28,2;24,7;24;22,7;93;74;75;;;;
2026/05/18;1200 UTC;0;991,4;991,4;990,9;;29,4;22,7;29,5;28,2;23,7;22,1;77;67;68;;;;
2026/05/18;1300 UTC;0;991,5;991,5;991,4;;30,7;24;30,8;29,3;24;23;69;65;68;;;;
2026/05/18;1400 UTC;0;991,4;991,5;991,4;;31,3;23,2;31,9;30,4;24,1;22,9;68;60;62;;;;
2026/05/18;1500 UTC;0;990,8;991,4;990,8;;31,5;23,4;33;30,9;24;22,9;65;58;62;;;;
2026/05/18;1600 UTC;0;989,7;990,8;989,7;;33,2;22,4;33,4;31,5;23,8;22,3;63;53;53;;;;
2026/05/18;1700 UTC;0;988,7;989,7;988,7;;33,9;21,8;34,8;33;23,2;21,2;55;47;50;;;;
2026/05/18;1800 UTC;0;987,8;988,8;987,8;;34,2;21,5;34,8;33,5;22,2;21,1;50;46;48;;;;
2026/05/18;1900 UTC;0;987,2;987,8;987,2;;33,8;22,5;34,8;33,5;22,5;21;52;47;52;;;;
2026/05/18;2000 UTC;0;986,8;987,2;986,8;;33,7;20,9;34,1;33,4;22,1;20,6;52;46;47;;;;
2026/05/18;2100 UTC;0;986,8;986,9;986,8;;31,8;22,6;33,7;31,8;22,6;20,9;59;47;59;;;;
2026/05/18;2200 UTC;0;987,2;987,2;986,8;;29,7;23,2;31,8;29,2;23,6;22,4;70;58;68;;;;
2026/05/18;2300 UTC;0;987,8;987,8;987,2;;28;23,4;29,7;28;23,8;23,2;76;68;76;;;;
2026/05/19;0000 UTC;0;988,6;988,6;987,8;;27,5;22,7;28;27,3;23,5;22,6;78;74;75;;;;
2026/05/19;0100 UTC;0;989,7;989,7;988,6;;26,7;22,9;27,5;26,7;22,9;22,7;79;75;79;;;;
2026/05/19;0200 UTC;0;990;990,1;989,7;;26,2;22,7;26,7;26,1;23;22,7;83;79;81;;;;
2026/05/19;0300 UTC;0;990,1;990,1;989,9;;24,9;23,3;26,2;24,9;23,5;22,5;91;80;91;;;;
2026/05/19;0400 UTC;0;989,9;990,1;989,9;305,1;24,7;23,2;24,9;24,6;23,6;23,2;94;91;92;;;;
2026/05/19;0500 UTC;0;989,3;989,9;989,3;286;24,9;22,9;25,4;24,7;23,3;22,9;92;86;89;;;;
2026/05/19;0600 UTC;0;989;989,4;989;;24,5;22,1;24,9;24,5;22,9;22,1;89;86;86;;;;
2026/05/19;0700 UTC;0;988,9;989,1;988,9;;24,1;21,7;24,5;24,1;22,1;21,7;87;85;86;;;;
2026/05/19;0800 UTC;0;989,2;989,2;988,9;520,8;23,3;22,6;24,1;23,3;22,7;21,7;96;86;96;;;;
2026/05/19;0900 UTC;0;989,6;989,6;989,2;1571,3;23,1;22,5;23,5;23,1;22,9;22,5;97;95;96;;;;
2026/05/19;1000 UTC;0;990;990;989,6;1900,9;23,7;22,2;23,7;22,9;22,7;22,2;97;92;92;;;;
2026/05/19;1100 UTC;0;990,6;990,6;990;,8;27,9;22;27,9;23,7;22,5;21,5;92;70;70;;;;
2026/05/19;1200 UTC;0;991,3;991,3;990,6;;29,3;22,6;29,5;27,4;23,1;21,8;76;64;67;;;;
2026/05/19;1300 UTC;0;991,3;991,5;991,3;;30,3;23,6;30,7;29,3;24,2;22;70;63;67;;;;
2026/05/19;1400 UTC;0;990,9;991,3;990,9;;32,1;22,9;32,1;30,3;24;22,6;68;58;59;;;;
2026/05/19;1500 UTC;0;989,9;990,9;989,9;;33,3;22,2;33,4;31,9;23,7;22,1;60;52;52;;;;
2026/05/19;1600 UTC;0;989;989,9;989;;33,8;21,1;34,2;32,4;23;20,9;55;46;48;;;;
2026/05/19;1700 UTC;0;988,2;989;988,2;;33,5;20,7;34,8;33,4;22,4;20,6;51;45;47;;;;
2026/05/19;1800 UTC;0;987,5;988,2;987,5;;34,9;20,8;34,9;33,4;21,9;20,5;49;43;44;;;;
2026/05/19;1900 UTC;0;987,1;987,5;987;;34,1;20,3;35;34;21,1;19,7;46;42;44;;;;
2026/05/19;2000 UTC;0;987,1;987,1;986,9;;33,4;19,9;34,8;33,4;21;19,5;46;42;45;;;;
2026/05/19;2100 UTC;0;987,2;987,2;987;;31,7;21,8;33,5;31,7;21,9;19,8;56;45;56;;;;
2026/05/19;2200 UTC;0;987,7;987,7;987,2;;29,2;20,9;31,7;29,1;22,5;20,9;64;56;61;;;;
2026/05/19;2300 UTC;0;988,5;988,5;987,7;;28,5;22,5;29,8;28,5;22,5;20,8;70;59;70;;;;
2026/05/20;0000 UTC;0;989;989;988,5;;27,7;22,1;28,6;27,7;22,6;22;74;68;71;;;;
2026/05/20;0100 UTC;0;989,4;989,4;989;;26,9;22,2;27,8;26,9;22,5;21,9;76;71;76;;;;
2026/05/20;0200 UTC;0;989,7;989,7;989,4;;26,1;22,3;26,9;26,1;22,6;22,1;80;76;80;;;;
2026/05/20;0300 UTC;0;989,7;989,8;989,7;;25,7;22;26,1;25,5;22,7;21,9;83;79;80;;;;
2026/05/20;0400 UTC;0;989,3;989,7;989,3;;25,5;21,8;25,7;25;22,5;21,8;86;80;80;;;;
2026/05/20;0500 UTC;0;988,8;989,3;988,8;;24,7;22,1;25,5;24,7;22,3;21,7;86;80;85;;;;
2026/05/20;0600 UTC;0;988,1;988,8;988,1;;24,8;22,4;24,9;24,6;22,4;21,9;88;84;87;;;;
2026/05/20;0700 UTC;0;988,1;988,1;988;;24,4;21,7;24,8;23,8;22,3;21,7;89;84;85;;;;
2026/05/20;0800 UTC;0;988,4;988,4;988;;23,3;21,8;24,4;23,2;21,9;21,3;92;84;91;;;;
2026/05/20;0900 UTC;0;988,9;988,9;988,4;103,2;23,8;22;23,9;23,3;22,4;21,8;92;89;89;;;;
2026/05/20;1000 UTC;0;989,5;989,5;988,9;306,6;24;22;24;23,6;22,6;22;94;89;89;;;;
2026/05/20;1100 UTC;0;990,3;990,3;989,5;;27,2;21,6;27,2;24;22,4;21;89;70;72;;;;
2026/05/20;1200 UTC;0;991;991;990,3;;29,7;22,6;29,8;27,1;22,7;20,9;73;63;66;;;;
2026/05/20;1300 UTC;0;991,1;991,2;991;;31,4;20,7;31,8;29,7;22,5;20,6;66;53;53;;;;
2026/05/20;1400 UTC;0;990,7;991,2;990,7;;32,4;20,9;32,7;31,2;21,5;20,4;55;49;51;;;;
2026/05/20;1500 UTC;0;990;990,7;990;;33,6;21,5;33,9;32,2;22;20,3;53;46;49;;;;
2026/05/20;1600 UTC;0;988,9;990;988,9;;33,7;20,1;34,5;32,9;21,8;19,9;50;44;45;;;;
2026/05/20;1700 UTC;0;988,1;988,9;988,1;;34,3;19,4;34,7;33,3;21,4;19,1;48;41;42;;;;
2026/05/20;1800 UTC;0;987,1;988,1;987,1;;34,9;19;35,6;34,3;19,8;18,2;42;37;39;;;;
2026/05/20;1900 UTC;0;986,8;987,1;986,8;;33,8;19,5;35,1;33,8;20,1;18,7;44;38;43;;;;
2026/05/20;2000 UTC;0;986,9;986,9;986,7;;33,9;19,9;34,8;33,7;20,1;19,1;45;40;44;;;;
2026/05/20;2100 UTC;0;987,2;987,2;986,9;;32,2;20,4;34,1;32,2;20,8;19,5;50;43;50;;;;
2026/05/20;2200 UTC;0;987,6;987,6;987,2;;30,7;20,7;32,2;30,7;21;20,3;56;50;55;;;;
2026/05/20;2300 UTC;0;988,5;988,5;987,6;;29,1;21,4;30,7;29,1;22;20,5;65;55;63;;;;
2026/05/21;0000 UTC;0;989,1;989,1;988,5;;28,5;21,3;29,2;28,5;21,5;21;66;62;65;;;;
2026/05/21;0100 UTC;0;989,9;989,9;989,1;;27,2;21,9;28,9;27,2;22,2;20,9;73;63;73;;;;
2026/05/21;0200 UTC;0;990,1;990,1;989,9;;26,2;22,2;27,2;26,2;22,3;21,8;79;73;79;;;;
2026/05/21;0300 UTC;0;989,9;990,2;989,9;;25,6;21,5;26,5;25,6;22,3;21,2;79;76;78;;;;
2026/05/21;0400 UTC;0;989,5;990;989,5;;25,3;21,6;25,6;25,1;21,9;21,1;82;77;80;;;;
2026/05/21;0500 UTC;0;988,9;989,5;988,9;;24,7;20,9;25,3;24,4;21,7;20,9;84;79;79;;;;
2026/05/21;0600 UTC;0;988,6;988,9;988,5;;25;20,7;25,1;24,6;21;20,4;80;75;77;;;;
2026/05/21;0700 UTC;0;988,4;988,6;988,4;;24,5;20,6;25,2;24,5;21,2;20,5;81;76;79;;;;
2026/05/21;0800 UTC;0;988,8;988,8;988,4;;23,7;21,7;24,5;23,7;21,7;20,5;89;79;89;;;;
2026/05/21;0900 UTC;0;989,2;989,2;988,8;152,4;23,2;21,8;23,7;23;22,3;21,6;95;89;91;;;;
2026/05/21;1000 UTC;0;989,9;989,9;989,2;95,6;23,6;21,6;23,6;23,1;21,8;21,5;92;89;89;;;;
2026/05/21;1100 UTC;0;990,1;990,1;989,9;;27,1;21,6;27,1;23,6;21,9;21,2;89;72;72;;;;
2026/05/21;1200 UTC;0;990,4;990,4;990,2;;29,6;20,9;29,6;27;22,2;20,8;73;59;60;;;;
2026/05/21;1300 UTC;0;990,4;990,4;990,3;;31,9;20,9;32;29,6;21,7;20,2;61;51;52;;;;
2026/05/21;1400 UTC;0;990,4;990,6;990,4;;32,7;21,3;33;31,7;21,6;20,5;53;50;51;;;;
2026/05/21;1500 UTC;0;989,7;990,4;989,7;;33;21,6;33,6;32,2;21,9;20,6;52;48;51;;;;
2026/05/21;1600 UTC;0;988,5;989,7;988,5;;32,5;20,7;34,5;32,5;22,3;20,2;52;46;50;;;;
2026/05/21;1700 UTC;0;987,9;988,5;987,8;;33,5;20,8;34,3;32,5;21,4;20;51;44;48;;;;
2026/05/21;1800 UTC;0;987,1;987,8;987,1;;34,3;19,3;34,6;33;21,4;18,9;49;40;41;;;;
2026/05/21;1900 UTC;0;986,9;987,1;986,9;;34,7;18,7;35,4;34;20,1;18,1;44;37;39;;;;
2026/05/21;2000 UTC;0;987,2;987,2;986,7;;32,6;20,3;35,1;32,6;20,5;18,7;49;38;49;;;;
2026/05/21;2100 UTC;0;987,5;987,5;987,1;;30,6;21,4;32,6;30,6;21,5;20,4;58;49;58;;;;
2026/05/21;2200 UTC;0;988,1;988,1;987,5;;28,9;21,9;30,6;28,9;21,9;20,8;66;57;66;;;;
2026/05/21;2300 UTC;0;988,8;988,8;988,1;;27,8;22,2;28,9;27,8;22,5;21,7;72;65;72;;;;
2026/05/22;0000 UTC;0;989,7;989,7;988,8;;27;21,7;27,8;26,9;22,1;21,4;73;71;72;;;;
2026/05/22;0100 UTC;0;990,1;990,1;989,7;;26,5;21,4;27,1;26,4;21,6;21,3;74;71;74;;;;
2026/05/22;0200 UTC;0;990,4;990,4;990,1;;26,1;21,2;26,5;25,8;21,8;21,2;78;74;75;;;;
2026/05/22;0300 UTC;0;990,2;990,5;990,2;;26;21;26,1;25,7;21,4;20,8;77;73;74;;;;
2026/05/22;0400 UTC;0;989,9;990,2;989,9;;25,7;20,6;26,1;25,4;21,1;20,2;76;70;73;;;;
2026/05/22;0500 UTC;0;989,5;989,9;989,5;;24,4;20,8;25,7;24,4;21,5;20,7;83;73;80;;;;
2026/05/22;0600 UTC;0;989,1;989,5;989,1;;24,4;22,1;25,3;24,1;22,1;20,2;87;76;87;;;;
2026/05/22;0700 UTC;0;988,9;989,1;988,8;;24,3;21,1;24,4;24;22,3;21,1;89;82;82;;;;
2026/05/22;0800 UTC;0;988,9;989;988,8;;24,4;21;24,5;24;21,3;20,9;85;81;81;;;;
2026/05/22;0900 UTC;0;989,9;989,9;988,9;;23,5;20,8;24,4;23,5;21;20,6;85;81;85;;;;
2026/05/22;1000 UTC;0;990,3;990,3;989,9;;23,6;21,4;23,6;23,2;21,6;20,7;90;84;87;;;;
2026/05/22;1100 UTC;0;990,9;990,9;990,3;;26,7;21,6;26,7;23,6;21,9;21,2;90;73;73;;;;
2026/05/22;1200 UTC;0;991,2;991,3;990,9;;28,6;21,5;28,6;26,7;22,5;21,3;76;65;66;;;;
2026/05/22;1300 UTC;0;991;991,2;991;;30,6;21,2;30,6;28,6;22;20;67;57;57;;;;
2026/05/22;1400 UTC;0;990,7;991,1;990,7;;31,4;22,1;31,5;29,9;22,2;20,6;61;56;58;;;;
2026/05/22;1500 UTC;0;989,9;990,7;989,9;;32,2;21,4;32,8;31,3;22,2;20,9;58;50;53;;;;
2026/05/22;1600 UTC;0;989;989,9;989;;34,3;21,6;34,3;32,2;22,2;20,6;53;47;48;;;;
2026/05/22;1700 UTC;0;988,2;989;988,2;;34,3;20,1;34,6;32,8;21,5;19,8;49;44;44;;;;
2026/05/22;1800 UTC;0;987,8;988,2;987,7;;34,5;19,4;35,1;33,8;20,5;18,8;45;40;41;;;;
2026/05/22;1900 UTC;0;987,7;987,8;987,6;;35,1;19,5;35,2;33,7;20;18,6;43;38;40;;;;
2026/05/22;2000 UTC;0;988,1;988,1;987,7;;33,8;19;35,3;33;19,8;18,8;45;39;42;;;;
2026/05/22;2100 UTC;0;988,4;988,4;988,1;;31,4;;33,8;31,4;20,4;19;52;42;;;;;
2026/05/22;2200 UTC;0;989,1;989,2;988,4;;29,6;20,8;31,4;29,5;21,2;20,5;60;52;59;;;;
2026/05/22;2300 UTC;0;989,5;989,5;989,1;;28,4;21,1;29,6;28,4;21,1;20,8;65;59;65;;;;
2026/05/23;0000 UTC;0;990;990;989,5;;27,7;21,4;28,4;27,6;21,6;21,2;70;65;69;;;;
2026/05/23;0100 UTC;0;990,2;990,2;989,9;;27,6;20,5;27,8;27,5;21,5;20,5;70;65;65;;;;
2026/05/23;0200 UTC;0;990,4;990,4;990,2;;26,9;20,3;27,8;26,8;20,7;20,2;68;63;67;;;;
2026/05/23;0300 UTC;0;990,5;990,5;990,3;;26,7;20;26,9;26,2;20,7;19,9;71;67;67;;;;
2026/05/23;0400 UTC;0;990;990,5;990;;26;20,1;26,7;25,5;20,3;19,7;73;66;70;;;;
2026/05/23;0500 UTC;0;989,9;990,2;989,9;;24,4;21,2;26;24,4;21,6;19,9;84;69;82;;;;
2026/05/23;0600 UTC;0;989,8;989,9;989,6;;23,8;21,7;24,4;23,6;21,8;21,1;89;82;88;;;;
2026/05/23;0700 UTC;0;989,7;989,8;989,7;;24,1;20,8;24,3;23,8;21,8;20,7;89;81;82;;;;
2026/05/23;0800 UTC;0;990;990;989,7;;23,2;21,6;24,1;23,1;21,7;20,7;90;82;90;;;;
2026/05/23;0900 UTC;0;990,8;990,8;990;525;22,2;21,3;23,2;22,2;21,6;21,2;95;90;95;;;;
2026/05/23;1000 UTC;0;991,4;991,4;990,8;2062,5;22,9;21,3;22,9;22;21,5;21,2;96;90;90;;;;
2026/05/23;1100 UTC;0;991,7;991,8;991,4;;26,3;20,9;26,3;23;21,3;20,6;90;72;72;;;;
2026/05/23;1200 UTC;0;991,6;991,8;991,6;;29,2;20,1;29,3;26,3;21,1;19,6;73;58;58;;;;
2026/05/23;1300 UTC;0;991,7;991,9;991,6;;30;19,5;30,2;29,2;20,4;19,2;58;53;53;;;;
2026/05/23;1400 UTC;0;991,1;991,7;991,1;;31,5;18,8;31,6;30;20;18,7;54;47;47;;;;
2026/05/23;1500 UTC;0;990,6;991,1;990,6;;32,5;20,2;32,7;31,3;20,3;18,8;49;47;48;;;;
2026/05/23;1600 UTC;0;989,5;990,6;989,5;;33,4;19,4;33,5;32,1;20,5;18,9;49;43;44;;;;
2026/05/23;1700 UTC;0;988,6;989,5;988,6;;34,1;19,5;34,3;33,3;19,8;18,9;44;41;42;;;;
2026/05/23;1800 UTC;0;988,2;988,7;988,2;;33,2;18,1;35;32,7;19,7;17,8;44;38;41;;;;
2026/05/23;1900 UTC;,6;987,9;988,3;987,9;;33,8;18;34,8;33,2;18,9;17,2;41;37;39;;;;
2026/05/23;2000 UTC;0;988,3;988,3;987,9;;33;18,3;34;32,9;18,7;17,8;42;39;42;;;;
2026/05/23;2100 UTC;0;988,8;988,8;988,3;;30,8;19,2;33;30,8;19,2;18,2;50;42;50;;;;
2026/05/23;2200 UTC;0;989,2;989,2;988,7;;28,7;19,5;30,8;28,7;19,8;19;57;50;57;;;;
2026/05/23;2300 UTC;0;989,6;989,6;989,2;;27,5;19,7;28,7;27,5;19,7;19;62;57;62;;;;
2026/05/24;0000 UTC;0;990,3;990,3;989,6;;26,9;19,3;27,5;26,8;19,8;19,3;65;62;63;;;;
2026/05/24;0100 UTC;0;990,8;990,8;990,3;;26;19,7;26,9;25,9;20;19,4;70;63;68;;;;
2026/05/24;0200 UTC;0;990,7;990,9;990,7;;26,1;18,7;26,4;25,9;19,9;18,7;69;63;64;;;;
2026/05/24;0300 UTC;0;990,6;990,7;990,6;;25,2;18,7;26,4;25,2;19;18,5;68;62;67;;;;
2026/05/24;0400 UTC;0;990,3;990,6;990,3;;23,7;19,9;25,2;23,5;19,9;18,8;79;67;79;;;;
2026/05/24;0500 UTC;0;989,7;990,3;989,7;;24,1;19,2;24,4;23,4;19,9;19;80;72;74;;;;
2026/05/24;0600 UTC;0;989,4;989,7;989,4;;23,6;19;24,1;23,4;19,4;18,9;78;73;75;;;;
2026/05/24;0700 UTC;0;989,2;989,4;989,2;;23,6;18,7;23,6;22,9;19,4;18,7;80;74;74;;;;
2026/05/24;0800 UTC;0;989,7;989,7;989,2;;23,5;18,1;23,8;23,2;18,7;17,9;75;69;72;;;;
2026/05/24;0900 UTC;0;990,2;990,2;989,7;;21,8;19,4;23,5;21,8;19,4;18,1;86;72;86;;;;
2026/05/24;1000 UTC;0;990,7;990,7;990,2;;22;19,4;22;21;19,9;19,3;93;85;85;;;;
2026/05/24;1100 UTC;0;991,1;991,1;990,7;;26,6;18,4;26,6;22;19,5;17,6;85;58;61;;;;
2026/05/24;1200 UTC;0;991,6;991,6;991,1;;28,2;19,2;28,3;26,6;19,4;17,2;61;54;58;;;;
2026/05/24;1300 UTC;0;991,6;991,7;991,6;;29,5;18,5;30;28,1;19,7;18,1;59;51;51;;;;
2026/05/24;1400 UTC;0;991;991,6;991;;31,2;18,2;31,2;29,3;19,2;17,9;54;45;46;;;;
2026/05/24;1500 UTC;0;990,3;991;990,3;;32,7;18,6;32,7;31,2;18,9;17,5;46;42;43;;;;
2026/05/24;1600 UTC;0;989,5;990,3;989,5;;32,6;17,8;33,2;32,2;18,7;17,8;44;41;41;;;;
2026/05/24;1700 UTC;0;988,8;989,5;988,8;;33,5;17,6;34,5;32,6;18,8;17,5;43;39;39;;;;
2026/05/24;1800 UTC;0;988,2;988,8;988,2;;33,4;17,9;34,3;33,1;18,4;17,1;41;38;40;;;;
2026/05/24;1900 UTC;0;988;988,2;987,9;;33,4;18,4;34,2;33,1;18,6;17;41;37;41;;;;
2026/05/24;2000 UTC;0;988;988;987,9;;33,1;17,8;34,1;32,9;18,8;17,2;42;37;40;;;;
2026/05/24;2100 UTC;0;988,4;988,4;987,9;;31,3;19,2;33;31,3;19,4;17,9;49;40;49;;;;
2026/05/24;2200 UTC;0;988,9;988,9;988,4;;28,9;19,7;31,3;28,9;19,8;19,2;58;49;58;;;;
2026/05/24;2300 UTC;0;989,6;989,6;988,9;;27,2;21,2;28,9;27,2;21,2;19,5;70;58;70;;;;
2026/05/25;0000 UTC;0;990,2;990,2;989,6;;26,3;20,5;27,2;26,2;21,4;20,3;74;69;71;;;;
2026/05/25;0100 UTC;0;990,6;990,6;990,2;;25,9;19,8;26,5;25,9;20,5;19,5;71;65;69;;;;
2026/05/25;0200 UTC;0;990,5;990,7;990,5;;25,1;19,9;26;25,1;20;19,7;73;68;73;;;;
2026/05/25;0300 UTC;0;990,1;990,5;990,1;;24,7;19,4;25,3;24,7;19,9;19,3;74;70;72;;;;
2026/05/25;0400 UTC;0;989,9;990,1;989,9;;23,6;20;24,8;23,6;20;19,3;80;72;80;;;;
2026/05/25;0500 UTC;0;989,3;989,9;989,3;;23;20,2;23,8;22,8;20,2;19,7;85;79;84;;;;
2026/05/25;0600 UTC;0;988,9;989,3;988,9;;23,1;19,8;23,3;22,9;20,2;19,7;84;80;82;;;;
2026/05/25;0700 UTC;0;988,7;988,9;988,7;;22,3;19,5;23,1;22,3;19,9;19,5;85;81;84;;;;
2026/05/25;0800 UTC;0;989,1;989,1;988,7;;21,8;20,4;22,6;21,7;20,6;19,5;92;84;92;;;;
2026/05/25;0900 UTC;0;989,9;989,9;989,1;895,1;21;20,4;21,8;21;20,5;20,4;96;92;96;;;;
2026/05/25;1000 UTC;0;990,3;990,3;989,9;1963,8;22,4;20,1;22,4;20,8;20,7;20,1;97;87;87;;;;
2026/05/25;1100 UTC;0;991,1;991,1;990,3;;25,3;21;26,9;22,4;21;19,1;87;64;77;;;;
2026/05/25;1200 UTC;0;991,3;991,4;991,1;;28,7;20;28,8;25,3;21,1;19;77;58;59;;;;
2026/05/25;1300 UTC;0;991,3;991,4;991,2;;30,3;20,2;30,3;28,7;20,4;18,8;59;53;55;;;;
2026/05/25;1400 UTC;0;991;991,3;991;;31,8;19,5;31,8;30,3;20,3;19,1;55;47;48;;;;
2026/05/25;1500 UTC;0;990,4;991;990,4;;32,8;18,9;33;31,5;20;18,9;49;44;44;;;;
2026/05/25;1600 UTC;0;989,7;990,4;989,7;;33,7;18,5;33,9;32,5;19,3;17,9;45;39;41;;;;
2026/05/25;1700 UTC;0;988,9;989,7;988,9;;34,1;18;34,4;33,4;18,9;17,3;42;36;38;;;;
2026/05/25;1800 UTC;0;988,2;988,9;988,2;;34,1;16,9;34,2;32,6;18,4;16,9;42;36;36;;;;
2026/05/25;1900 UTC;0;987,9;988,2;987,9;;33,9;15,3;34,6;33,7;17,4;15,2;37;32;33;;;;
2026/05/25;2000 UTC;0;988;988,1;987,9;;32,6;16,7;34,2;32,6;17,2;14,9;39;33;38;;;;
2026/05/25;2100 UTC;0;988,4;988,4;988;;31,2;17,9;32,8;31,2;17,9;16,6;45;38;45;;;;
2026/05/25;2200 UTC;0;989;989;988,4;;28,9;18,3;31,2;28,5;19;17,8;56;45;53;;;;
2026/05/25;2300 UTC;0;989,9;989,9;989;;27,3;19;28,9;27,3;19,2;18,3;61;53;61;;;;
2026/05/26;0000 UTC;0;990,6;990,6;989,9;;26,2;19,3;27,4;26,1;19,5;18,8;67;60;66;;;;
2026/05/26;0100 UTC;0;991,1;991,1;990,6;;25,4;19,5;26,2;25,4;19,6;19;70;65;70;;;;
2026/05/26;0200 UTC;0;991,4;991,4;991;;24,8;20,3;25,4;24,1;20,3;19,3;77;69;76;;;;
2026/05/26;0300 UTC;0;991,3;991,5;991,2;;23,9;20,1;25;23,5;20,4;20;82;74;79;;;;
2026/05/26;0400 UTC;0;991;991,4;991;;23,4;19,6;24,1;23,2;20,4;19,2;82;75;79;;;;
2026/05/26;0500 UTC;0;990,4;991;990,4;;23,2;18,7;23,7;23,1;19,6;18,4;80;73;76;;;;
2026/05/26;0600 UTC;0;990,1;990,4;990;;22,2;18,5;23,2;22,2;18,8;18,1;80;74;80;;;;
2026/05/26;0700 UTC;0;990,2;990,2;990;;22;18;22,5;21,8;18,7;17,9;82;77;78;;;;
2026/05/26;0800 UTC;0;990,3;990,3;990,1;;22,1;17,8;22,1;21,6;18,2;17,8;81;77;77;;;;
2026/05/26;0900 UTC;0;990,5;990,5;990,2;;20,9;17,9;22,1;20,8;18,2;17,7;85;76;83;;;;
2026/05/26;1000 UTC;0;990,8;990,8;990,5;;21,9;18,2;21,9;20,6;18,5;17,8;87;79;79;;;;
2026/05/26;1100 UTC;0;991,7;991,7;990,8;;26,2;18,3;26,2;21,9;19;18;79;62;62;;;;
2026/05/26;1200 UTC;0;992,3;992,3;991,7;;28,2;19,1;28,2;26,1;19,3;18,2;65;57;58;;;;
2026/05/26;1300 UTC;0;992,3;992,4;992,2;;29,9;19,4;29,9;28,2;20;18,8;60;53;53;;;;
2026/05/26;1400 UTC;0;991,9;992,3;991,9;;31,7;19,4;31,7;29,9;19,8;18,8;54;48;48;;;;
2026/05/26;1500 UTC;0;991,1;991,9;991,1;;32,8;19,4;33;31,4;20;18,9;49;45;45;;;;
2026/05/26;1600 UTC;0;989,9;991,1;989,9;;33,3;18,4;33,7;31,9;19,8;18;46;41;41;;;;
2026/05/26;1700 UTC;0;989;989,9;989;;32,7;18,5;34,3;32,4;18,6;17,1;44;38;43;;;;
2026/05/26;1800 UTC;0;988,3;989;988,3;;32,8;17;33,8;32,5;18,2;16,5;43;37;39;;;;
2026/05/26;1900 UTC;0;988,2;988,3;988,2;;33,3;16,8;34,3;32,4;17,8;16,1;39;35;37;;;;
2026/05/26;2000 UTC;0;988,3;988,4;988,2;;31,9;17,2;34;31,9;17,3;16,3;42;35;42;;;;
2026/05/26;2100 UTC;0;988,5;988,5;988,3;;30,5;18,3;32,1;30,5;18,3;17,2;48;41;48;;;;
2026/05/26;2200 UTC;0;989,1;989,1;988,5;;28,7;18;30,5;28,7;18,8;18;55;48;52;;;;
2026/05/26;2300 UTC;0;989,8;989,8;989,1;;26,7;19,6;28,8;26,5;19,8;18;67;52;65;;;;
2026/05/27;0000 UTC;0;990,3;990,3;989,8;;25,7;19,5;26,9;25,6;20;19,4;71;64;68;;;;
2026/05/27;0100 UTC;0;990,7;990,7;990,3;;24,9;19;25,7;24,9;19,6;19;71;68;70;;;;
2026/05/27;0200 UTC;0;990,9;990,9;990,7;;24,4;18,7;25,1;24,4;19,1;18,6;71;67;70;;;;
2026/05/27;0300 UTC;0;990,7;990,9;990,7;;23,3;19,4;24,5;23,3;19,5;18,6;79;70;79;;;;
2026/05/27;0400 UTC;0;990,3;990,7;990,3;;22,5;20,4;23,3;22,5;20,6;19,5;88;79;88;;;;
2026/05/27;0500 UTC;0;989,7;990,3;989,7;;21,6;20,1;23,1;21,6;20,6;19,5;91;81;91;;;;
2026/05/27;0600 UTC;0;989,2;989,7;989,2;;21,7;19,2;22,3;21,6;20,2;19,2;91;85;85;;;;
2026/05/27;0700 UTC;0;988,8;989,2;988,7;;22;18,4;22,1;21,5;19,2;18,4;86;80;80;;;;
2026/05/27;0800 UTC;0;988,9;988,9;988,6;;21,7;18,3;22,1;21,4;18,4;18,2;82;79;81;;;;
2026/05/27;0900 UTC;0;989,2;989,2;988,9;;20,4;18,6;21,7;20,4;18,6;18,2;90;81;89;;;;
2026/05/27;1000 UTC;0;989,4;989,4;989,2;68,1;21,2;19,1;21,2;20,3;19,1;18,5;92;88;88;;;;
2026/05/27;1100 UTC;0;990,3;990,4;989,4;;24,4;19,6;25,2;21,2;19,7;18,7;88;68;75;;;;
2026/05/27;1200 UTC;0;990,8;990,8;990,3;;27,6;18,8;27,6;24,4;20,3;18,5;75;59;59;;;;
2026/05/27;1300 UTC;0;990,6;990,8;990,5;;30,1;17,6;30,5;27,6;19,1;16,1;59;45;47;;;;
2026/05/27;1400 UTC;0;990,2;990,6;990,2;;32;17,8;32,3;29,9;18,7;17,3;48;43;43;;;;
2026/05/27;1500 UTC;0;989,5;990,2;989,5;;32,2;17,7;33,7;31,6;18,6;17,2;44;40;42;;;;
2026/05/27;1600 UTC;0;988,8;989,6;988,8;;33,5;17,5;33,7;32,3;18,4;17,4;43;39;39;;;;
2026/05/27;1700 UTC;0;987,8;988,8;987,8;;33,8;16,8;34,5;32,4;17,8;16,5;41;35;36;;;;
2026/05/27;1800 UTC;0;987;987,8;987;;33,5;16,8;34,2;33,1;17,7;16,1;39;35;37;;;;
2026/05/27;1900 UTC;0;986,7;987;986,6;;33,9;17,5;34,3;33,4;17,7;16,6;38;36;38;;;;
2026/05/27;2000 UTC;0;986,8;986,8;986,6;;33,2;17,2;34,1;33;17,6;16,9;39;37;39;;;;
2026/05/27;2100 UTC;0;987,2;987,2;986,7;;31,5;18,3;33,2;31,5;18,5;16,8;46;38;45;;;;
2026/05/27;2200 UTC;0;987,7;987,7;987,2;;29,5;18,4;31,5;29,5;19;18,3;51;45;51;;;;
2026/05/27;2300 UTC;0;988,4;988,4;987,7;;27,5;19,6;29,5;27,5;19,7;18,4;63;51;62;;;;
2026/05/28;0000 UTC;0;988,9;988,9;988,4;;26,4;20;27,5;26,4;20,1;19,3;68;61;68;;;;
2026/05/28;0100 UTC;0;989,6;989,6;988,9;;25,4;20,3;26,4;25,4;20,6;19,9;74;67;74;;;;
2026/05/28;0200 UTC;0;989,6;989,6;989,5;;25,2;21,5;25,4;25,1;21,6;20,3;81;74;80;;;;
2026/05/28;0300 UTC;0;989,3;989,6;989,3;;25,2;19,8;25,9;24,9;21,5;19,7;81;69;72;;;;
2026/05/28;0400 UTC;0;989,1;989,3;989,1;;24,2;20,8;25,2;24,2;21,3;19,9;81;72;81;;;;
2026/05/28;0500 UTC;0;988,4;989,2;988,4;;24;19,8;24,2;23,6;21,3;19,8;86;77;77;;;;
2026/05/28;0600 UTC;0;988;988,4;988;;24;19,7;24,2;23,7;20,5;19,7;81;77;77;;;;
2026/05/28;0700 UTC;0;988;988;987,9;;23,1;19,7;24,1;23;19,8;19,3;82;75;81;;;;
2026/05/28;0800 UTC;0;988,4;988,4;988;;22,4;20,5;23,3;22,4;20,5;19,8;89;81;89;;;;
2026/05/28;0900 UTC;0;988,9;988,9;988,4;1,3;22;20,5;22,4;22;20,6;20,3;91;89;91;;;;
2026/05/28;1000 UTC;0;989,6;989,6;988,9;16,7;22,1;20,4;22,1;21,7;20,5;20,3;92;90;91;;;;
2026/05/28;1100 UTC;0;990,2;990,2;989,6;;25,7;20,5;25,8;22,1;20,7;19,4;91;69;73;;;;
2026/05/28;1200 UTC;0;990,9;990,9;990,2;;28,4;19,2;28,5;25,7;20,6;19,2;73;58;58;;;;
2026/05/28;1300 UTC;0;990,7;991;990,7;;30,5;18,6;30,7;28,3;19,9;18,3;59;48;49;;;;
2026/05/28;1400 UTC;0;990;990,7;990;;32,2;18,6;32,6;30,5;19,4;18,4;50;44;44;;;;
2026/05/28;1500 UTC;0;989;990;989;;32,7;18,3;33,9;31,6;19,5;17,9;46;41;42;;;;
2026/05/28;1600 UTC;0;987,9;989;987,9;;33,4;18,7;33,8;32,6;19,4;18,4;44;41;42;;;;
2026/05/28;1700 UTC;0;987;987,9;987;;34,1;18,8;34,6;32,7;19,2;18,3;44;39;40;;;;
2026/05/28;1800 UTC;0;986,5;987;986,4;;34,3;18,7;35,2;33,7;19,5;18,1;42;38;40;;;;
2026/05/28;1900 UTC;0;986,4;986,5;986,3;;34,8;18,4;35,3;34,3;18,8;17,9;40;36;38;;;;
2026/05/28;2000 UTC;0;986,4;986,4;986,3;;33,5;18,1;34,8;33,4;18,7;17,9;41;37;40;;;;
2026/05/28;2100 UTC;0;986,8;986,8;986,4;;31,8;19,9;33,6;31,8;20,1;18,1;50;40;49;;;;
2026/05/28;2200 UTC;0;987,2;987,2;986,8;;30,1;20,1;31,8;30;20,9;19,9;59;49;55;;;;
2026/05/28;2300 UTC;0;988;988;987,2;;28,5;20,6;30,2;28,5;20,8;19,8;63;55;62;;;;
2026/05/29;0000 UTC;0;988,8;988,8;988;;27,9;20,6;28,5;27,9;20,7;20,3;65;62;65;;;;
2026/05/29;0100 UTC;0;989,8;989,8;988,8;;26,5;21;27,9;26,5;21,1;20,4;72;64;72;;;;
2026/05/29;0200 UTC;0;989,8;989,9;989,8;;25,6;21,9;26,5;25,6;22,1;21,1;80;72;80;;;;
2026/05/29;0300 UTC;0;989,8;989,8;989,8;;25,8;21,3;26;25,5;22;20,5;80;72;76;;;;
2026/05/29;0400 UTC;0;989,4;989,8;989,4;;25,1;21;25,8;25;21,6;20,8;81;76;78;;;;
2026/05/29;0500 UTC;0;988,7;989,4;988,7;;25,1;20,6;25,4;24,7;21,1;20,2;79;73;76;;;;
2026/05/29;0600 UTC;0;988,1;988,7;988,1;;24,5;20,3;25;24,1;21;20,3;82;76;78;;;;
2026/05/29;0700 UTC;0;988;988,1;988;;23,3;20,5;24,5;23,3;20,5;20,2;84;78;84;;;;
2026/05/29;0800 UTC;0;988,1;988,1;988;;22,7;20,9;23,3;22,7;21;20,4;90;84;90;;;;
2026/05/29;0900 UTC;0;989,2;989,2;988,1;25,1;22;20,6;23;22;21,2;20,4;92;88;92;;;;
2026/05/29;1000 UTC;0;989,7;989,7;989,2;;23;20,3;23;22;20,7;20,1;92;85;85;;;;
2026/05/29;1100 UTC;0;990,4;990,4;989,7;;27,1;20,1;27,2;23;21;18,9;85;62;66;;;;
2026/05/29;1200 UTC;0;991;991;990,4;;29,3;18,6;29,5;26,8;20,8;18,6;69;52;53;;;;
2026/05/29;1300 UTC;0;990,9;991,1;990,9;;30,3;19,5;30,3;29;19,6;18,6;56;51;53;;;;
2026/05/29;1400 UTC;0;990,6;990,9;990,6;;32,3;18,9;32,8;30,1;19,8;18,6;53;44;45;;;;
2026/05/29;1500 UTC;0;989,8;990,6;989,8;;34;19,1;34;32,1;19,2;18;46;41;42;;;;
2026/05/29;1600 UTC;0;988,9;989,8;988,9;;34;17,4;34,4;33;18,8;17,4;42;37;37;;;;
2026/05/29;1700 UTC;0;987,9;988,9;987,9;;34,9;18,3;34,9;33,5;18,4;17,2;40;37;38;;;;
2026/05/29;1800 UTC;0;987,2;987,9;987,2;;34,6;17,7;35,3;33,8;18,8;16,9;39;35;37;;;;
2026/05/29;1900 UTC;0;987;987,2;986,9;;34,5;17,7;35,2;33,9;18,5;17,4;39;36;37;;;;
2026/05/29;2000 UTC;0;987,3;987,3;986,9;;33,1;18,6;35,1;33;18,8;17,8;42;37;42;;;;
2026/05/29;2100 UTC;0;987,7;987,7;987,3;;31,6;19,2;33,4;31,6;19,4;18,3;48;41;48;;;;
2026/05/29;2200 UTC;0;988,2;988,2;987,7;;29,6;19;31,6;29,6;19,4;18,9;54;47;53;;;;
2026/05/29;2300 UTC;0;989;989;988,2;;28,2;19,6;29,7;28,2;19,7;18,9;60;52;60;;;;
2026/05/30;0000 UTC;0;989,9;989,9;989;;27,4;19,4;28,2;27,4;20,1;19,4;62;60;62;;;;
2026/05/30;0100 UTC;0;990,2;990,2;989,8;;26,4;20;27,4;26,2;20,1;19,4;69;62;68;;;;
2026/05/30;0200 UTC;0;990,6;990,7;990,2;;25,7;19,7;26,5;25,7;20,2;19,6;70;67;69;;;;
2026/05/30;0300 UTC;0;990,6;990,6;990,5;;25,3;19,5;25,7;25,3;19,7;19,3;71;69;70;;;;
2026/05/30;0400 UTC;0;990,5;990,8;990,5;;24,6;19,6;25,3;24,6;19,7;19,5;74;70;74;;;;
2026/05/30;0500 UTC;0;990;990,5;990;;24,7;19,5;24,9;24;20,5;19,4;80;72;73;;;;
2026/05/30;0600 UTC;0;989,3;990;989,3;;24,2;19,4;24,7;24,2;19,6;19,2;75;72;74;;;;
2026/05/30;0700 UTC;0;989,1;989,3;989,1;;23,1;19,3;24,2;23,1;19,6;19,2;81;74;79;;;;
2026/05/30;0800 UTC;0;989,3;989,3;989,1;;23,2;19,1;23,9;23,1;19,4;18,7;80;73;78;;;;
2026/05/30;0900 UTC;0;989,8;989,8;989,3;;22,7;19,5;23,2;22,7;19,8;19;83;77;82;;;;
2026/05/30;1000 UTC;0;990,2;990,2;989,8;;22,9;19,7;23,3;22,3;20,1;19,6;86;80;82;;;;
2026/05/30;1100 UTC;0;990,7;990,7;990,2;;26,3;18,7;26,3;22,9;20;18,4;82;63;63;;;;
2026/05/30;1200 UTC;0;991,4;991,4;990,7;;27,5;18,7;27,6;26,3;19,4;18,6;64;59;59;;;;
2026/05/30;1300 UTC;0;992;992,1;991,4;;29,4;18,5;29,6;27,4;18,9;18;59;51;52;;;;
2026/05/30;1400 UTC;0;992;992,1;992;;30,2;18,7;30,6;29,4;19,4;18,3;53;48;50;;;;
2026/05/30;1500 UTC;0;991,1;992;991,1;;31,8;18,8;32,2;30;19,7;18,8;51;46;46;;;;
2026/05/30;1600 UTC;0;990,2;991,1;990,2;;32,2;18,7;33,4;31,3;20;18,5;48;43;45;;;;
2026/05/30;1700 UTC;0;989,4;990,2;989,4;;33;18,1;34;32,2;19,5;18;47;40;41;;;;
2026/05/30;1800 UTC;0;988,8;989,4;988,8;;32,7;17,9;34,9;32,6;18,7;16,8;42;36;41;;;;
2026/05/30;1900 UTC;0;988,8;989;988,7;;32,2;18,6;32,8;32,1;18,8;17,4;45;40;45;;;;
2026/05/30;2000 UTC;0;988,8;988,9;988,7;;31,6;20,3;33,2;31,6;20,3;18,2;51;41;51;;;;
2026/05/30;2100 UTC;0;989,2;989,2;988,8;;29,4;20;31,7;29,4;20,6;19,9;57;51;57;;;;
2026/05/30;2200 UTC;0;989,4;989,4;989,2;;27,8;19,7;29,4;27,7;20,1;19,6;62;57;61;;;;
2026/05/30;2300 UTC;0;989,8;989,8;989,4;;27,1;18,8;27,9;26,9;19,7;18,5;63;59;60;;;;
2026/05/31;0000 UTC;0;990,3;990,3;989,8;;25,9;19,8;27,5;25,9;19,8;18;69;56;69;;;;
2026/05/31;0100 UTC;0;990,8;990,8;990,3;;24,9;19,6;25,9;24,9;20,2;19,4;74;69;73;;;;
2026/05/31;0200 UTC;0;990,9;990,9;990,8;;24,1;19,5;24,9;23,9;19,9;19,5;78;72;76;;;;
2026/05/31;0300 UTC;0;991;991;990,9;;23,8;18,9;24,7;23,6;19,5;18,8;76;71;74;;;;
2026/05/31;0400 UTC;0;990,9;991;990,9;;23,2;18,8;23,8;23,2;18,8;18,4;76;73;76;;;;
2026/05/31;0500 UTC;0;990,2;990,9;990,2;;22,7;19,2;23,2;22,7;19,4;18,7;82;77;81;;;;
2026/05/31;0600 UTC;0;990;990,2;989,9;;22,9;19;23,1;22,6;19,4;18,5;82;76;78;;;;
2026/05/31;0700 UTC;0;989,3;990;989,2;;22,7;18,8;23;22,5;19,4;18,7;82;78;79;;;;
2026/05/31;0800 UTC;0;989,5;989,5;989,3;;21,5;19,3;22,7;21,4;19,3;18,9;88;79;87;;;;
2026/05/31;0900 UTC;0;989,8;989,8;989,5;;21,1;19,2;21,6;20,9;19,2;19;90;86;89;;;;
2026/05/31;1000 UTC;0;990,5;990,5;989,8;;21,9;18,8;21,9;21,1;19,2;18,7;89;82;83;;;;
2026/05/31;1100 UTC;0;991,5;991,5;990,5;;24,6;19,2;24,8;21,8;19,3;18,6;83;70;72;;;;
2026/05/31;1200 UTC;0;992;992;991,5;;26,3;20,5;26,3;24,2;21,1;19,1;79;71;71;;;;
2026/05/31;1300 UTC;0;992,1;992,2;992;;29,9;18,5;29,9;26,3;20,8;18,4;71;51;51;;;;
2026/05/31;1400 UTC;0;991,4;992,1;991,4;;31,3;18,8;31,4;29,5;19,6;18,3;52;47;47;;;;
2026/05/31;1500 UTC;0;990,5;991,4;990,5;;32,2;18,6;32,5;30,9;19,3;18,4;49;44;45;;;;
2026/05/31;1600 UTC;0;989,2;990,5;989,2;;32,7;18,7;33,6;32,1;19,5;18;45;42;44;;;;
2026/05/31;1700 UTC;0;988,2;989,2;988,2;;33;19;33,9;32,6;19,6;18,7;45;42;44;;;;
2026/05/31;1800 UTC;0;987,5;988,2;987,5;;34,1;19,3;34,5;33;19,9;18,9;45;41;42;;;;
2026/05/31;1900 UTC;0;987,3;987,5;987,2;;32,6;19,4;34,1;32,6;19,6;18,9;46;41;46;;;;
2026/05/31;2000 UTC;0;987,5;987,5;987,3;;32,3;20,3;32,9;32,3;20,3;19,3;49;45;49;;;;
2026/05/31;2100 UTC;0;988;988;987,5;;31,1;20,7;32,3;31,1;20,8;20,3;54;49;54;;;;
2026/05/31;2200 UTC;0;988,8;988,8;988;;29,8;21,1;31,1;29,7;21,3;20,4;60;53;60;;;;
2026/05/31;2300 UTC;0;989,4;989,4;988,8;;29,2;21,5;29,8;29,1;22;21,1;66;60;64;;;;
